<TICKER>,<PER>,<DATE>,<TIME>,<OPEN>,<HIGH>,<LOW>,<CLOSE>,<VOL>,<OPENINT>
1AT,D,20150615,000000,15.631,15.631,15.347,15.347,61389,0
1AT,D,20150616,000000,15.332,15.347,15.063,15.232,57164,0
1AT,D,20150617,000000,15.205,15.561,14.92,15.411,36813,0
1AT,D,20150618,000000,15.347,15.411,15.276,15.382,39086,0
1AT,D,20150619,000000,15.411,15.411,15.133,15.205,11703,0
1AT,D,20150622,000000,15.318,15.318,15.219,15.227,3761,0
1AT,D,20150623,000000,15.227,15.312,15.027,15.276,36104,0
1AT,D,20150624,000000,15.276,15.276,14.267,15.183,22367,0
1AT,D,20150625,000000,15.178,15.268,14.92,15.268,4504,0
1AT,D,20150626,000000,14.92,15.232,14.573,15.191,31357,0
1AT,D,20150629,000000,14.601,14.92,14.601,14.92,298,0
1AT,D,20150630,000000,14.849,14.849,14.566,14.849,11709,0
1AT,D,20150701,000000,14.92,15.169,14.92,15.169,2815,0
1AT,D,20150702,000000,15.155,15.169,15.155,15.169,35328,0
1AT,D,20150703,000000,15.178,15.304,15.169,15.169,14274,0
1AT,D,20150706,000000,15.261,15.312,15.261,15.312,15592,0
1AT,D,20150707,000000,15.312,15.774,15.312,15.312,22967,0
1AT,D,20150708,000000,15.631,15.631,15.312,15.631,6375,0
1AT,D,20150709,000000,15.631,15.667,15.623,15.623,562,0
1AT,D,20150710,000000,15.631,15.631,15.347,15.623,1396,0
1AT,D,20150713,000000,15.667,15.667,15.49,15.623,841,0
1AT,D,20150714,000000,15.525,15.623,15.276,15.623,3800,0
1AT,D,20150715,000000,15.623,15.623,15.083,15.623,16759,0
1AT,D,20150716,000000,15.623,15.667,15.347,15.631,14241,0
1AT,D,20150717,000000,15.667,15.667,15.616,15.623,3978,0
1AT,D,20150720,000000,15.623,15.631,15.561,15.561,14131,0
1AT,D,20150721,000000,15.561,15.623,15.553,15.623,8285,0
1AT,D,20150722,000000,15.631,15.631,15.49,15.49,436,0
1AT,D,20150723,000000,15.61,15.631,15.61,15.631,4098,0
1AT,D,20150724,000000,15.276,15.83,15.276,15.83,247,0
1AT,D,20150727,000000,15.71,15.71,15.631,15.631,405,0
1AT,D,20150728,000000,15.631,15.631,15.631,15.631,13,0
1AT,D,20150729,000000,15.616,15.616,15.616,15.616,13,0
1AT,D,20150730,000000,15.347,15.616,15.347,15.616,99,0
1AT,D,20150731,000000,15.61,15.61,15.61,15.61,13,0
1AT,D,20150803,000000,15.382,15.382,14.352,15.212,2620,0
1AT,D,20150804,000000,15.133,15.133,14.991,15.133,2563,0
1AT,D,20150805,000000,15.205,15.532,15.205,15.532,2323,0
1AT,D,20150806,000000,15.532,15.532,15.532,15.532,321,0
1AT,D,20150807,000000,15.418,15.525,15.418,15.475,226,0
1AT,D,20150810,000000,15.532,15.532,15.475,15.475,28,0
1AT,D,20150811,000000,15.418,15.532,15.418,15.49,740,0
1AT,D,20150812,000000,15.49,15.49,15.063,15.481,570,0
1AT,D,20150813,000000,15.481,15.481,15.276,15.276,148,0
1AT,D,20150814,000000,15.276,15.49,15.276,15.49,7485,0
1AT,D,20150817,000000,15.532,15.532,15.532,15.532,6,0
1AT,D,20150818,000000,15.51,15.51,14.395,15.461,5050,0
1AT,D,20150819,000000,14.735,15.454,14.735,15.44,759,0
1AT,D,20150820,000000,15.432,15.432,15.312,15.312,738,0
1AT,D,20150821,000000,15.432,15.432,15.432,15.432,141,0
1AT,D,20150824,000000,15.432,15.432,14.566,15.39,8364,0
1AT,D,20150825,000000,15.197,15.347,15.197,15.34,4224,0
1AT,D,20150827,000000,15.133,15.268,14.92,15.268,1045,0
1AT,D,20150828,000000,15.133,15.268,14.508,15.268,5888,0
1AT,D,20150831,000000,14.493,15.34,14.493,15.34,5072,0
1AT,D,20150901,000000,15.354,15.354,14.566,15.34,10241,0
1AT,D,20150902,000000,15.332,15.411,14.92,15.411,15170,0
1AT,D,20150903,000000,15.411,15.596,14.991,15.596,269615,0
1AT,D,20150907,000000,15.581,15.581,15.581,15.581,85,0
1AT,D,20150908,000000,15.276,15.468,15.276,15.468,194,0
1AT,D,20150909,000000,15.481,15.481,15.475,15.475,1696,0
1AT,D,20150910,000000,15.205,15.561,15.205,15.561,3022,0
1AT,D,20150911,000000,15.538,15.538,15.525,15.525,1282,0
1AT,D,20150914,000000,15.517,15.517,15.49,15.504,406,0
1AT,D,20150915,000000,15.481,15.481,14.601,14.707,1954,0
1AT,D,20150916,000000,15.069,15.069,14.778,14.778,1169,0
1AT,D,20150917,000000,14.92,14.92,14.92,14.92,141,0
1AT,D,20150918,000000,15.063,15.063,14.92,14.92,12,0
1AT,D,20150921,000000,14.92,15.063,14.92,15.063,24290,0
1AT,D,20150922,000000,15.063,15.297,15.063,15.268,57373,0
1AT,D,20150923,000000,15.261,15.261,15.261,15.261,70,0
1AT,D,20150924,000000,15.227,15.227,15.227,15.227,13,0
1AT,D,20150928,000000,14.636,15.127,14.636,15.063,3244,0
1AT,D,20150929,000000,15.063,15.063,15.063,15.063,558,0
1AT,D,20150930,000000,14.493,15.461,14.493,15.461,10702,0
1AT,D,20151001,000000,15.461,15.461,15.461,15.461,993,0
1AT,D,20151002,000000,15.276,15.276,15.276,15.276,155,0
1AT,D,20151005,000000,15.276,15.276,14.92,15.276,4007,0
1AT,D,20151006,000000,15.418,15.418,15.411,15.411,1099,0
1AT,D,20151007,000000,15.411,15.411,14.92,15.411,48499,0
1AT,D,20151008,000000,15.411,15.411,14.964,15.133,20340,0
1AT,D,20151009,000000,15.411,15.411,15.276,15.276,782,0
1AT,D,20151012,000000,15.276,15.276,14.929,15.276,28283,0
1AT,D,20151013,000000,15.34,15.34,15.34,15.34,288,0
1AT,D,20151014,000000,14.929,15.347,14.929,15.347,478,0
1AT,D,20151015,000000,15.347,15.418,15.347,15.418,12690,0
1AT,D,20151016,000000,15.347,15.44,15.347,15.44,422,0
1AT,D,20151019,000000,15.461,15.461,15.461,15.461,6,0
1AT,D,20151020,000000,15.461,15.461,15.461,15.461,115,0
1AT,D,20151021,000000,15.454,15.454,15.454,15.454,579,0
1AT,D,20151022,000000,15.454,15.454,14.92,15.418,8537,0
1AT,D,20151023,000000,15.418,15.418,15.418,15.418,658,0
1AT,D,20151026,000000,15.425,15.454,15.347,15.454,2691,0
1AT,D,20151027,000000,15.418,15.49,15.347,15.49,8395,0
1AT,D,20151028,000000,15.525,15.525,15.525,15.525,280,0
1AT,D,20151029,000000,15.382,15.61,15.276,15.61,4916,0
1AT,D,20151030,000000,15.49,15.986,15.49,15.986,7984,0
1AT,D,20151102,000000,15.986,15.986,15.986,15.986,75,0
1AT,D,20151103,000000,15.95,15.978,15.631,15.964,1120,0
1AT,D,20151104,000000,15.958,15.958,15.631,15.631,722,0
1AT,D,20151105,000000,15.631,15.631,15.29,15.354,2766,0
1AT,D,20151106,000000,15.553,15.553,15.063,15.169,2165,0
1AT,D,20151110,000000,15.178,15.178,15.133,15.133,10615,0
1AT,D,20151112,000000,15.133,15.133,15.133,15.133,323,0
1AT,D,20151113,000000,15.133,15.178,15.133,15.178,1492,0
1AT,D,20151116,000000,15.063,15.276,13.641,15.276,14186,0
1AT,D,20151117,000000,15.24,15.276,15.24,15.276,1520,0
1AT,D,20151118,000000,15.532,15.532,15.532,15.532,32,0
1AT,D,20151119,000000,15.276,15.276,15.268,15.276,679,0
1AT,D,20151120,000000,15.276,15.276,14.778,15.276,8065,0
1AT,D,20151123,000000,15.361,15.532,15.361,15.532,1242,0
1AT,D,20151124,000000,15.49,15.61,14.92,15.61,8940,0
1AT,D,20151125,000000,15.616,15.631,15.227,15.596,493,0
1AT,D,20151126,000000,15.631,15.631,15.418,15.631,11448,0
1AT,D,20151127,000000,15.631,15.702,15.49,15.702,25824,0
1AT,D,20151130,000000,15.695,15.702,15.454,15.702,14227,0
1AT,D,20151201,000000,15.702,15.702,15.702,15.702,21125,0
1AT,D,20151202,000000,15.695,15.695,15.695,15.695,281,0
1AT,D,20151203,000000,15.133,15.623,15.133,15.623,4203,0
1AT,D,20151204,000000,15.623,15.623,15.133,15.61,8108,0
1AT,D,20151207,000000,15.61,15.61,15.61,15.61,13,0
1AT,D,20151208,000000,15.61,15.61,15.297,15.587,1181,0
1AT,D,20151209,000000,15.561,15.561,15.382,15.49,37280,0
1AT,D,20151210,000000,15.49,15.49,15.133,15.49,1446,0
1AT,D,20151211,000000,15.169,15.205,14.92,14.978,15157,0
1AT,D,20151214,000000,14.778,15.268,14.778,15.268,774,0
1AT,D,20151215,000000,15.418,15.446,14.566,14.991,12041,0
1AT,D,20151216,000000,15.041,15.49,14.281,15.49,14041,0
1AT,D,20151217,000000,14.828,15.276,14.778,15.183,17127,0
1AT,D,20151218,000000,15.133,15.276,14.884,15.276,4505,0
1AT,D,20151221,000000,14.884,15.276,14.884,14.906,17625,0
1AT,D,20151222,000000,14.899,14.906,14.707,14.906,5816,0
1AT,D,20151223,000000,15.063,15.481,15.063,15.481,4224,0
1AT,D,20151228,000000,15.481,15.481,14.75,15.481,35554,0
1AT,D,20151229,000000,14.942,15.468,14.92,15.347,25479,0
1AT,D,20151230,000000,15.34,15.34,15.34,15.34,85,0
1AT,D,20160104,000000,15.34,15.34,14.849,14.849,20715,0
1AT,D,20160105,000000,14.849,14.849,14.849,14.849,563,0
1AT,D,20160107,000000,14.878,14.92,14.68,14.742,46896,0
1AT,D,20160108,000000,14.742,14.92,14.473,14.7,13629,0
1AT,D,20160111,000000,14.608,14.608,14.423,14.566,6322,0
1AT,D,20160112,000000,14.707,14.707,13.925,14.317,8497,0
1AT,D,20160113,000000,14.636,14.636,14.21,14.21,2230,0
1AT,D,20160114,000000,14.48,14.48,13.925,14.068,3826,0
1AT,D,20160115,000000,14.189,14.195,14.174,14.174,381,0
1AT,D,20160118,000000,13.641,14.068,13.5,13.998,15731,0
1AT,D,20160119,000000,13.677,13.998,13.677,13.998,1334,0
1AT,D,20160120,000000,13.854,13.99,13.72,13.854,6335,0
1AT,D,20160121,000000,13.854,13.854,13.641,13.72,5473,0
1AT,D,20160122,000000,13.549,13.72,13.5,13.72,4072,0
1AT,D,20160125,000000,13.99,13.99,13.145,13.641,3665,0
1AT,D,20160126,000000,13.648,14.21,13.038,14.21,67740,0
1AT,D,20160127,000000,14.174,14.566,14.174,14.566,19027,0
1AT,D,20160128,000000,15.034,15.119,14.458,15.063,5734,0
1AT,D,20160129,000000,15.24,15.24,14.58,14.58,18581,0
1AT,D,20160201,000000,15.027,15.027,14.814,14.814,2846,0
1AT,D,20160202,000000,14.956,14.956,14.778,14.778,177,0
1AT,D,20160203,000000,14.77,14.77,14.125,14.125,7803,0
1AT,D,20160204,000000,14.118,14.551,14.103,14.551,3153,0
1AT,D,20160205,000000,14.566,14.566,14.352,14.493,1666,0
1AT,D,20160208,000000,14.493,14.68,13.777,13.777,6342,0
1AT,D,20160209,000000,14.125,14.125,13.492,13.492,6883,0
1AT,D,20160210,000000,13.713,13.713,13.5,13.514,215842,0
1AT,D,20160211,000000,13.699,13.699,13.237,13.599,386,0
1AT,D,20160212,000000,13.691,13.799,13.67,13.799,488,0
1AT,D,20160215,000000,13.805,14.061,13.684,14.061,2892,0
1AT,D,20160216,000000,14.118,14.202,13.585,13.763,9712,0
1AT,D,20160217,000000,13.763,14.238,13.763,14.21,4359,0
1AT,D,20160218,000000,14.573,14.616,14.529,14.566,4236,0
1AT,D,20160219,000000,14.842,14.842,14.21,14.493,5689,0
1AT,D,20160222,000000,14.906,14.906,14.423,14.566,5833,0
1AT,D,20160223,000000,14.899,14.899,14.566,14.566,4727,0
1AT,D,20160224,000000,14.893,14.899,14.7,14.707,4236,0
1AT,D,20160225,000000,14.899,14.899,14.288,14.693,6905,0
1AT,D,20160226,000000,14.828,14.914,14.296,14.487,9670,0
1AT,D,20160229,000000,14.821,14.92,14.387,14.92,10760,0
1AT,D,20160301,000000,14.92,15.276,14.601,15.048,8342,0
1AT,D,20160302,000000,15.212,15.403,15.212,15.276,8652,0
1AT,D,20160303,000000,15.481,15.481,14.998,15.268,1352,0
1AT,D,20160304,000000,15.446,15.446,15.446,15.446,13,0
1AT,D,20160307,000000,15.454,15.454,14.92,15.268,1513,0
1AT,D,20160308,000000,15.255,15.255,14.92,14.92,2642,0
1AT,D,20160309,000000,14.899,14.92,14.793,14.92,28235,0
1AT,D,20160310,000000,14.914,14.92,14.914,14.914,28,0
1AT,D,20160311,000000,14.914,14.914,14.387,14.914,367,0
1AT,D,20160314,000000,14.914,15.063,14.914,15.055,336,0
1AT,D,20160315,000000,15.034,15.034,15.034,15.034,6,0
1AT,D,20160316,000000,15.027,15.027,14.956,14.956,225,0
1AT,D,20160317,000000,15.019,15.019,15.019,15.019,6,0
1AT,D,20160318,000000,14.948,14.956,14.757,14.956,1846,0
1AT,D,20160321,000000,15.034,15.034,15.034,15.034,13,0
1AT,D,20160322,000000,15.027,15.034,14.929,15.034,522,0
1AT,D,20160323,000000,15.034,15.034,15.034,15.034,13,0
1AT,D,20160324,000000,15.027,15.027,15.027,15.027,92,0
1AT,D,20160329,000000,15.006,15.183,14.529,15.183,1514,0
1AT,D,20160330,000000,15.119,15.283,14.58,15.283,2977,0
1AT,D,20160331,000000,15.312,15.312,14.31,14.991,64921,0
1AT,D,20160401,000000,15.312,15.845,14.608,15.845,32328,0
1AT,D,20160404,000000,15.623,15.915,15.623,15.702,1147,0
1AT,D,20160405,000000,15.73,15.774,15.083,15.774,2173,0
1AT,D,20160406,000000,15.809,15.845,15.49,15.845,7073,0
1AT,D,20160407,000000,15.845,15.845,15.845,15.845,13,0
1AT,D,20160408,000000,15.845,15.845,15.845,15.845,6,0
1AT,D,20160411,000000,15.809,15.809,15.774,15.774,548,0
1AT,D,20160412,000000,15.766,15.774,15.766,15.774,128,0
1AT,D,20160413,000000,15.631,15.631,15.631,15.631,1277,0
1AT,D,20160414,000000,15.766,15.766,15.738,15.738,72,0
1AT,D,20160415,000000,15.738,15.978,15.49,15.978,15870,0
1AT,D,20160418,000000,15.978,15.978,15.978,15.978,13,0
1AT,D,20160419,000000,15.915,15.915,15.83,15.845,1563,0
1AT,D,20160420,000000,15.845,16.903,15.795,16.839,40231,0
1AT,D,20160421,000000,16.839,16.882,16.349,16.882,25662,0
1AT,D,20160422,000000,16.882,17.194,16.69,17.052,28846,0
1AT,D,20160425,000000,16.697,17.052,16.697,17.052,4754,0
1AT,D,20160426,000000,17.052,17.684,17.002,17.052,15227,0
1AT,D,20160427,000000,17.052,17.158,17.052,17.158,875,0
1AT,D,20160428,000000,17.052,17.406,16.839,17.406,40664,0
1AT,D,20160429,000000,17.406,17.536,17.03,17.528,38431,0
1AT,D,20160502,000000,17.55,17.55,17.55,17.55,13,0
1AT,D,20160504,000000,17.542,17.542,17.194,17.194,31572,0
1AT,D,20160505,000000,17.478,17.478,16.839,17.194,7218,0
1AT,D,20160506,000000,17.301,17.301,16.988,17.301,17683,0
1AT,D,20160509,000000,17.301,17.322,17.108,17.322,15158,0
1AT,D,20160510,000000,17.406,17.443,17.237,17.357,9129,0
1AT,D,20160511,000000,17.663,17.663,17.428,17.428,1372,0
1AT,D,20160512,000000,17.536,17.536,17.422,17.478,11856,0
1AT,D,20160513,000000,17.471,17.614,17.088,17.614,7446,0
1AT,D,20160516,000000,17.606,17.606,17.606,17.606,633,0
1AT,D,20160517,000000,17.542,17.542,17.13,17.406,8850,0
1AT,D,20160518,000000,17.478,17.478,17.272,17.406,4098,0
1AT,D,20160519,000000,17.4,17.586,17.202,17.586,7206,0
1AT,D,20160520,000000,17.478,17.749,17.478,17.749,18455,0
1AT,D,20160523,000000,17.763,18.388,17.763,17.833,9923,0
1AT,D,20160524,000000,17.919,18.104,17.698,17.727,17478,0
1AT,D,20160525,000000,17.833,17.904,17.691,17.763,12325,0
1AT,D,20160527,000000,17.763,18.188,17.763,18.188,1242,0
1AT,D,20160530,000000,18.331,18.331,17.194,18.019,12064,0
1AT,D,20160531,000000,17.763,18.472,17.763,18.472,7989,0
1AT,D,20160601,000000,18.331,18.331,17.627,17.763,7562,0
1AT,D,20160602,000000,17.834,17.834,17.406,17.406,2194,0
1AT,D,20160603,000000,17.406,17.406,16.71,16.71,8007,0
1AT,D,20160606,000000,16.533,17.08,16.199,16.697,70914,0
1AT,D,20160607,000000,16.697,17.009,16.626,16.691,1671,0
1AT,D,20160608,000000,16.889,16.889,16.27,16.27,2035,0
1AT,D,20160609,000000,16.753,16.753,16.058,16.448,3631,0
1AT,D,20160610,000000,16.967,16.967,16.691,16.691,2821,0
1AT,D,20160613,000000,16.91,16.91,16.697,16.697,68,0
1AT,D,20160614,000000,16.777,17.076,16.777,17.076,445,0
1AT,D,20160615,000000,17.076,17.44,17.069,17.156,84,0
1AT,D,20160616,000000,17.156,17.506,17.156,17.506,712,0
1AT,D,20160617,000000,16.865,17.652,16.865,17.652,2763,0
1AT,D,20160620,000000,17.506,17.945,16.777,17.945,9914,0
1AT,D,20160621,000000,17.945,17.945,17.936,17.936,838,0
1AT,D,20160622,000000,17.879,18.236,17.506,18.236,6143,0
1AT,D,20160623,000000,18.236,18.454,17.871,17.945,2214,0
1AT,D,20160624,000000,17.799,17.871,16.164,17.835,2364,0
1AT,D,20160627,000000,17.799,17.799,17.784,17.799,242,0
1AT,D,20160628,000000,17.799,17.799,17.799,17.799,13,0
1AT,D,20160629,000000,17.784,17.799,17.777,17.799,15076,0
1AT,D,20160630,000000,18.149,18.149,17.368,17.506,35829,0
1AT,D,20160701,000000,17.799,17.799,17.149,17.799,14129,0
1AT,D,20160704,000000,17.791,17.791,17.791,17.791,6,0
1AT,D,20160705,000000,17.652,17.791,17.258,17.791,892,0
1AT,D,20160706,000000,17.784,17.784,17.784,17.784,6,0
1AT,D,20160707,000000,17.784,17.784,17.368,17.725,299,0
1AT,D,20160708,000000,17.725,17.725,17.397,17.725,268,0
1AT,D,20160711,000000,17.688,17.777,17.688,17.777,83,0
1AT,D,20160712,000000,17.777,17.784,17.777,17.784,34,0
1AT,D,20160713,000000,17.784,17.784,17.506,17.777,123,0
1AT,D,20160714,000000,17.784,17.784,17.784,17.784,13,0
1AT,D,20160715,000000,17.784,17.784,17.769,17.784,123,0
1AT,D,20160718,000000,17.725,17.784,17.725,17.784,331,0
1AT,D,20160719,000000,17.748,17.784,17.36,17.718,1352,0
1AT,D,20160720,000000,17.704,17.704,17.631,17.631,80,0
1AT,D,20160721,000000,17.608,17.608,17.36,17.506,582,0
1AT,D,20160722,000000,17.506,17.506,17.5,17.5,99,0
1AT,D,20160725,000000,17.477,17.784,17.069,17.784,4077,0
1AT,D,20160726,000000,17.784,17.784,17.375,17.733,6422,0
1AT,D,20160727,000000,17.777,17.777,17.083,17.725,73638,0
1AT,D,20160728,000000,17.725,17.725,17.506,17.506,27421,0
1AT,D,20160729,000000,17.506,17.506,17.193,17.193,39,0
1AT,D,20160801,000000,17.156,17.156,17.112,17.127,1084,0
1AT,D,20160802,000000,17.754,17.754,16.602,17.725,284,0
1AT,D,20160803,000000,17.383,17.383,17.383,17.383,1,0
1AT,D,20160804,000000,16.923,17.5,16.602,17.5,7765,0
1AT,D,20160805,000000,17.506,17.506,17.106,17.506,3383,0
1AT,D,20160808,000000,17.762,17.762,17.506,17.725,136,0
1AT,D,20160809,000000,17.762,17.762,17.725,17.725,152,0
1AT,D,20160810,000000,17.762,17.784,17.288,17.784,5244,0
1AT,D,20160811,000000,17.645,17.784,17.309,17.725,595,0
1AT,D,20160812,000000,17.725,17.784,17.332,17.784,3802,0
1AT,D,20160816,000000,17.784,17.871,17.5,17.865,6639,0
1AT,D,20160817,000000,17.865,17.865,17.799,17.82,2758,0
1AT,D,20160818,000000,17.82,18.127,17.82,17.871,9521,0
1AT,D,20160819,000000,17.871,18.2,17.871,18.119,2809,0
1AT,D,20160822,000000,18.2,18.236,18.163,18.236,2857,0
1AT,D,20160823,000000,18.236,18.374,17.879,18.374,3373,0
1AT,D,20160824,000000,18.747,18.747,18.309,18.747,2951,0
1AT,D,20160825,000000,18.95,19.373,18.95,19.373,2256,0
1AT,D,20160826,000000,20.052,20.052,18.645,18.95,5405,0
1AT,D,20160829,000000,19.322,19.403,18.674,18.674,20477,0
1AT,D,20160830,000000,18.98,18.98,18.236,18.885,29756,0
1AT,D,20160831,000000,19.33,19.33,18.608,18.965,36182,0
1AT,D,20160901,000000,18.929,18.929,18.528,18.528,817,0
1AT,D,20160902,000000,19.111,19.111,19.111,19.111,6,0
1AT,D,20160905,000000,18.965,18.965,18.965,18.965,2114,0
1AT,D,20160906,000000,18.965,18.965,18.674,18.915,2717,0
1AT,D,20160907,000000,18.856,18.965,18.528,18.893,71170,0
1AT,D,20160908,000000,18.893,18.893,18.382,18.601,1435,0
1AT,D,20160909,000000,18.834,18.834,18.382,18.601,1357,0
1AT,D,20160912,000000,18.747,18.747,18.462,18.711,647,0
1AT,D,20160913,000000,18.711,18.893,18.382,18.893,8185,0
1AT,D,20160914,000000,18.856,18.929,18.739,18.929,2315,0
1AT,D,20160915,000000,18.929,19.067,18.893,19.067,1935,0
1AT,D,20160916,000000,19.177,19.177,19.038,19.067,2489,0
1AT,D,20160919,000000,19.213,19.213,18.965,19.184,302,0
1AT,D,20160920,000000,18.965,19.177,18.819,18.965,753,0
1AT,D,20160921,000000,19.213,19.213,18.601,19.184,36,0
1AT,D,20160922,000000,18.965,19.14,18.965,18.965,18679,0
1AT,D,20160923,000000,19.213,19.213,19.184,19.184,344,0
1AT,D,20160926,000000,19.184,19.184,19.184,19.184,2056,0
1AT,D,20160927,000000,19.177,19.177,18.965,18.965,7408,0
1AT,D,20160928,000000,19.148,19.184,18.601,19.184,3433,0
1AT,D,20160929,000000,19.184,19.184,19.024,19.024,549,0
1AT,D,20160930,000000,19.184,19.184,19.148,19.148,365,0
1AT,D,20161003,000000,19.148,19.184,18.484,19.184,4410,0
1AT,D,20161004,000000,19.169,19.169,18.682,18.965,70752,0
1AT,D,20161005,000000,19.148,19.184,18.965,19.184,153911,0
1AT,D,20161006,000000,19.184,20.387,18.674,20.242,18384,0
1AT,D,20161007,000000,20.38,20.38,19.512,19.621,3239,0
1AT,D,20161010,000000,19.695,19.695,19.548,19.695,1939,0
1AT,D,20161011,000000,19.957,20.095,19.731,19.957,2020,0
1AT,D,20161012,000000,19.957,20.06,19.709,20.06,7519,0
1AT,D,20161013,000000,20.06,20.06,20.044,20.06,2767,0
1AT,D,20161014,000000,20.06,20.06,19.986,20.06,2748,0
1AT,D,20161017,000000,20.84,20.84,20.117,20.351,3261,0
1AT,D,20161018,000000,20.424,20.832,19.767,20.351,5132,0
1AT,D,20161019,000000,20.825,20.825,20.387,20.562,5141,0
1AT,D,20161020,000000,20.424,20.424,20.206,20.417,508,0
1AT,D,20161021,000000,20.424,20.424,19.767,19.767,14182,0
1AT,D,20161024,000000,20.271,20.417,19.767,19.912,77065,0
1AT,D,20161025,000000,20.06,20.351,19.841,20.126,3826,0
1AT,D,20161026,000000,20.126,20.126,19.841,19.978,5793,0
1AT,D,20161027,000000,19.978,20.351,19.877,20.256,3588,0
1AT,D,20161028,000000,20.256,20.256,19.847,19.906,100197,0
1AT,D,20161031,000000,20.06,20.3,20.06,20.06,19405,0
1AT,D,20161102,000000,20.343,20.343,20.343,20.343,10,0
1AT,D,20161103,000000,20.343,20.343,18.601,19.695,1072,0
1AT,D,20161104,000000,18.965,19.687,18.965,19.687,2112,0
1AT,D,20161107,000000,19.687,19.687,19.687,19.687,6,0
1AT,D,20161108,000000,19.687,19.687,18.987,19.658,96,0
1AT,D,20161109,000000,19.33,19.695,19.33,19.695,247,0
1AT,D,20161110,000000,19.695,19.695,19.687,19.687,556,0
1AT,D,20161114,000000,19.687,19.687,19.68,19.68,1213,0
1AT,D,20161115,000000,19.68,20.06,19.41,19.695,124689,0
1AT,D,20161116,000000,20.052,20.052,19.038,19.695,1388,0
1AT,D,20161117,000000,19.841,20.06,19.701,20.06,23480,0
1AT,D,20161118,000000,20.052,20.06,20.023,20.06,461,0
1AT,D,20161121,000000,20.286,20.286,19.57,20.015,27607,0
1AT,D,20161122,000000,19.986,19.986,19.709,19.972,307,0
1AT,D,20161123,000000,20.263,20.263,19.804,20.044,996,0
1AT,D,20161124,000000,20.197,20.197,20.044,20.06,1213,0
1AT,D,20161125,000000,20.06,20.06,20.052,20.06,1140,0
1AT,D,20161128,000000,20.06,20.06,19.038,19.701,4169,0
1AT,D,20161129,000000,20.029,20.263,19.841,20.197,4774,0
1AT,D,20161130,000000,20.263,20.424,20.132,20.424,10260,0
1AT,D,20161201,000000,20.935,20.935,20.277,20.277,1977,0
1AT,D,20161202,000000,20.642,20.642,20.351,20.351,2232,0
1AT,D,20161205,000000,20.665,20.665,20.06,20.497,23730,0
1AT,D,20161206,000000,20.504,22.518,20.468,22.511,7882,0
1AT,D,20161207,000000,22.511,22.511,21.518,22.102,4187,0
1AT,D,20161208,000000,22.174,22.174,21.343,21.883,15694,0
1AT,D,20161209,000000,22.029,23.182,21.883,23.108,306646,0
1AT,D,20161212,000000,23.174,23.211,23.05,23.05,2672,0
1AT,D,20161213,000000,22.977,22.977,22.759,22.832,2661,0
1AT,D,20161214,000000,22.832,22.832,22.613,22.832,1299,0
1AT,D,20161215,000000,22.832,22.832,22.759,22.759,1529,0
1AT,D,20161216,000000,22.832,22.832,21.963,22.32,1351,0
1AT,D,20161219,000000,22.102,22.102,21.38,21.869,482,0
1AT,D,20161220,000000,21.883,21.956,20.57,21.846,2784,0
1AT,D,20161221,000000,21.876,21.876,21.387,21.839,1247,0
1AT,D,20161222,000000,21.839,21.839,20.862,21.722,870,0
1AT,D,20161223,000000,21.365,21.628,21.365,21.628,1282,0
1AT,D,20161227,000000,21.665,21.665,21.408,21.649,287,0
1AT,D,20161228,000000,21.649,21.649,21.649,21.649,2,0
1AT,D,20161229,000000,21.649,21.649,21.649,21.649,2,0
1AT,D,20161230,000000,21.649,21.649,20.869,20.869,25493,0
1AT,D,20170102,000000,20.862,21.518,20.424,20.424,3562,0
1AT,D,20170103,000000,20.949,20.972,20.431,20.789,10195,0
1AT,D,20170104,000000,20.789,21.277,20.789,21,117765,0
1AT,D,20170105,000000,21.146,21.146,20.511,20.511,34607,0
1AT,D,20170109,000000,20.424,21.007,20.424,20.57,8770,0
1AT,D,20170110,000000,21,21,20.781,20.789,26453,0
1AT,D,20170111,000000,20.972,21,20.206,20.387,16572,0
1AT,D,20170112,000000,20.387,20.387,19.949,20.06,8632,0
1AT,D,20170113,000000,20.277,20.57,20.277,20.424,33129,0
1AT,D,20170116,000000,20.862,21.066,20.642,21.066,7555,0
1AT,D,20170117,000000,21.832,21.832,20.65,21.773,989,0
1AT,D,20170118,000000,21.773,21.773,20.898,21.168,376,0
1AT,D,20170119,000000,21.621,21.737,21.591,21.737,2233,0
1AT,D,20170120,000000,21.883,22.204,21.883,21.883,1701,0
1AT,D,20170123,000000,22.094,22.102,21.883,21.883,517,0
1AT,D,20170124,000000,21.737,21.766,21.314,21.314,1754,0
1AT,D,20170125,000000,21.569,21.569,20.789,21.291,24959,0
1AT,D,20170126,000000,21.3,21.701,20.862,21.023,30461,0
1AT,D,20170127,000000,21.023,21.023,20.642,20.789,2555,0
1AT,D,20170130,000000,21.007,21.007,20.424,20.424,76984,0
1AT,D,20170131,000000,20.607,22.576,20.431,22.576,280329,0
1AT,D,20170201,000000,22.539,22.539,21.81,22.197,15819,0
1AT,D,20170202,000000,22.451,22.451,21.525,21.525,9173,0
1AT,D,20170203,000000,21.525,21.81,21.154,21.154,1900,0
1AT,D,20170206,000000,21.154,21.154,20.796,21.154,15362,0
1AT,D,20170207,000000,21.154,21.154,20.972,21.154,45770,0
1AT,D,20170208,000000,21.154,21.876,21.154,21.876,7455,0
1AT,D,20170209,000000,21.16,22.32,21.16,21.883,217230,0
1AT,D,20170210,000000,22.094,22.094,21.445,21.883,1538,0
1AT,D,20170213,000000,21.408,22.32,21.408,22.32,13923,0
1AT,D,20170214,000000,22.32,22.32,21.883,22.219,2266,0
1AT,D,20170215,000000,21.883,22.219,21.445,21.665,4058,0
1AT,D,20170216,000000,21.737,23.174,21.54,22.977,97031,0
1AT,D,20170217,000000,22.502,22.97,22.138,22.174,1472,0
1AT,D,20170220,000000,22.102,22.248,21.883,22.131,7771,0
1AT,D,20170221,000000,22.248,23.123,21.591,23.123,23301,0
1AT,D,20170222,000000,22.977,22.977,22.328,22.328,2445,0
1AT,D,20170223,000000,22.613,22.613,22.029,22.248,51314,0
1AT,D,20170224,000000,22.817,22.963,21.956,22.613,5469,0
1AT,D,20170227,000000,22.97,23.232,22.248,23.232,7020,0
1AT,D,20170228,000000,23.232,23.342,22.613,23.342,27179,0
1AT,D,20170301,000000,23.232,23.232,22.693,23.232,15465,0
1AT,D,20170302,000000,23.232,23.232,22.904,23.211,1239,0
1AT,D,20170303,000000,23.232,23.232,22.904,23.232,3114,0
1AT,D,20170306,000000,23.232,23.232,23.197,23.232,1842,0
1AT,D,20170307,000000,23.197,23.232,22.977,23.232,1865,0
1AT,D,20170308,000000,23.232,23.232,22.81,22.81,93,0
1AT,D,20170309,000000,21.861,22.876,21.861,22.876,1303,0
1AT,D,20170310,000000,22.876,22.876,22.876,22.876,536,0
1AT,D,20170313,000000,22.876,23.269,22.502,23.269,1344,0
1AT,D,20170314,000000,23.269,23.342,22.977,23.342,4063,0
1AT,D,20170315,000000,23.736,23.962,23.707,23.736,1723,0
1AT,D,20170316,000000,23.744,23.955,23.744,23.779,1958,0
1AT,D,20170317,000000,23.955,24.211,23.955,24.211,7263,0
1AT,D,20170320,000000,24.211,24.291,22.722,23.998,4820,0
1AT,D,20170321,000000,23.998,23.998,23.342,23.998,4308,0
1AT,D,20170322,000000,23.481,23.488,22.32,23.05,20366,0
1AT,D,20170323,000000,23.736,23.998,23.707,23.707,10977,0
1AT,D,20170324,000000,23.998,23.998,23.707,23.955,1175,0
1AT,D,20170327,000000,23.998,23.998,23.707,23.955,351,0
1AT,D,20170328,000000,23.699,23.707,23.562,23.707,1994,0
1AT,D,20170329,000000,23.81,23.81,23.81,23.81,709,0
1AT,D,20170330,000000,23.707,23.707,23.342,23.707,13102,0
1AT,D,20170331,000000,23.816,23.881,23.182,23.853,18888,0
1AT,D,20170403,000000,23.853,23.853,23.204,23.379,9687,0
1AT,D,20170404,000000,23.853,23.853,23.094,23.539,6403,0
1AT,D,20170405,000000,23.547,23.547,23.269,23.539,1248,0
1AT,D,20170406,000000,23.707,23.707,23.539,23.707,5066,0
1AT,D,20170407,000000,23.89,26.259,23.89,25.449,54740,0
1AT,D,20170410,000000,25.53,26.165,25.53,25.763,11528,0
1AT,D,20170411,000000,25.749,26.106,25.53,26.004,8702,0
1AT,D,20170412,000000,26.004,26.004,25.712,25.968,1950,0
1AT,D,20170413,000000,26.004,26.004,25.821,25.997,1729,0
1AT,D,20170418,000000,25.821,26.004,25.821,25.968,12105,0
1AT,D,20170419,000000,25.997,25.997,25.749,25.786,11728,0
1AT,D,20170420,000000,25.931,26.88,25.895,26.697,99155,0
1AT,D,20170421,000000,26.8,26.8,26.624,26.77,5835,0
1AT,D,20170424,000000,27.179,27.186,26.77,27.062,12234,0
1AT,D,20170425,000000,27.062,27.062,26.843,27.062,5687,0
1AT,D,20170426,000000,27.171,27.646,26.405,27.142,91340,0
1AT,D,20170427,000000,27.31,27.712,27.186,27.521,23835,0
1AT,D,20170428,000000,27.941,28.445,27.185,28.101,16213,0
1AT,D,20170502,000000,28.094,28.094,27.697,27.788,5900,0
1AT,D,20170504,000000,27.521,28.171,27.521,28.171,2163,0
1AT,D,20170505,000000,28.171,28.171,27.636,27.827,1831,0
1AT,D,20170508,000000,27.941,28.018,26.758,26.956,4366,0
1AT,D,20170509,000000,27.62,27.62,26.337,27.552,5699,0
1AT,D,20170510,000000,27.483,27.78,26.834,27.705,8346,0
1AT,D,20170511,000000,27.697,27.697,26.85,27.483,371,0
1AT,D,20170512,000000,27.628,27.812,27.483,27.788,5751,0
1AT,D,20170515,000000,27.788,27.788,27.491,27.56,18694,0
1AT,D,20170516,000000,28.209,28.399,28.094,28.246,52491,0
1AT,D,20170517,000000,28.323,28.323,26.415,27.865,10045,0
1AT,D,20170518,000000,27.865,29.622,27.56,28.759,6505,0
1AT,D,20170519,000000,28.759,28.98,28.246,28.621,4358,0
1AT,D,20170522,000000,28.926,28.926,28.438,28.91,612,0
1AT,D,20170523,000000,28.895,28.895,28.399,28.399,1237,0
1AT,D,20170524,000000,28.628,29.087,28.476,29.041,16612,0
1AT,D,20170525,000000,29.239,30.812,29.018,30.767,6049,0
1AT,D,20170526,000000,30.759,31.216,30.759,30.842,2097,0
1AT,D,20170529,000000,31.224,31.224,29.98,30.842,14566,0
1AT,D,20170530,000000,30.842,31.248,30.46,30.866,13383,0
1AT,D,20170531,000000,30.866,31.148,30.537,31.148,26148,0
1AT,D,20170601,000000,31.148,31.148,30.186,30.537,7953,0
1AT,D,20170602,000000,31.148,31.148,30.545,31.109,457,0
1AT,D,20170605,000000,31.109,31.109,31.109,31.109,419,0
1AT,D,20170606,000000,31.109,31.109,29.957,30.155,3291,0
1AT,D,20170607,000000,30.003,30.003,28.476,29.003,6412,0
1AT,D,20170608,000000,28.544,28.858,27.979,28.858,2216,0
1AT,D,20170609,000000,29.132,29.766,28.705,29.224,601,0
1AT,D,20170612,000000,29.224,29.224,28.934,29.224,3225,0
1AT,D,20170613,000000,29.316,29.766,28.628,28.858,1796,0
1AT,D,20170614,000000,29.644,29.644,28.377,29.01,130,0
1AT,D,20170616,000000,28.926,28.934,28.438,28.628,2848,0
1AT,D,20170619,000000,28.628,29.391,28.476,29.316,12045,0
1AT,D,20170620,000000,29.292,29.292,28.667,29.01,2137,0
1AT,D,20170621,000000,29.01,29.391,28.858,29.316,4616,0
1AT,D,20170622,000000,29.391,29.391,29.01,29.316,1229,0
1AT,D,20170623,000000,29.141,29.193,28.858,29.01,333,0
1AT,D,20170626,000000,29.01,29.384,28.438,28.705,2229,0
1AT,D,20170627,000000,28.895,29.622,28.895,29.01,1529,0
1AT,D,20170628,000000,29.01,29.544,29.01,29.391,644,0
1AT,D,20170629,000000,29.391,29.697,29.01,29.01,815,0
1AT,D,20170630,000000,29.01,29.018,28.705,29.01,2969,0
1AT,D,20170703,000000,28.628,29.391,28.438,28.438,1546,0
1AT,D,20170704,000000,28.781,29.316,28.438,28.781,2139,0
1AT,D,20170705,000000,28.781,29.391,28.438,28.438,3768,0
1AT,D,20170706,000000,28.438,28.705,28.392,28.705,2008,0
1AT,D,20170707,000000,28.705,28.705,27.987,28.705,1712,0
1AT,D,20170710,000000,28.705,28.858,28.246,28.858,280,0
1AT,D,20170711,000000,27.987,28.858,27.987,28.171,19318,0
1AT,D,20170712,000000,28.705,28.705,27.498,28.018,2155,0
1AT,D,20170713,000000,28.018,28.246,28.018,28.018,6682,0
1AT,D,20170714,000000,28.209,28.628,27.491,28.552,8484,0
1AT,D,20170717,000000,28.323,28.552,27.636,28.552,9132,0
1AT,D,20170718,000000,28.246,28.552,28.246,28.552,108,0
1AT,D,20170719,000000,27.788,29.469,27.788,29.469,4393,0
1AT,D,20170720,000000,29.469,29.469,28.766,29.01,15702,0
1AT,D,20170721,000000,29.087,29.391,28.766,28.766,30129,0
1AT,D,20170724,000000,29.43,29.43,29.43,29.43,1,0
1AT,D,20170725,000000,29.391,30.118,29.316,29.43,1613,0
1AT,D,20170726,000000,29.773,30.11,29.622,29.773,1873,0
1AT,D,20170727,000000,29.773,30.46,29.773,30.385,3012,0
1AT,D,20170728,000000,29.888,30.385,29.888,30.307,2815,0
1AT,D,20170731,000000,30.232,30.232,29.911,30.224,8479,0
1AT,D,20170801,000000,30.422,30.422,29.552,29.773,6104,0
1AT,D,20170802,000000,30.254,30.254,29.316,29.797,1519,0
1AT,D,20170803,000000,30.003,30.003,29.773,30.003,121,0
1AT,D,20170804,000000,30.003,30.003,29.277,29.277,862,0
1AT,D,20170807,000000,29.659,29.659,29.277,29.277,530,0
1AT,D,20170808,000000,29.277,29.277,29.01,29.01,569,0
1AT,D,20170809,000000,29.01,29.018,28.544,28.918,1017,0
1AT,D,20170810,000000,29.003,29.087,29.003,29.087,265,0
1AT,D,20170811,000000,28.171,28.942,28.171,28.88,263,0
1AT,D,20170814,000000,28.804,28.804,28.499,28.499,295,0
1AT,D,20170816,000000,28.407,28.988,28.399,28.988,788,0
1AT,D,20170817,000000,28.331,28.934,28.331,28.895,251,0
1AT,D,20170818,000000,28.85,29.316,28.445,29.316,1480,0
1AT,D,20170821,000000,29.316,29.316,29.316,29.316,1,0
1AT,D,20170822,000000,28.429,29.316,28.429,29.316,2205,0
1AT,D,20170823,000000,28.529,29.773,28.507,29.773,1661,0
1AT,D,20170824,000000,29.751,30.537,29.354,30.521,5766,0
1AT,D,20170825,000000,30.537,30.537,29.354,30.118,1269,0
1AT,D,20170828,000000,30.11,30.232,30.003,30.232,299,0
1AT,D,20170829,000000,30.232,30.537,29.544,30.537,8506,0
1AT,D,20170830,000000,30.46,31.109,29.812,31.034,15294,0
1AT,D,20170831,000000,30.995,31.148,30.537,30.842,66488,0
1AT,D,20170901,000000,30.956,30.995,30.842,30.842,1958,0
1AT,D,20170904,000000,30.842,30.912,30.842,30.903,236,0
1AT,D,20170905,000000,30.728,30.896,30.537,30.537,1083,0
1AT,D,20170906,000000,30.537,31.758,30.537,31.3,25952,0
1AT,D,20170907,000000,31.598,31.896,31.248,31.82,2413,0
1AT,D,20170908,000000,31.812,31.812,31.248,31.629,1914,0
1AT,D,20170911,000000,31.629,32.026,31.561,32.026,10027,0
1AT,D,20170912,000000,32.063,32.751,31.949,32.14,2824,0
1AT,D,20170913,000000,32.14,32.812,31.682,32.812,7123,0
1AT,D,20170914,000000,32.98,33.59,32.98,33.59,5118,0
1AT,D,20170915,000000,33.59,33.59,32.484,33.439,3950,0
1AT,D,20170918,000000,33.415,33.514,32.529,32.98,5509,0
1AT,D,20170919,000000,33.148,33.148,32.3,32.98,3823,0
1AT,D,20170920,000000,33.476,33.514,32.14,33.514,4365,0
1AT,D,20170921,000000,33.514,33.59,32.865,33.057,5415,0
1AT,D,20170922,000000,33.514,33.514,33.507,33.507,764,0
1AT,D,20170925,000000,33.514,33.59,33.484,33.514,718,0
1AT,D,20170926,000000,33.057,33.439,32.926,33.361,1865,0
1AT,D,20170927,000000,33.361,33.507,32.988,33.354,949,0
1AT,D,20170928,000000,33.439,33.439,33.018,33.208,1937,0
1AT,D,20170929,000000,32.988,33.201,32.537,33.133,6868,0
1AT,D,20171002,000000,32.827,33.133,32.827,33.094,3298,0
1AT,D,20171003,000000,33.125,33.125,31.675,31.675,3079,0
1AT,D,20171004,000000,31.66,31.66,30.728,30.728,23410,0
1AT,D,20171005,000000,31.308,32.216,31.072,31.59,1744,0
1AT,D,20171006,000000,30.949,31.522,30.927,30.949,1323,0
1AT,D,20171009,000000,30.995,32.041,30.698,30.698,2214,0
1AT,D,20171010,000000,30.698,30.72,30.079,30.079,4141,0
1AT,D,20171011,000000,30.499,31.758,28.026,31.522,674970,0
1AT,D,20171012,000000,30.62,30.62,30.27,30.453,241625,0
1AT,D,20171013,000000,30.453,30.842,29.95,30.385,167708,0
1AT,D,20171016,000000,30.537,30.919,30.307,30.919,158474,0
1AT,D,20171017,000000,30.919,31.903,30.919,31.903,15090,0
1AT,D,20171018,000000,31.949,31.949,31.721,31.75,409,0
1AT,D,20171019,000000,31.721,31.721,31.3,31.675,603,0
1AT,D,20171020,000000,30.545,32.743,30.545,32.445,4163,0
1AT,D,20171023,000000,32.675,33.186,32.14,33.186,2002,0
1AT,D,20171024,000000,32.827,33.133,32.179,33.133,10360,0
1AT,D,20171025,000000,33.133,33.133,32.675,32.965,6686,0
1AT,D,20171026,000000,33.018,33.133,31.4,32.827,90356,0
1AT,D,20171027,000000,33.125,33.4,33.125,33.4,1823,0
1AT,D,20171030,000000,33.4,33.59,32.316,33.59,126862,0
1AT,D,20171031,000000,33.927,33.927,33.208,33.439,216456,0
1AT,D,20171102,000000,33.92,33.92,31.69,31.69,184213,0
1AT,D,20171103,000000,31.797,33.133,31.797,32.82,200885,0
1AT,D,20171106,000000,33.476,33.476,31.721,33.423,3272,0
1AT,D,20171107,000000,33.423,33.476,32.865,33.439,840,0
1AT,D,20171108,000000,33.583,33.583,32.835,32.95,4088,0
1AT,D,20171109,000000,32.942,33.583,32.827,33.583,324,0
1AT,D,20171110,000000,33.59,33.59,32.712,33.208,969,0
1AT,D,20171113,000000,33.208,33.208,32.827,33.208,1533,0
1AT,D,20171114,000000,33.033,33.033,32.827,33.033,405,0
1AT,D,20171115,000000,32.797,32.797,32.231,32.629,8621,0
1AT,D,20171116,000000,33.033,33.033,32.331,33.033,1468,0
1AT,D,20171117,000000,32.751,32.797,32.377,32.598,4235,0
1AT,D,20171120,000000,32.369,32.827,32.063,32.827,5410,0
1AT,D,20171121,000000,32.827,33.057,32.27,33.057,1199,0
1AT,D,20171122,000000,32.995,33.118,32.995,33.118,780,0
1AT,D,20171123,000000,33.583,33.583,33.208,33.354,379,0
1AT,D,20171124,000000,33.354,33.575,32.484,33.163,103968,0
1AT,D,20171127,000000,32.293,33.553,32.293,32.445,428,0
1AT,D,20171128,000000,33.201,33.201,31.08,31.224,17658,0
1AT,D,20171129,000000,31.209,32.727,30.385,31.3,26341,0
1AT,D,20171130,000000,30.385,32.43,30.385,30.919,3590,0
1AT,D,20171201,000000,31.3,31.3,30.385,30.537,394,0
1AT,D,20171204,000000,30.614,30.659,29.773,29.773,11582,0
1AT,D,20171205,000000,29.773,31.209,29.773,30.537,2355,0
1AT,D,20171206,000000,30.453,31.293,30.453,30.881,2311,0
1AT,D,20171207,000000,31.109,31.109,30.888,31.064,311,0
1AT,D,20171208,000000,31.293,31.293,31.064,31.064,2018,0
1AT,D,20171211,000000,31.293,31.293,31.064,31.262,353,0
1AT,D,20171212,000000,31.224,31.224,31.224,31.224,36,0
1AT,D,20171213,000000,30.331,31.453,30.331,31.293,2002,0
1AT,D,20171214,000000,31.453,31.865,31.453,31.865,759,0
1AT,D,20171215,000000,31.69,31.721,31.53,31.721,303,0
1AT,D,20171218,000000,32.026,32.026,31.53,31.53,1092,0
1AT,D,20171219,000000,32.018,32.812,32.018,32.43,4765,0
1AT,D,20171220,000000,32.201,32.712,31.3,31.453,6477,0
1AT,D,20171221,000000,31.308,32.346,31.308,31.461,508,0
1AT,D,20171222,000000,32.415,32.827,32.179,32.598,4309,0
1AT,D,20171227,000000,33.057,33.057,32.179,32.751,7732,0
1AT,D,20171228,000000,32.743,32.743,32.14,32.705,510,0
1AT,D,20171229,000000,32.675,33.59,32.598,32.598,7944,0
1AT,D,20180103,000000,33.514,33.514,32.445,32.445,336,0
1AT,D,20180104,000000,33.361,33.361,32.14,33.286,974,0
1AT,D,20180105,000000,32.369,33.361,32.369,33.361,2676,0
1AT,D,20180108,000000,33.286,33.286,32.063,32.827,25229,0
1AT,D,20180109,000000,32.827,33.361,32.063,32.827,2896,0
1AT,D,20180110,000000,33.208,33.208,32.445,32.827,1432,0
1AT,D,20180111,000000,32.827,32.827,32.522,32.827,3771,0
1AT,D,20180112,000000,32.827,32.827,32.14,32.827,462,0
1AT,D,20180115,000000,32.827,32.827,32.14,32.827,3160,0
1AT,D,20180116,000000,33.208,33.208,32.14,32.751,176,0
1AT,D,20180117,000000,33.208,33.208,32.063,32.063,3977,0
1AT,D,20180118,000000,32.675,32.675,31.377,31.377,3993,0
1AT,D,20180119,000000,32.445,32.445,31.3,31.453,33137,0
1AT,D,20180122,000000,31.988,32.751,31.3,32.369,3923,0
1AT,D,20180123,000000,32.063,32.14,31.606,31.606,28032,0
1AT,D,20180124,000000,31.53,32.063,31.3,31.453,6259,0
1AT,D,20180125,000000,31.53,32.063,31.53,32.063,5888,0
1AT,D,20180126,000000,32.063,32.063,31.682,31.682,128,0
1AT,D,20180129,000000,31.911,32.522,31.682,32.522,3034,0
1AT,D,20180130,000000,32.675,32.675,32.216,32.598,1591,0
1AT,D,20180131,000000,31.911,32.598,31.911,32.598,3520,0
1AT,D,20180201,000000,32.675,32.675,31.911,32.369,4953,0
1AT,D,20180202,000000,32.369,32.369,31.835,32.369,11476,0
1AT,D,20180205,000000,32.063,32.063,31.53,31.835,515,0
1AT,D,20180206,000000,30.232,31.3,29.85,31.3,8102,0
1AT,D,20180207,000000,32.063,32.063,31.682,31.682,280,0
1AT,D,20180208,000000,31.911,32.063,30.919,32.063,896,0
1AT,D,20180209,000000,31.3,32.445,30.767,31.682,25981,0
1AT,D,20180212,000000,32.522,32.522,31.606,32.063,294,0
1AT,D,20180213,000000,32.063,32.522,31.53,32.369,3179,0
1AT,D,20180214,000000,32.063,32.063,31.758,31.758,4063,0
1AT,D,20180215,000000,32.827,32.827,31.911,32.063,3607,0
1AT,D,20180216,000000,32.063,32.063,31.758,31.758,6427,0
1AT,D,20180219,000000,31.758,32.063,31.758,32.063,4615,0
1AT,D,20180220,000000,32.063,32.063,31.758,32.063,2904,0
1AT,D,20180221,000000,31.682,32.063,31.682,31.988,487,0
1AT,D,20180222,000000,31.988,32.751,31.758,32.751,6264,0
1AT,D,20180223,000000,32.751,32.751,32.063,32.522,1548,0
1AT,D,20180226,000000,32.522,32.751,32.369,32.751,2778,0
1AT,D,20180227,000000,32.675,32.904,32.675,32.827,1732,0
1AT,D,20180228,000000,32.675,33.208,31.758,32.904,7588,0
1AT,D,20180301,000000,32.904,33.286,32.293,32.827,13081,0
1AT,D,20180302,000000,32.751,33.208,32.751,33.208,249,0
1AT,D,20180305,000000,33.514,33.514,33.286,33.286,2090,0
1AT,D,20180306,000000,33.514,33.514,33.208,33.208,225,0
1AT,D,20180307,000000,33.208,33.208,32.827,32.827,113,0
1AT,D,20180308,000000,33.208,33.208,32.827,32.827,95,0
1AT,D,20180309,000000,33.286,33.286,33.208,33.208,19,0
1AT,D,20180312,000000,33.514,33.514,32.445,33.133,137,0
1AT,D,20180313,000000,33.133,33.133,32.598,32.598,61,0
1AT,D,20180314,000000,32.675,32.827,32.598,32.598,517,0
1AT,D,20180315,000000,32.675,33.439,32.598,32.598,1426,0
1AT,D,20180316,000000,33.208,33.439,32.445,32.445,1971,0
1AT,D,20180319,000000,33.208,33.208,32.445,32.445,835,0
1AT,D,20180320,000000,33.208,33.286,32.445,32.751,4607,0
1AT,D,20180321,000000,33.208,33.286,32.827,32.827,5499,0
1AT,D,20180322,000000,33.286,33.361,32.063,32.293,1810,0
1AT,D,20180323,000000,33.208,33.208,32.827,33.057,861,0
1AT,D,20180326,000000,33.133,33.208,33.057,33.208,477,0
1AT,D,20180327,000000,33.208,33.208,32.827,32.827,618,0
1AT,D,20180328,000000,33.133,33.133,32.063,32.445,42303,0
1AT,D,20180329,000000,31.835,32.98,31.835,32.827,6111,0
1AT,D,20180403,000000,32.445,33.59,32.445,33.59,4821,0
1AT,D,20180404,000000,33.59,33.59,32.522,32.751,9721,0
1AT,D,20180405,000000,33.208,33.208,32.445,33.133,10112,0
1AT,D,20180406,000000,33.133,33.286,32.598,33.133,15639,0
1AT,D,20180409,000000,33.514,33.514,32.827,33.208,166,0
1AT,D,20180410,000000,33.439,33.439,33.208,33.208,249,0
1AT,D,20180411,000000,33.286,33.286,33.057,33.057,249,0
1AT,D,20180412,000000,33.057,33.057,32.904,33.057,75,0
1AT,D,20180413,000000,33.286,33.286,32.445,32.904,922,0
1AT,D,20180416,000000,33.208,33.286,32.445,33.208,8924,0
1AT,D,20180417,000000,33.208,33.208,33.133,33.133,151,0
1AT,D,20180418,000000,33.208,33.208,32.904,33.057,6182,0
1AT,D,20180419,000000,33.208,33.208,32.904,33.208,324,0
1AT,D,20180420,000000,33.439,33.439,33.208,33.439,297,0
1AT,D,20180423,000000,33.439,33.439,33.439,33.439,141,0
1AT,D,20180424,000000,33.514,33.514,33.439,33.514,335,0
1AT,D,20180425,000000,33.514,33.514,32.063,33.514,22155,0
1AT,D,20180426,000000,33.514,33.59,33.133,33.514,4508,0
1AT,D,20180427,000000,33.514,33.514,33.514,33.514,5,0
1AT,D,20180430,000000,33.439,33.439,33.208,33.286,4781,0
1AT,D,20180502,000000,33.361,33.361,33.057,33.208,793,0
1AT,D,20180504,000000,33.361,33.361,33.361,33.361,189,0
1AT,D,20180507,000000,33.208,33.208,32.827,33.208,8559,0
1AT,D,20180508,000000,32.522,33.208,32.522,32.675,15787,0
1AT,D,20180509,000000,32.598,32.98,32.598,32.98,73,0
1AT,D,20180510,000000,32.98,32.98,32.445,32.98,3559,0
1AT,D,20180511,000000,32.904,32.98,32.522,32.98,3040,0
1AT,D,20180514,000000,32.827,32.98,32.522,32.98,14048,0
1AT,D,20180515,000000,32.98,32.98,32.751,32.751,5937,0
1AT,D,20180516,000000,32.751,32.751,32.293,32.293,471,0
1AT,D,20180517,000000,32.293,32.293,31.072,32.063,4489,0
1AT,D,20180518,000000,31.3,32.827,31.3,32.827,1116,0
1AT,D,20180521,000000,32.751,32.904,32.751,32.904,122,0
1AT,D,20180522,000000,32.827,32.904,32.827,32.827,875,0
1AT,D,20180523,000000,33.057,33.057,31.606,32.369,14700,0
1AT,D,20180524,000000,32.063,32.369,31.3,32.369,20508,0
1AT,D,20180525,000000,32.369,32.827,32.369,32.827,1397,0
1AT,D,20180528,000000,32.827,33.59,32.14,33.59,36782,0
1AT,D,20180529,000000,33.59,33.59,32.827,33.286,15012,0
1AT,D,20180530,000000,32.827,33.286,32.675,33.133,10812,0
1AT,D,20180601,000000,33.59,33.59,31.758,33.208,1369,0
1AT,D,20180604,000000,31.911,33.208,31.911,33.208,268,0
1AT,D,20180605,000000,33.514,33.514,32.827,32.827,332,0
1AT,D,20180606,000000,32.98,33.514,32.827,32.827,1972,0
1AT,D,20180607,000000,33.361,33.361,32.98,32.98,1412,0
1AT,D,20180608,000000,33.361,33.361,33.361,33.361,436,0
1AT,D,20180611,000000,33.361,33.361,33.286,33.361,359,0
1AT,D,20180612,000000,32.904,33.286,32.904,33.286,136,0
1AT,D,20180613,000000,33.361,33.361,32.98,33.286,351,0
1AT,D,20180614,000000,33.286,33.361,33.286,33.286,2882,0
1AT,D,20180615,000000,33.286,33.286,33.057,33.286,1197,0
1AT,D,20180618,000000,33.208,33.208,32.598,33.208,3948,0
1AT,D,20180619,000000,32.445,32.98,32.216,32.827,8839,0
1AT,D,20180620,000000,33.057,33.057,31.911,31.988,13857,0
1AT,D,20180621,000000,32.063,32.445,30.995,31.148,24960,0
1AT,D,20180622,000000,31.732,32.484,31.315,31.315,30214,0
1AT,D,20180625,000000,31.732,31.732,30.814,31.232,1014,0
1AT,D,20180626,000000,30.814,30.814,28.976,29.227,8080,0
1AT,D,20180627,000000,29.06,29.06,28.476,28.643,40492,0
1AT,D,20180628,000000,28.643,28.643,28.142,28.392,5982,0
1AT,D,20180629,000000,28.392,29.979,28.392,28.56,6038,0
1AT,D,20180702,000000,28.56,29.812,28.56,29.812,2201,0
1AT,D,20180703,000000,30.814,30.814,30.229,30.396,12119,0
1AT,D,20180704,000000,31.983,31.983,30.146,30.229,1262,0
1AT,D,20180705,000000,31.732,31.732,29.394,30.062,2259,0
1AT,D,20180706,000000,30.146,30.146,30.062,30.062,248,0
1AT,D,20180709,000000,30.146,30.146,28.893,28.893,2840,0
1AT,D,20180710,000000,28.726,28.726,28.058,28.309,5805,0
1AT,D,20180711,000000,28.309,28.309,27.306,27.641,3472,0
1AT,D,20180712,000000,28.309,29.227,26.471,28.309,129460,0
1AT,D,20180713,000000,29.06,29.895,27.39,27.641,2685,0
1AT,D,20180716,000000,29.06,29.143,28.392,28.809,2859,0
1AT,D,20180717,000000,29.227,29.477,28.392,28.392,9606,0
1AT,D,20180718,000000,29.31,29.31,28.309,28.809,21910,0
1AT,D,20180719,000000,29.31,29.31,28.309,28.392,5914,0
1AT,D,20180720,000000,29.31,29.31,28.392,28.976,13484,0
1AT,D,20180723,000000,29.06,29.561,28.976,29.561,728,0
1AT,D,20180724,000000,30.898,30.898,28.643,29.143,16721,0
1AT,D,20180725,000000,29.143,30.396,29.143,29.227,2512,0
1AT,D,20180726,000000,30.73,30.73,29.31,29.31,1975,0
1AT,D,20180727,000000,29.644,30.062,29.561,30.062,1899,0
1AT,D,20180730,000000,30.898,30.898,29.644,29.644,1051,0
1AT,D,20180731,000000,30.814,30.814,28.309,29.227,38216,0
1AT,D,20180801,000000,29.728,29.728,28.476,28.476,3067,0
1AT,D,20180802,000000,28.476,28.476,28.225,28.309,1160,0
1AT,D,20180803,000000,28.309,28.392,28.225,28.309,1108,0
1AT,D,20180806,000000,28.309,28.309,28.309,28.309,1278,0
1AT,D,20180807,000000,27.975,28.309,27.891,28.309,788,0
1AT,D,20180808,000000,27.641,28.309,26.889,26.889,6364,0
1AT,D,20180809,000000,27.139,27.139,25.804,26.22,9570,0
1AT,D,20180810,000000,26.722,27.39,26.722,27.39,172,0
1AT,D,20180813,000000,27.223,27.223,27.223,27.223,74,0
1AT,D,20180814,000000,26.972,27.306,26.22,26.722,1424,0
1AT,D,20180816,000000,25.971,27.139,25.303,25.637,4653,0
1AT,D,20180817,000000,25.219,25.637,25.219,25.47,149,0
1AT,D,20180820,000000,25.47,25.637,25.47,25.47,603,0
1AT,D,20180821,000000,25.47,26.638,25.47,26.638,526,0
1AT,D,20180822,000000,26.22,26.638,26.22,26.638,239,0
1AT,D,20180823,000000,26.638,26.972,26.638,26.722,4165,0
1AT,D,20180824,000000,27.139,27.139,27.056,27.056,229,0
1AT,D,20180827,000000,26.22,27.557,25.804,26.638,13325,0
1AT,D,20180828,000000,26.054,26.22,25.219,25.219,13955,0
1AT,D,20180829,000000,25.303,27.139,24.718,27.139,93618,0
1AT,D,20180830,000000,27.139,28.809,26.304,28.809,16212,0
1AT,D,20180831,000000,28.726,28.726,27.641,28.392,1035,0
1AT,D,20180903,000000,29.06,29.06,26.471,26.471,4605,0
1AT,D,20180904,000000,26.304,27.724,25.72,25.887,677,0
1AT,D,20180905,000000,27.39,27.39,26.054,26.304,3567,0
1AT,D,20180906,000000,27.724,27.724,25.052,25.052,5257,0
1AT,D,20180907,000000,26.304,26.304,26.137,26.137,851,0
1AT,D,20180910,000000,26.304,26.304,25.553,25.553,1443,0
1AT,D,20180911,000000,26.722,26.722,25.637,25.887,18463,0
1AT,D,20180912,000000,25.887,26.388,25.72,26.22,1957,0
1AT,D,20180913,000000,26.388,26.388,26.388,26.388,122,0
1AT,D,20180914,000000,26.388,27.641,26.388,26.972,29699,0
1AT,D,20180917,000000,27.808,27.975,27.39,27.474,6284,0
1AT,D,20180918,000000,27.557,27.891,27.557,27.891,6096,0
1AT,D,20180919,000000,28.392,28.56,27.891,28.225,62719,0
1AT,D,20180920,000000,29.06,29.06,28.309,28.309,649,0
1AT,D,20180921,000000,28.643,28.643,27.975,27.975,867,0
1AT,D,20180924,000000,27.056,28.058,27.056,28.058,25732,0
1AT,D,20180925,000000,28.976,28.976,27.724,27.724,11623,0
1AT,D,20180926,000000,27.891,27.891,26.22,26.388,10667,0
1AT,D,20180927,000000,25.887,27.808,25.887,27.39,4840,0
1AT,D,20180928,000000,27.975,27.975,26.471,26.722,1730,0
1AT,D,20181001,000000,26.972,27.139,26.722,26.722,1607,0
1AT,D,20181002,000000,26.722,27.139,26.471,27.139,796,0
1AT,D,20181003,000000,27.139,27.139,26.054,26.304,3870,0
1AT,D,20181004,000000,26.889,26.889,26.054,26.555,183,0
1AT,D,20181005,000000,26.555,26.555,26.555,26.555,24,0
1AT,D,20181008,000000,26.388,26.388,25.887,26.054,1880,0
1AT,D,20181009,000000,26.054,26.054,25.887,26.054,244,0
1AT,D,20181010,000000,26.304,26.304,25.386,25.804,26774,0
1AT,D,20181011,000000,25.887,26.304,25.386,25.887,2057,0
1AT,D,20181012,000000,26.471,26.471,24.718,25.052,10091,0
1AT,D,20181015,000000,25.052,25.219,25.052,25.136,297,0
1AT,D,20181016,000000,25.136,25.386,25.052,25.303,7030,0
1AT,D,20181017,000000,25.052,25.887,25.052,25.887,8,0
1AT,D,20181018,000000,25.887,25.887,25.804,25.804,32,0
1AT,D,20181019,000000,25.887,26.555,25.47,26.555,341,0
1AT,D,20181022,000000,26.304,26.304,25.303,26.22,740,0
1AT,D,20181023,000000,25.887,26.054,25.47,25.887,298,0
1AT,D,20181024,000000,25.887,25.887,25.47,25.804,303,0
1AT,D,20181025,000000,25.637,25.637,25.637,25.637,6,0
1AT,D,20181026,000000,25.553,25.887,25.47,25.887,233,0
1AT,D,20181029,000000,25.804,25.804,25.637,25.72,66,0
1AT,D,20181030,000000,25.637,25.637,25.47,25.637,9190,0
1AT,D,20181031,000000,25.804,25.804,25.303,25.303,280,0
1AT,D,20181102,000000,25.386,25.72,25.219,25.219,926,0
1AT,D,20181105,000000,25.804,25.804,25.052,25.303,787,0
1AT,D,20181106,000000,25.386,25.72,25.303,25.303,174,0
1AT,D,20181107,000000,25.303,25.47,25.052,25.47,1507,0
1AT,D,20181108,000000,25.72,25.72,25.136,25.386,4775,0
1AT,D,20181109,000000,25.553,25.553,25.136,25.47,505,0
1AT,D,20181113,000000,25.72,25.72,25.553,25.637,307,0
1AT,D,20181114,000000,25.72,25.72,25.553,25.72,131,0
1AT,D,20181115,000000,25.72,25.72,25.136,25.72,65,0
1AT,D,20181116,000000,25.72,25.72,24.718,25.052,1400,0
1AT,D,20181119,000000,25.72,25.72,24.718,25.052,14413,0
1AT,D,20181120,000000,25.553,25.553,24.634,25.303,1261,0
1AT,D,20181121,000000,25.47,25.47,23.465,24.634,62871,0
1AT,D,20181122,000000,24.885,24.885,24.801,24.801,105,0
1AT,D,20181123,000000,25.386,25.386,24.801,25.136,3955,0
1AT,D,20181126,000000,25.136,25.804,24.885,25.804,2044,0
1AT,D,20181127,000000,25.219,25.804,25.219,25.804,761,0
1AT,D,20181128,000000,25.804,26.722,25.72,26.555,1630,0
1AT,D,20181129,000000,26.722,27.474,26.471,26.471,37588,0
1AT,D,20181130,000000,27.139,27.139,26.304,26.722,4627,0
1AT,D,20181203,000000,26.722,27.139,26.304,26.304,2752,0
1AT,D,20181204,000000,26.304,26.304,25.887,26.304,1677,0
1AT,D,20181205,000000,25.887,26.22,25.887,26.22,869,0
1AT,D,20181206,000000,25.887,26.137,25.804,26.054,304,0
1AT,D,20181207,000000,25.887,25.887,24.801,24.801,7951,0
1AT,D,20181210,000000,25.052,25.47,24.551,25.052,1274,0
1AT,D,20181211,000000,25.219,25.219,24.217,24.634,5363,0
1AT,D,20181212,000000,24.217,24.384,22.714,23.381,12402,0
1AT,D,20181213,000000,23.632,25.219,23.381,25.052,195463,0
1AT,D,20181214,000000,25.219,25.219,23.799,24.05,63444,0
1AT,D,20181217,000000,24.384,24.384,23.966,24.217,868,0
1AT,D,20181218,000000,24.217,24.217,23.465,23.966,63586,0
1AT,D,20181219,000000,23.548,23.966,23.548,23.966,2509,0
1AT,D,20181220,000000,23.966,23.966,22.965,23.298,37606,0
1AT,D,20181221,000000,23.215,23.966,22.965,23.298,62867,0
1AT,D,20181227,000000,23.966,23.966,23.048,23.381,6410,0
1AT,D,20181228,000000,23.799,23.799,22.965,23.381,9065,0
1AT,D,20190102,000000,23.548,23.632,23.381,23.465,6091,0
1AT,D,20190103,000000,23.632,23.632,22.881,22.965,7592,0
1AT,D,20190104,000000,23.048,23.048,22.547,22.965,15249,0
1AT,D,20190107,000000,23.298,23.298,22.881,23.132,1343,0
1AT,D,20190108,000000,23.132,23.799,23.132,23.632,2071,0
1AT,D,20190109,000000,23.715,23.715,23.381,23.632,4232,0
1AT,D,20190110,000000,23.632,23.632,22.965,23.298,5807,0
1AT,D,20190111,000000,23.548,24.467,23.548,23.799,65200,0
1AT,D,20190114,000000,23.799,24.133,23.715,23.715,34261,0
1AT,D,20190115,000000,24.217,25.804,24.05,25.303,172603,0
1AT,D,20190116,000000,25.47,25.72,24.968,25.72,12901,0
1AT,D,20190117,000000,25.887,26.22,25.637,26.137,27440,0
1AT,D,20190118,000000,26.137,27.641,26.137,27.39,25628,0
1AT,D,20190121,000000,27.557,28.309,27.139,28.225,13958,0
1AT,D,20190122,000000,28.225,28.392,27.891,27.975,45961,0
1AT,D,20190123,000000,28.142,29.143,27.975,29.143,17595,0
1AT,D,20190124,000000,29.143,29.227,28.726,28.893,43397,0
1AT,D,20190125,000000,29.143,29.895,29.143,29.895,63837,0
1AT,D,20190128,000000,29.895,29.895,29.143,29.812,24132,0
1AT,D,20190129,000000,30.062,30.062,29.394,29.895,3726,0
1AT,D,20190130,000000,29.895,30.229,29.561,30.229,177373,0
1AT,D,20190131,000000,30.229,30.647,30.062,30.647,1941,0
1AT,D,20190201,000000,30.647,30.647,30.146,30.647,24688,0
1AT,D,20190204,000000,30.73,30.898,30.396,30.396,913,0
1AT,D,20190205,000000,30.396,30.396,28.142,30.229,31897,0
1AT,D,20190206,000000,30.396,30.396,30.062,30.062,241293,0
1AT,D,20190207,000000,30.396,30.396,30.062,30.062,94,0
1AT,D,20190208,000000,30.313,30.313,29.227,29.979,646,0
1AT,D,20190211,000000,29.31,30.396,29.227,29.979,2093,0
1AT,D,20190212,000000,30.062,30.229,29.979,29.979,2905,0
1AT,D,20190213,000000,30.313,30.313,29.979,29.979,279,0
1AT,D,20190214,000000,30.313,30.313,29.644,29.979,113,0
1AT,D,20190215,000000,30.062,30.062,29.644,30.062,373,0
1AT,D,20190218,000000,30.062,30.062,29.227,30.062,90075,0
1AT,D,20190219,000000,30.062,30.062,29.227,29.979,3495,0
1AT,D,20190220,000000,28.976,29.895,28.976,29.895,806,0
1AT,D,20190221,000000,29.31,29.812,29.31,29.812,1526,0
1AT,D,20190222,000000,29.728,29.728,29.394,29.561,1265,0
1AT,D,20190225,000000,29.812,29.812,29.394,29.561,408,0
1AT,D,20190226,000000,29.895,31.315,29.895,30.898,137180,0
1AT,D,20190227,000000,30.981,31.565,30.313,30.898,6510,0
1AT,D,20190228,000000,30.814,31.232,30.146,31.065,1668,0
1AT,D,20190301,000000,31.065,31.065,30.229,30.229,574,0
1AT,D,20190304,000000,30.73,31.065,30.062,30.229,1234,0
1AT,D,20190305,000000,30.229,30.981,30.229,30.229,1117,0
1AT,D,20190306,000000,29.728,30.898,29.728,30.563,71350,0
1AT,D,20190307,000000,30.73,31.732,30.73,31.482,14653,0
1AT,D,20190308,000000,31.732,31.732,30.73,31.065,1115,0
1AT,D,20190311,000000,31.648,31.648,30.898,31.399,7956,0
1AT,D,20190312,000000,31.399,31.399,30.814,31.315,5180,0
1AT,D,20190313,000000,31.315,31.315,30.814,31.315,99,0
1AT,D,20190314,000000,31.315,31.315,30.647,30.647,5380,0
1AT,D,20190315,000000,31.482,31.482,30.48,30.981,4541,0
1AT,D,20190318,000000,30.981,30.981,30.73,30.981,460,0
1AT,D,20190319,000000,31.315,31.315,31.315,31.315,617,0
1AT,D,20190320,000000,33.236,34.488,32.651,32.985,34863,0
1AT,D,20190321,000000,33.403,33.403,31.899,32.567,175460,0
1AT,D,20190322,000000,33.152,33.152,32.15,32.567,39659,0
1AT,D,20190325,000000,32.4,32.985,32.233,32.985,45774,0
1AT,D,20190326,000000,33.068,34.071,32.567,33.904,4134,0
1AT,D,20190327,000000,34.237,34.488,33.068,33.068,5096,0
1AT,D,20190328,000000,33.068,33.82,33.068,33.653,1248,0
1AT,D,20190329,000000,33.403,33.82,33.152,33.403,655,0
1AT,D,20190401,000000,33.653,33.987,33.068,33.319,1246,0
1AT,D,20190402,000000,33.987,34.905,33.987,34.404,5423,0
1AT,D,20190403,000000,34.404,34.905,33.403,33.486,8676,0
1AT,D,20190404,000000,33.904,34.071,33.319,33.403,9543,0
1AT,D,20190405,000000,33.403,33.987,32.567,32.985,1987,0
1AT,D,20190408,000000,33.987,33.987,32.985,33.653,158,0
1AT,D,20190409,000000,33.987,34.071,33.653,33.904,2698,0
1AT,D,20190410,000000,34.071,34.071,32.734,33.236,6293,0
1AT,D,20190411,000000,33.904,33.904,33.152,33.737,697,0
1AT,D,20190412,000000,33.904,33.904,32.985,33.236,3559,0
1AT,D,20190415,000000,33.236,33.82,32.317,33.236,2746,0
1AT,D,20190416,000000,33.236,33.236,32.567,33.152,14023,0
1AT,D,20190417,000000,32.818,33.236,32.818,33.236,1441,0
1AT,D,20190418,000000,33.236,33.236,32.734,32.734,250,0
1AT,D,20190423,000000,32.567,33.236,32.567,33.236,1066,0
1AT,D,20190424,000000,33.236,33.236,32.651,33.236,1070,0
1AT,D,20190425,000000,33.319,33.319,33.236,33.236,283,0
1AT,D,20190426,000000,33.403,33.82,32.985,33.152,549,0
1AT,D,20190429,000000,33.152,33.82,33.152,33.319,1219,0
1AT,D,20190430,000000,33.737,33.737,33.236,33.319,1123,0
1AT,D,20190502,000000,33.653,33.653,33.068,33.319,886,0
1AT,D,20190506,000000,33.236,33.486,33.236,33.403,5802,0
1AT,D,20190507,000000,33.486,33.486,32.985,33.319,2014,0
1AT,D,20190508,000000,33.319,33.319,33.319,33.319,103,0
1AT,D,20190509,000000,33.319,33.403,32.567,32.567,3489,0
1AT,D,20190510,000000,33.319,33.319,31.815,33.319,2802,0
1AT,D,20190513,000000,33.319,33.319,33.068,33.068,306,0
1AT,D,20190514,000000,32.985,33.319,32.4,33.236,774,0
1AT,D,20190515,000000,33.319,33.319,32.4,32.818,6126,0
1AT,D,20190516,000000,33.236,33.319,32.567,32.985,1063,0
1AT,D,20190517,000000,33.236,33.236,32.985,32.985,38,0
1AT,D,20190520,000000,32.15,32.901,32.15,32.818,1144,0
1AT,D,20190521,000000,32.567,32.901,32.567,32.901,192,0
1AT,D,20190522,000000,32.734,32.901,32.734,32.818,2056,0
1AT,D,20190523,000000,32.985,33.319,32.734,33.152,2535,0
1AT,D,20190524,000000,33.068,33.82,32.985,33.57,18011,0
1AT,D,20190527,000000,33.57,34.738,33.57,34.655,27209,0
1AT,D,20190528,000000,34.655,34.655,33.904,33.904,19565,0
1AT,D,20190529,000000,33.904,34.154,33.403,33.403,4801,0
1AT,D,20190530,000000,33.403,33.737,33.319,33.403,4337,0
1AT,D,20190531,000000,33.486,33.737,33.236,33.319,3295,0
1AT,D,20190603,000000,33.737,33.737,33.57,33.57,1091,0
1AT,D,20190604,000000,33.653,34.071,33.403,33.403,3671,0
1AT,D,20190605,000000,34.321,34.321,32.317,32.651,5159,0
1AT,D,20190606,000000,32.651,33.737,32.651,33.653,4617,0
1AT,D,20190607,000000,33.82,34.071,33.653,34.071,5773,0
1AT,D,20190610,000000,34.237,34.655,33.82,34.571,4016,0
1AT,D,20190611,000000,34.738,34.738,34.237,34.655,26243,0
1AT,D,20190612,000000,34.738,34.905,34.154,34.237,3210,0
1AT,D,20190613,000000,33.82,34.237,33.82,34.237,2495,0
1AT,D,20190614,000000,34.237,34.571,34.154,34.237,1784,0
1AT,D,20190617,000000,34.237,34.237,34.154,34.237,6911,0
1AT,D,20190618,000000,34.237,34.571,34.154,34.321,20885,0
1AT,D,20190619,000000,34.237,35.49,34.154,35.239,10640,0
1AT,D,20190621,000000,35.824,35.824,34.905,35.407,18184,0
1AT,D,20190624,000000,35.574,35.657,34.154,34.237,22754,0
1AT,D,20190625,000000,34.709,34.898,33.766,34.426,37460,0
1AT,D,20190626,000000,34.615,34.898,33.955,34.898,3041,0
1AT,D,20190627,000000,34.615,34.898,34.52,34.898,1899,0
1AT,D,20190628,000000,34.898,34.898,34.52,34.898,1145,0
1AT,D,20190701,000000,33.955,34.803,33.955,34.615,13739,0
1AT,D,20190702,000000,34.615,34.615,34.049,34.52,9095,0
1AT,D,20190703,000000,34.52,34.898,34.52,34.898,12795,0
1AT,D,20190704,000000,34.898,35.181,34.803,34.992,50964,0
1AT,D,20190705,000000,35.086,35.275,34.426,35.086,1253,0
1AT,D,20190708,000000,35.275,35.275,34.898,35.086,556,0
1AT,D,20190709,000000,35.181,35.369,34.898,35.369,1677,0
1AT,D,20190710,000000,35.369,35.369,34.898,35.181,1960,0
1AT,D,20190711,000000,35.464,35.464,34.898,35.275,577,0
1AT,D,20190712,000000,35.275,35.275,34.237,34.898,869,0
1AT,D,20190715,000000,34.898,35.275,34.426,35.086,1353,0
1AT,D,20190716,000000,35.181,35.181,34.52,34.898,1017,0
1AT,D,20190717,000000,34.803,35.086,34.709,35.086,12237,0
1AT,D,20190718,000000,35.086,35.086,33.955,34.898,15150,0
1AT,D,20190719,000000,34.992,34.992,34.898,34.898,538,0
1AT,D,20190722,000000,34.898,34.898,34.332,34.332,390,0
1AT,D,20190723,000000,34.898,34.898,33.955,34.237,3680,0
1AT,D,20190724,000000,34.803,34.803,34.237,34.237,101,0
1AT,D,20190725,000000,34.143,34.237,33.2,33.672,2897,0
1AT,D,20190726,000000,33.483,34.803,33.2,34.143,2780,0
1AT,D,20190729,000000,33.955,33.955,33.483,33.955,93,0
1AT,D,20190730,000000,34.332,34.332,33.955,34.143,1327,0
1AT,D,20190731,000000,34.615,35.652,34.143,35.652,7704,0
1AT,D,20190801,000000,35.464,35.464,34.426,34.803,576,0
1AT,D,20190802,000000,35.275,35.275,34.898,34.992,1028,0
1AT,D,20190805,000000,34.898,34.898,33.955,34.615,1027,0
1AT,D,20190806,000000,34.049,34.615,34.049,34.52,669,0
1AT,D,20190807,000000,34.709,34.709,33.389,33.955,1359,0
1AT,D,20190808,000000,34.049,34.049,33.483,33.955,922,0
1AT,D,20190809,000000,33.955,34.426,33.483,34.332,1130,0
1AT,D,20190812,000000,34.803,34.803,33.577,33.766,120,0
1AT,D,20190813,000000,34.52,34.52,32.728,33.011,3340,0
1AT,D,20190814,000000,32.917,33.766,32.54,32.54,2952,0
1AT,D,20190816,000000,33.2,33.2,32.257,33.106,615,0
1AT,D,20190819,000000,33.106,33.106,32.257,33.011,2078,0
1AT,D,20190820,000000,33.106,33.106,31.125,32.162,7588,0
1AT,D,20190821,000000,32.068,32.068,30.842,31.314,13263,0
1AT,D,20190822,000000,31.408,31.597,30.748,30.842,8846,0
1AT,D,20190823,000000,30.842,33.011,30.37,32.162,273685,0
1AT,D,20190826,000000,32.351,32.351,32.068,32.162,548,0
1AT,D,20190827,000000,32.162,32.162,31.219,32.068,413,0
1AT,D,20190828,000000,32.068,32.634,31.974,32.634,7742,0
1AT,D,20190829,000000,32.728,33.766,32.257,33.766,269765,0
1AT,D,20190830,000000,33.766,34.143,33.577,33.955,2907,0
1AT,D,20190902,000000,34.52,34.992,34.143,34.992,19619,0
1AT,D,20190903,000000,34.992,34.992,34.803,34.992,111172,0
1AT,D,20190904,000000,33.86,33.86,32.068,33.766,3430,0
1AT,D,20190905,000000,33.389,33.672,32.917,33.672,1054,0
1AT,D,20190906,000000,33.672,33.766,32.917,32.917,409,0
1AT,D,20190909,000000,33.577,33.766,33.011,33.577,350,0
1AT,D,20190910,000000,33.86,34.803,33.011,34.709,722,0
1AT,D,20190911,000000,34.615,34.803,33.955,34.803,21947,0
1AT,D,20190912,000000,34.615,34.615,34.426,34.615,1455,0
1AT,D,20190913,000000,34.426,34.992,34.426,34.992,2975,0
1AT,D,20190916,000000,34.992,34.992,34.52,34.52,269,0
1AT,D,20190917,000000,34.898,34.898,34.52,34.803,127579,0
1AT,D,20190918,000000,34.803,34.803,34.143,34.709,98,0
1AT,D,20190919,000000,34.803,34.803,34.52,34.803,1368,0
1AT,D,20190920,000000,34.898,34.898,33.955,34.803,395,0
1AT,D,20190923,000000,34.803,34.803,33.955,34.709,13660,0
1AT,D,20190924,000000,34.615,34.615,33.955,33.955,602,0
1AT,D,20190925,000000,33.86,34.426,32.257,33.011,117919,0
1AT,D,20190926,000000,32.917,33.766,32.917,33.766,172,0
1AT,D,20190927,000000,33.672,33.672,33.294,33.483,107,0
1AT,D,20190930,000000,33.672,33.672,33.011,33.011,231,0
1AT,D,20191001,000000,33.2,33.766,31.314,31.314,11862,0
1AT,D,20191002,000000,32.54,33.766,30.653,33.766,59846,0
1AT,D,20191003,000000,33.011,33.011,31.88,32.54,1462,0
1AT,D,20191004,000000,32.54,33.011,31.597,32.54,4572,0
1AT,D,20191007,000000,32.351,32.351,31.597,31.597,1130,0
1AT,D,20191008,000000,32.257,32.257,31.408,32.068,832,0
1AT,D,20191009,000000,31.974,31.974,31.125,31.88,4379,0
1AT,D,20191010,000000,31.691,31.88,31.597,31.88,365,0
1AT,D,20191011,000000,31.88,32.823,31.314,32.728,7133,0
1AT,D,20191014,000000,33.011,33.011,32.917,32.917,139,0
1AT,D,20191015,000000,33.011,33.011,33.011,33.011,321,0
1AT,D,20191016,000000,33.011,33.011,32.257,32.54,760,0
1AT,D,20191017,000000,32.54,32.54,31.219,32.445,864,0
1AT,D,20191018,000000,32.351,32.54,31.974,31.974,6542,0
1AT,D,20191021,000000,31.974,32.068,31.219,32.068,999,0
1AT,D,20191022,000000,32.068,32.068,31.785,32.068,95,0
1AT,D,20191023,000000,32.068,32.068,31.597,31.88,2557,0
1AT,D,20191024,000000,32.068,32.068,31.125,31.785,2747,0
1AT,D,20191025,000000,31.974,32.917,31.219,32.54,2757,0
1AT,D,20191028,000000,32.54,32.54,31.88,32.351,38544,0
1AT,D,20191029,000000,32.823,32.823,32.54,32.54,286,0
1AT,D,20191030,000000,32.728,32.728,32.54,32.54,63,0
1AT,D,20191031,000000,32.54,32.728,32.068,32.728,517,0
1AT,D,20191104,000000,32.634,32.634,31.785,32.54,65,0
1AT,D,20191105,000000,32.54,32.823,32.54,32.823,1837,0
1AT,D,20191106,000000,32.823,33.955,32.823,33.955,4143,0
1AT,D,20191107,000000,33.955,33.955,33.955,33.955,392,0
1AT,D,20191108,000000,33.955,33.955,33.483,33.955,451,0
1AT,D,20191112,000000,33.955,33.955,33.577,33.766,4411,0
1AT,D,20191113,000000,33.766,33.766,33.389,33.389,200,0
1AT,D,20191114,000000,33.766,33.766,33.2,33.389,830,0
1AT,D,20191115,000000,33.955,33.955,33.011,33.672,1654,0
1AT,D,20191118,000000,33.86,33.86,33.011,33.766,239,0
1AT,D,20191119,000000,33.766,33.766,33.106,33.483,328,0
1AT,D,20191120,000000,34.52,35.181,33.672,33.955,3961,0
1AT,D,20191121,000000,33.766,34.332,33.389,33.955,971,0
1AT,D,20191122,000000,34.143,34.143,33.294,33.955,332,0
1AT,D,20191125,000000,33.955,33.955,33.294,33.766,712,0
1AT,D,20191126,000000,33.766,34.426,33.766,33.955,2025,0
1AT,D,20191127,000000,34.709,34.709,33.86,33.955,1475,0
1AT,D,20191128,000000,34.426,34.426,33.955,34.143,2743,0
1AT,D,20191129,000000,34.143,35.369,34.143,34.803,12623,0
1AT,D,20191202,000000,34.898,35.369,34.615,34.898,1424,0
1AT,D,20191203,000000,34.898,35.369,34.52,34.898,16626,0
1AT,D,20191204,000000,34.898,35.086,34.426,35.086,73299,0
1AT,D,20191205,000000,35.086,35.086,34.426,34.898,703,0
1AT,D,20191206,000000,35.086,35.181,34.803,35.181,34335,0
1AT,D,20191209,000000,35.181,35.369,34.898,34.898,973,0
1AT,D,20191210,000000,35.275,35.275,32.068,34.803,1162,0
1AT,D,20191211,000000,35.086,35.086,32.068,34.898,11172,0
1AT,D,20191212,000000,35.086,35.652,34.898,35.652,4468,0
1AT,D,20191213,000000,35.841,36.03,35.841,36.03,8184,0
1AT,D,20191216,000000,36.124,36.595,35.086,35.841,2061,0
1AT,D,20191217,000000,36.595,36.595,35.841,36.407,778,0
1AT,D,20191218,000000,36.407,36.407,35.841,36.407,1265,0
1AT,D,20191219,000000,36.501,37.256,36.218,37.256,17452,0
1AT,D,20191220,000000,37.256,37.35,36.784,37.256,13496,0
1AT,D,20191223,000000,37.444,37.444,36.312,36.878,4405,0
1AT,D,20191227,000000,37.067,37.067,35.558,36.784,2444,0
1AT,D,20191230,000000,35.841,37.633,35.841,35.841,3373,0
1AT,D,20200102,000000,36.312,37.444,36.312,37.256,13465,0
1AT,D,20200103,000000,37.633,38.67,37.256,38.199,29947,0
1AT,D,20200107,000000,38.199,38.953,38.199,38.67,3855,0
1AT,D,20200108,000000,38.953,39.331,37.822,39.331,24391,0
1AT,D,20200109,000000,39.331,39.614,39.048,39.519,30556,0
1AT,D,20200110,000000,39.519,40.085,39.236,39.519,12097,0
1AT,D,20200113,000000,39.519,40.085,37.916,39.425,5225,0
1AT,D,20200114,000000,38.293,39.897,38.293,39.048,11249,0
1AT,D,20200115,000000,39.614,39.614,38.482,39.614,3602,0
1AT,D,20200116,000000,39.614,39.991,39.614,39.991,1380,0
1AT,D,20200117,000000,39.142,40.274,39.142,40.085,8098,0
1AT,D,20200120,000000,39.614,40.651,39.614,40.274,8554,0
1AT,D,20200121,000000,40.651,40.651,38.765,39.614,2468,0
1AT,D,20200122,000000,39.048,39.991,38.67,39.614,6876,0
1AT,D,20200123,000000,39.991,39.991,38.67,38.67,7504,0
1AT,D,20200124,000000,38.293,39.519,38.293,39.331,13163,0
1AT,D,20200127,000000,40.085,40.085,38.293,38.67,635,0
1AT,D,20200128,000000,38.67,38.67,38.199,38.67,1248,0
1AT,D,20200129,000000,38.576,40.085,38.482,39.142,504,0
1AT,D,20200130,000000,39.142,39.142,38.482,38.67,270,0
1AT,D,20200131,000000,38.576,38.67,36.878,37.256,6196,0
1AT,D,20200203,000000,37.256,38.859,36.124,37.067,3602,0
1AT,D,20200204,000000,37.067,38.482,36.784,37.539,8741,0
1AT,D,20200205,000000,38.199,38.199,36.878,37.633,2511,0
1AT,D,20200206,000000,37.067,37.727,37.067,37.539,867,0
1AT,D,20200207,000000,37.35,37.633,37.161,37.539,835,0
1AT,D,20200210,000000,37.727,37.727,37.067,37.539,936,0
1AT,D,20200211,000000,37.256,37.539,36.501,36.784,36114,0
1AT,D,20200212,000000,37.444,38.105,37.256,37.727,1224,0
1AT,D,20200213,000000,38.01,38.105,37.727,38.01,1163,0
1AT,D,20200214,000000,38.01,38.105,37.727,37.727,817,0
1AT,D,20200217,000000,37.822,38.199,37.727,37.727,3278,0
1AT,D,20200218,000000,38.199,38.199,37.444,37.727,1502,0
1AT,D,20200219,000000,37.727,37.727,37.35,37.633,1388,0
1AT,D,20200220,000000,37.633,37.633,37.067,37.161,12358,0
1AT,D,20200221,000000,37.161,37.539,36.784,37.539,1507,0
1AT,D,20200224,000000,37.539,37.539,35.464,36.312,3521,0
1AT,D,20200225,000000,36.218,38.105,35.841,36.595,3432,0
1AT,D,20200226,000000,36.595,37.539,35.464,37.539,1518,0
1AT,D,20200227,000000,37.35,37.35,35.652,36.595,2318,0
1AT,D,20200228,000000,34.615,35.464,32.54,33.483,10258,0
1AT,D,20200302,000000,34.143,36.218,33.86,34.615,5615,0
1AT,D,20200303,000000,34.709,36.03,34.615,36.03,6394,0
1AT,D,20200304,000000,35.841,35.935,34.615,35.652,72136,0
1AT,D,20200305,000000,35.841,35.841,34.709,35.464,21437,0
1AT,D,20200306,000000,35.464,36.03,34.709,35.558,2866,0
1AT,D,20200309,000000,33.2,33.955,32.54,33.86,3153,0
1AT,D,20200310,000000,32.634,33.86,32.54,33.294,3613,0
1AT,D,20200311,000000,33.766,33.766,30.559,32.162,3567,0
1AT,D,20200312,000000,27.73,29.522,26.503,28.295,96132,0
1AT,D,20200313,000000,28.295,31.125,26.881,28.295,12009,0
1AT,D,20200316,000000,26.409,28.295,25.466,26.409,6428,0
1AT,D,20200317,000000,26.409,27.824,25.937,26.126,6441,0
1AT,D,20200318,000000,25.937,25.937,25.277,25.937,5401,0
1AT,D,20200319,000000,25.937,25.937,25.277,25.937,3292,0
1AT,D,20200320,000000,23.58,25.466,22.259,24.994,36800,0
1AT,D,20200323,000000,24.806,24.806,23.58,24.617,2465,0
1AT,D,20200324,000000,24.428,24.428,23.202,23.768,7094,0
1AT,D,20200325,000000,24.523,24.523,22.353,23.58,7993,0
1AT,D,20200326,000000,23.485,24.334,23.108,24.051,5277,0
1AT,D,20200327,000000,24.523,25.466,24.334,24.994,2425,0
1AT,D,20200330,000000,25.466,25.466,23.391,23.391,5616,0
1AT,D,20200331,000000,24.334,25.089,23.58,24.617,4024,0
1AT,D,20200401,000000,23.391,24.24,23.014,23.014,6965,0
1AT,D,20200402,000000,23.108,23.768,22.636,23.014,595,0
1AT,D,20200403,000000,23.297,24.711,23.108,24.523,3669,0
1AT,D,20200406,000000,24.711,25.277,24.24,24.9,1340,0
1AT,D,20200407,000000,24.994,25.466,23.58,25.372,11898,0
1AT,D,20200408,000000,25.277,26.409,24.334,25.56,4474,0
1AT,D,20200409,000000,26.315,26.409,24.523,24.523,7543,0
1AT,D,20200414,000000,24.523,27.352,24.523,27.164,7677,0
1AT,D,20200415,000000,27.635,28.201,26.22,26.22,4313,0
1AT,D,20200416,000000,26.881,26.881,26.22,26.786,2396,0
1AT,D,20200417,000000,26.975,27.069,26.503,27.069,1918,0
1AT,D,20200420,000000,28.107,28.107,25.56,26.409,3049,0
1AT,D,20200421,000000,27.352,27.352,25.749,27.069,2100,0
1AT,D,20200422,000000,27.164,27.258,26.409,26.598,1599,0
1AT,D,20200423,000000,26.598,26.598,26.409,26.409,320,0
1AT,D,20200424,000000,26.409,26.409,26.315,26.409,298,0
1AT,D,20200427,000000,26.409,26.409,26.126,26.409,595,0
1AT,D,20200428,000000,26.409,26.786,26.315,26.409,671,0
1AT,D,20200429,000000,26.409,26.786,26.315,26.786,1377,0
1AT,D,20200430,000000,26.786,26.786,26.22,26.598,1725,0
1AT,D,20200504,000000,26.598,27.258,26.503,26.975,1292,0
1AT,D,20200505,000000,27.258,27.352,26.315,26.786,4101,0
1AT,D,20200506,000000,26.786,27.164,25.466,25.466,4703,0
1AT,D,20200507,000000,25.466,27.164,25.466,26.409,1871,0
1AT,D,20200508,000000,26.409,26.409,25.183,26.032,1811,0
1AT,D,20200511,000000,26.315,26.315,24.994,25.372,1445,0
1AT,D,20200512,000000,25.749,25.749,25.372,25.749,1913,0
1AT,D,20200513,000000,26.22,26.598,25.937,25.937,1256,0
1AT,D,20200514,000000,26.032,26.032,25.655,25.655,499,0
1AT,D,20200515,000000,25.655,26.22,25.655,25.937,363,0
1AT,D,20200518,000000,26.598,26.598,25.655,25.749,1110,0
1AT,D,20200519,000000,25.56,26.032,25.466,25.749,2938,0
1AT,D,20200520,000000,26.032,26.881,25.843,26.692,14664,0
1AT,D,20200521,000000,26.881,27.164,26.409,26.786,2399,0
1AT,D,20200522,000000,26.409,26.598,25.843,26.598,1067,0
1AT,D,20200525,000000,26.692,26.881,25.466,26.786,3726,0
1AT,D,20200526,000000,26.786,27.258,26.032,26.786,7511,0
1AT,D,20200527,000000,26.881,28.295,26.598,27.824,2910,0
1AT,D,20200528,000000,28.295,28.861,26.409,28.295,12335,0
1AT,D,20200529,000000,28.673,29.239,28.107,29.239,5010,0
1AT,D,20200601,000000,30.182,31.785,29.805,30.936,9916,0
1AT,D,20200602,000000,31.597,31.691,30.653,31.219,2870,0
1AT,D,20200603,000000,30.842,31.785,30.182,30.276,62385,0
1AT,D,20200604,000000,31.125,31.408,30.465,31.125,2449,0
1AT,D,20200605,000000,31.125,31.408,30.465,31.408,3259,0
1AT,D,20200608,000000,31.408,31.408,31.125,31.314,483,0
1AT,D,20200609,000000,31.031,31.031,29.05,29.993,3027,0
1AT,D,20200610,000000,29.993,29.993,28.39,29.05,3801,0
1AT,D,20200612,000000,28.956,29.993,28.956,29.899,1865,0
1AT,D,20200615,000000,30.182,30.182,28.578,29.05,2556,0
1AT,D,20200616,000000,29.616,30.748,29.05,30.182,5842,0
1AT,D,20200617,000000,31.125,31.125,29.993,29.993,2494,0
1AT,D,20200618,000000,30.936,30.936,29.427,30.182,346,0
1AT,D,20200619,000000,30.842,30.842,29.144,30.087,535,0
1AT,D,20200622,000000,30.087,30.087,29.427,29.993,216,0
1AT,D,20200623,000000,29.899,29.993,28.39,29.616,3900,0
1AT,D,20200624,000000,29.993,29.993,29.05,29.616,810,0
1AT,D,20200625,000000,29.616,29.616,28.484,29.239,16199,0
1AT,D,20200626,000000,29.144,30.653,29.144,29.71,76656,0
1AT,D,20200629,000000,29.993,30.559,29.71,30.182,2290,0
1AT,D,20200630,000000,30.182,30.182,29.427,29.427,458,0
1AT,D,20200701,000000,30.182,30.842,29.993,30.653,5133,0
1AT,D,20200702,000000,30.653,31.314,30.182,31.314,2355,0
1AT,D,20200703,000000,31.408,31.408,30.276,31.408,609,0
1AT,D,20200706,000000,31.408,31.597,30.653,31.408,6866,0
1AT,D,20200707,000000,31.408,31.502,30.465,31.502,16004,0
1AT,D,20200708,000000,31.125,31.502,30.182,30.936,7560,0
1AT,D,20200709,000000,30.842,30.842,29.993,30.182,2560,0
1AT,D,20200710,000000,30.653,30.653,29.805,30.653,184,0
1AT,D,20200713,000000,30.182,31.125,30.182,30.748,12670,0
1AT,D,20200714,000000,31.125,31.125,30.465,30.936,587,0
1AT,D,20200715,000000,30.936,31.125,30.182,31.031,1140,0
1AT,D,20200716,000000,31.125,31.125,30.182,30.182,997,0
1AT,D,20200717,000000,30.842,31.031,29.805,30.559,342,0
1AT,D,20200720,000000,31.031,31.125,29.805,31.125,3591,0
1AT,D,20200721,000000,30.936,31.125,30.37,31.125,1533,0
1AT,D,20200722,000000,31.125,33.294,30.653,33.011,13889,0
1AT,D,20200723,000000,33.294,34.52,33.2,34.237,12729,0
1AT,D,20200724,000000,34.049,34.049,32.162,33.766,1104,0
1AT,D,20200727,000000,33.955,33.955,32.445,33.672,907,0
1AT,D,20200728,000000,33.577,33.577,32.728,33.294,577,0
1AT,D,20200729,000000,33.294,33.294,32.162,33.011,1824,0
1AT,D,20200730,000000,33.294,33.294,31.125,31.597,27214,0
1AT,D,20200731,000000,31.974,32.351,31.502,31.502,5842,0
1AT,D,20200803,000000,31.408,31.974,31.125,31.974,2150,0
1AT,D,20200804,000000,32.257,32.54,31.785,32.54,10184,0
1AT,D,20200805,000000,33.011,33.577,32.068,33.577,5111,0
1AT,D,20200806,000000,33.011,33.577,33.011,33.483,322,0
1AT,D,20200807,000000,33.011,33.011,32.728,32.917,14943,0
1AT,D,20200810,000000,33.577,33.577,33.483,33.483,58,0
1AT,D,20200811,000000,33.483,33.483,32.634,33.389,1121,0
1AT,D,20200812,000000,32.54,33.389,32.068,33.389,1020,0
1AT,D,20200813,000000,31.408,33.2,31.408,31.502,1469,0
1AT,D,20200814,000000,33.011,33.011,32.068,32.445,178,0
1AT,D,20200817,000000,32.917,32.917,31.314,32.351,885,0
1AT,D,20200818,000000,32.068,32.068,31.88,32.068,226,0
1AT,D,20200819,000000,32.068,32.068,32.068,32.068,165,0
1AT,D,20200820,000000,32.917,32.917,29.805,32.351,2744,0
1AT,D,20200821,000000,30.559,32.068,30.559,31.974,1704,0
1AT,D,20200824,000000,32.068,32.351,30.842,32.162,13235,0
1AT,D,20200825,000000,32.162,32.162,29.993,30.37,45033,0
1AT,D,20200826,000000,31.031,31.031,29.71,30.182,7945,0
1AT,D,20200827,000000,29.239,30.182,29.239,29.993,1115,0
1AT,D,20200828,000000,30.182,30.182,29.522,30.182,367,0
1AT,D,20200831,000000,30.182,30.182,29.805,29.899,14522,0
1AT,D,20200901,000000,29.993,32.068,29.993,31.974,256051,0
1AT,D,20200902,000000,31.88,33.2,31.88,32.823,69778,0
1AT,D,20200903,000000,33.011,33.011,32.068,32.728,294,0
1AT,D,20200904,000000,32.54,32.634,30.465,32.634,29814,0
1AT,D,20200907,000000,32.634,33.011,32.068,32.068,5750,0
1AT,D,20200908,000000,33.011,33.011,30.182,30.37,3842,0
1AT,D,20200909,000000,31.125,32.068,30.936,32.068,723,0
1AT,D,20200910,000000,31.974,31.974,31.88,31.974,137,0
1AT,D,20200911,000000,31.974,31.974,31.974,31.974,22,0
1AT,D,20200914,000000,30.465,31.974,30.465,31.125,1775,0
1AT,D,20200915,000000,30.936,31.691,30.465,31.314,516,0
1AT,D,20200916,000000,31.597,31.597,31.125,31.597,108,0
1AT,D,20200917,000000,31.597,31.597,31.597,31.597,36,0
1AT,D,20200918,000000,31.597,31.597,31.125,31.502,458,0
1AT,D,20200921,000000,31.125,31.125,30.842,31.125,494,0
1AT,D,20200922,000000,31.125,31.502,30.653,30.653,995,0
1AT,D,20200923,000000,30.465,31.502,30.465,31.502,4103,0
1AT,D,20200924,000000,30.465,31.502,30.465,31.502,17233,0
1AT,D,20200925,000000,30.653,31.219,29.805,31.125,1199,0
1AT,D,20200928,000000,29.805,31.125,29.805,30.653,1639,0
1AT,D,20200929,000000,30.653,30.653,29.805,30.276,6394,0
1AT,D,20200930,000000,30.276,30.653,29.71,30.653,20325,0
1AT,D,20201001,000000,30.653,30.653,29.71,29.71,3921,0
1AT,D,20201002,000000,30.559,30.559,29.239,29.71,6973,0
1AT,D,20201005,000000,30.653,30.653,29.993,30.37,779,0
1AT,D,20201006,000000,30.653,30.653,28.956,30.559,3584,0
1AT,D,20201007,000000,30.559,30.559,29.239,30.087,17491,0
1AT,D,20201008,000000,30.087,30.182,29.333,30.182,3653,0
1AT,D,20201009,000000,30.182,30.37,29.333,29.993,4488,0
1AT,D,20201012,000000,29.993,30.182,29.427,29.805,166,0
1AT,D,20201013,000000,30.465,30.465,29.616,30.182,348,0
1AT,D,20201014,000000,30.842,31.125,30.087,30.087,99,0
1AT,D,20201015,000000,29.993,30.182,29.239,29.993,4538,0
1AT,D,20201016,000000,30.087,30.087,28.673,29.239,1502,0
1AT,D,20201019,000000,29.239,29.616,29.05,29.427,530,0
1AT,D,20201020,000000,29.427,29.616,29.427,29.616,19300,0
1AT,D,20201021,000000,29.616,29.616,28.578,29.522,2256,0
1AT,D,20201022,000000,29.522,29.522,28.484,29.522,1230,0
1AT,D,20201023,000000,29.239,29.239,28.861,29.144,430,0
1AT,D,20201026,000000,28.484,29.239,28.39,28.39,2122,0
1AT,D,20201027,000000,28.39,28.578,25.937,27.73,7332,0
1AT,D,20201028,000000,26.598,27.352,24.711,24.711,3424,0
1AT,D,20201029,000000,24.711,25.843,24.711,25.843,771,0
1AT,D,20201030,000000,25.089,26.503,25.089,25.749,5076,0
1AT,D,20201102,000000,26.692,28.107,26.692,28.107,874,0
1AT,D,20201103,000000,27.824,28.201,27.824,28.201,15,0
1AT,D,20201104,000000,28.201,28.578,27.258,28.201,731,0
1AT,D,20201105,000000,28.107,30.182,27.352,29.05,3316,0
1AT,D,20201106,000000,28.767,29.333,28.295,29.333,2100,0
1AT,D,20201109,000000,29.993,29.993,28.673,29.239,559,0
1AT,D,20201110,000000,29.239,29.899,28.767,28.767,1178,0
1AT,D,20201112,000000,28.767,29.805,28.767,29.71,367,0
1AT,D,20201113,000000,29.805,29.993,28.767,29.144,3315,0
1AT,D,20201116,000000,29.522,29.899,29.144,29.805,1686,0
1AT,D,20201117,000000,29.899,29.899,29.239,29.899,8194,0
1AT,D,20201118,000000,29.899,30.653,29.71,30.465,2070,0
1AT,D,20201119,000000,30.653,30.936,30.182,30.653,48395,0
1AT,D,20201120,000000,30.653,31.031,30.182,30.936,581,0
1AT,D,20201123,000000,30.936,30.936,30.465,30.653,1448,0
1AT,D,20201124,000000,31.031,31.031,30.182,30.182,530,0
1AT,D,20201125,000000,30.653,30.653,29.05,30.559,764,0
1AT,D,20201126,000000,30.182,30.182,29.239,30.087,46,0
1AT,D,20201127,000000,30.37,30.653,29.239,30.653,163,0
1AT,D,20201130,000000,29.333,30.653,29.333,30.559,74,0
1AT,D,20201201,000000,30.559,30.653,29.239,30.37,1088,0
1AT,D,20201202,000000,30.276,30.276,29.993,30.182,1104,0
1AT,D,20201203,000000,30.182,30.182,29.239,29.239,3094,0
1AT,D,20201204,000000,30.182,30.182,28.956,28.956,1605,0
1AT,D,20201207,000000,29.05,30.182,28.673,28.673,4201,0
1AT,D,20201208,000000,29.144,29.71,28.861,29.71,951,0
1AT,D,20201209,000000,30.182,30.842,29.71,30.653,1766,0
1AT,D,20201210,000000,30.653,30.653,29.522,29.71,810,0
1AT,D,20201211,000000,30.465,30.653,29.899,29.899,1451,0
1AT,D,20201214,000000,30.465,30.465,29.239,29.899,1386,0
1AT,D,20201215,000000,29.427,29.993,29.427,29.993,1985,0
1AT,D,20201216,000000,30.559,30.559,29.427,29.616,9236,0
1AT,D,20201217,000000,30.559,30.559,30.087,30.182,1410,0
1AT,D,20201218,000000,30.087,30.465,29.427,29.899,1812,0
1AT,D,20201221,000000,29.899,30.465,29.71,29.993,691,0
1AT,D,20201222,000000,29.805,30.653,29.805,30.653,1274,0
1AT,D,20201223,000000,30.465,30.653,30.182,30.182,615,0
1AT,D,20201228,000000,30.37,30.559,29.616,30.182,7576,0
1AT,D,20201229,000000,30.182,30.653,30.182,30.653,786,0
1AT,D,20201230,000000,30.653,30.653,30.37,30.653,1110,0
1AT,D,20210104,000000,31.031,32.351,30.748,31.597,26659,0
1AT,D,20210105,000000,31.408,31.597,31.031,31.031,2758,0
1AT,D,20210107,000000,31.597,33.766,31.597,32.068,46229,0
1AT,D,20210108,000000,34.803,34.898,33.389,33.955,6770,0
1AT,D,20210111,000000,33.955,34.049,33.766,33.955,3372,0
1AT,D,20210112,000000,33.955,35.652,33.766,34.803,30973,0
1AT,D,20210113,000000,34.803,35.369,34.143,35.086,4131,0
1AT,D,20210114,000000,35.086,35.086,34.143,34.898,1270,0
1AT,D,20210115,000000,34.898,34.898,34.143,34.426,2883,0
1AT,D,20210118,000000,34.709,35.369,34.049,35.369,3131,0
1AT,D,20210119,000000,35.369,37.35,35.086,36.784,26649,0
1AT,D,20210120,000000,37.067,37.256,34.992,36.784,8329,0
1AT,D,20210121,000000,36.784,36.784,35.558,36.69,4331,0
1AT,D,20210122,000000,36.878,36.878,35.841,36.312,344,0
1AT,D,20210125,000000,36.407,36.784,36.03,36.312,1963,0
1AT,D,20210126,000000,35.747,36.784,35.747,36.784,446,0
1AT,D,20210127,000000,36.784,36.784,35.369,36.312,3437,0
1AT,D,20210128,000000,35.841,36.312,34.898,35.841,3872,0
1AT,D,20210129,000000,36.312,36.312,34.992,35.747,427,0
1AT,D,20210201,000000,35.841,36.784,35.841,36.784,3750,0
1AT,D,20210202,000000,36.784,36.784,36.312,36.784,2043,0
1AT,D,20210203,000000,35.558,36.878,35.558,36.312,2552,0
1AT,D,20210204,000000,37.256,39.048,37.256,37.633,35137,0
1AT,D,20210205,000000,37.727,39.331,37.727,39.236,7516,0
1AT,D,20210208,000000,39.236,40.557,38.67,38.67,10388,0
1AT,D,20210209,000000,38.67,40.085,37.727,37.727,12212,0
1AT,D,20210210,000000,38.67,40.368,38.67,39.142,20557,0
1AT,D,20210211,000000,39.614,42.066,39.614,41.5,22492,0
1AT,D,20210212,000000,41.406,41.972,40.557,40.557,4213,0
1AT,D,20210215,000000,40.557,40.557,39.331,39.991,3008,0
1AT,D,20210216,000000,39.142,40.462,38.293,38.482,11398,0
1AT,D,20210217,000000,38.765,39.425,38.01,38.67,12321,0
1AT,D,20210218,000000,39.048,39.048,38.01,38.576,1715,0
1AT,D,20210219,000000,38.67,38.67,37.727,37.727,4631,0
1AT,D,20210222,000000,37.35,37.916,37.35,37.727,9069,0
1AT,D,20210223,000000,37.916,38.105,37.35,37.539,13917,0
1AT,D,20210224,000000,37.633,37.633,37.067,37.633,1178,0
1AT,D,20210225,000000,37.633,38.105,37.35,37.916,2609,0
1AT,D,20210226,000000,36.878,38.01,36.878,38.01,5573,0
1AT,D,20210301,000000,39.236,39.331,38.105,39.236,2839,0
1AT,D,20210302,000000,38.953,40.368,38.953,39.802,2533,0
1AT,D,20210303,000000,40.274,41.217,40.274,40.557,5660,0
1AT,D,20210304,000000,40.84,40.84,39.802,40.274,23755,0
1AT,D,20210305,000000,40.368,40.368,39.708,40.085,17692,0
1AT,D,20210308,000000,40.18,40.462,39.802,40.462,1820,0
1AT,D,20210309,000000,40.368,40.745,40.18,40.368,1741,0
1AT,D,20210310,000000,40.368,40.84,40.368,40.84,1167,0
1AT,D,20210311,000000,40.651,41.123,40.462,40.462,15167,0
1AT,D,20210312,000000,40.651,41.028,40.368,40.745,1936,0
1AT,D,20210315,000000,40.745,41.406,40.462,40.84,4447,0
1AT,D,20210316,000000,41.123,41.123,39.802,39.802,8496,0
1AT,D,20210317,000000,40.085,40.274,39.048,39.236,4406,0
1AT,D,20210318,000000,39.425,40.085,39.142,39.142,5885,0
1AT,D,20210319,000000,40.18,40.557,38.67,39.142,23111,0
1AT,D,20210322,000000,39.425,39.425,38.67,39.142,5418,0
1AT,D,20210323,000000,39.048,39.048,37.916,38.765,5479,0
1AT,D,20210324,000000,38.859,38.859,37.916,38.387,1778,0
1AT,D,20210325,000000,38.67,38.67,37.822,37.822,6962,0
1AT,D,20210326,000000,38.387,38.953,38.387,38.859,2320,0
1AT,D,20210329,000000,38.67,39.048,38.576,38.67,2575,0
1AT,D,20210330,000000,38.576,39.142,38.482,39.048,2499,0
1AT,D,20210331,000000,39.142,39.142,38.199,38.576,5270,0
1AT,D,20210401,000000,38.67,39.236,38.482,39.142,2859,0
1AT,D,20210406,000000,39.142,41.028,38.953,39.897,14317,0
1AT,D,20210407,000000,39.991,40.557,39.991,40.462,3625,0
1AT,D,20210408,000000,40.651,41.972,40.557,41.972,41675,0
1AT,D,20210409,000000,41.972,43.198,41.972,42.726,10709,0
1AT,D,20210412,000000,43.386,44.047,43.009,44.047,30283,0
1AT,D,20210413,000000,44.141,44.801,43.952,44.047,30043,0
1AT,D,20210414,000000,44.33,44.612,44.047,44.047,2628,0
1AT,D,20210415,000000,43.952,44.235,42.632,43.009,1731,0
1AT,D,20210416,000000,43.009,44.518,43.009,44.424,3977,0
1AT,D,20210419,000000,44.424,44.518,43.386,44.33,2967,0
1AT,D,20210420,000000,44.33,44.612,44.33,44.424,5783,0
1AT,D,20210421,000000,44.424,44.612,43.858,43.858,3591,0
1AT,D,20210422,000000,43.858,44.895,43.858,44.895,1660,0
1AT,D,20210423,000000,45.084,45.556,43.386,43.386,6803,0
1AT,D,20210426,000000,43.386,45.273,42.443,44.895,14667,0
1AT,D,20210427,000000,43.858,45.273,43.575,43.764,3847,0
1AT,D,20210428,000000,44.424,44.518,43.575,43.575,24265,0
1AT,D,20210429,000000,43.481,44.235,43.481,44.235,1000,0
1AT,D,20210430,000000,44.33,44.33,43.764,43.858,849,0
1AT,D,20210504,000000,44.33,45.273,43.858,45.273,3841,0
1AT,D,20210505,000000,44.33,45.273,43.952,44.612,15945,0
1AT,D,20210506,000000,44.895,44.99,43.858,44.99,5207,0
1AT,D,20210507,000000,45.273,45.273,44.424,44.801,1516,0
1AT,D,20210510,000000,45.273,45.556,44.707,45.556,3220,0
1AT,D,20210511,000000,46.027,46.027,44.707,45.461,1352,0
1AT,D,20210512,000000,45.65,45.65,44.801,45.367,1370,0
1AT,D,20210513,000000,45.084,45.461,45.084,45.367,3789,0
1AT,D,20210514,000000,45.367,45.744,45.273,45.65,2161,0
1AT,D,20210517,000000,47.536,49.611,47.536,49.045,57546,0
1AT,D,20210518,000000,49.234,49.611,49.045,49.045,6616,0
1AT,D,20210519,000000,49.234,49.611,46.782,48.102,5327,0
1AT,D,20210520,000000,48.102,48.857,47.536,48.668,1947,0
1AT,D,20210521,000000,49.045,51.498,49.045,49.045,13645,0
1AT,D,20210524,000000,49.045,49.045,47.159,47.159,7042,0
1AT,D,20210525,000000,47.348,48.48,46.782,47.348,3548,0
1AT,D,20210526,000000,47.159,47.914,46.782,47.159,3405,0
1AT,D,20210527,000000,46.687,48.291,46.593,48.291,2651,0
1AT,D,20210528,000000,48.48,48.668,48.102,48.102,2764,0
1AT,D,20210531,000000,48.48,48.857,47.725,48.102,2023,0
1AT,D,20210601,000000,49.045,49.045,46.97,47.159,4751,0
1AT,D,20210602,000000,47.914,48.668,46.405,47.159,3213,0
1AT,D,20210604,000000,47.725,47.725,46.027,46.122,6108,0
1AT,D,20210607,000000,46.027,47.065,46.027,46.216,4805,0
1AT,D,20210608,000000,46.876,46.97,45.933,46.405,4970,0
1AT,D,20210609,000000,46.405,47.348,46.405,47.159,1240,0
1AT,D,20210610,000000,47.159,47.348,46.499,47.159,705,0
1AT,D,20210611,000000,47.159,47.159,46.216,46.687,1001,0
1AT,D,20210614,000000,47.159,48.291,46.216,46.97,2593,0
1AT,D,20210615,000000,46.687,47.914,46.687,46.97,2110,0
1AT,D,20210616,000000,46.97,48.102,46.97,48.102,1017,0
1AT,D,20210617,000000,48.102,48.102,46.782,47.914,500,0
1AT,D,20210618,000000,47.914,48.291,47.159,48.291,2344,0
1AT,D,20210621,000000,48.291,48.291,46.687,48.102,1492,0
1AT,D,20210622,000000,48.102,48.102,47.348,47.914,2216,0
1AT,D,20210623,000000,47.914,49.423,47.914,49.423,5935,0
1AT,D,20210624,000000,49.8,49.989,48.668,49.989,3787,0
1AT,D,20210625,000000,50.366,50.366,49.045,49.989,3238,0
1AT,D,20210628,000000,49.989,49.989,48.102,49.8,2094,0
1AT,D,20210629,000000,49.045,49.8,48.857,49.045,2555,0
1AT,D,20210630,000000,48.48,49.423,48.48,49.045,4007,0
1AT,D,20210701,000000,49.045,50.743,49.045,49.8,7229,0
1AT,D,20210702,000000,49.8,50.743,49.423,49.423,43005,0
1AT,D,20210705,000000,49.8,51.686,48.668,49.8,19744,0
1AT,D,20210706,000000,51.6,51.6,50,51.2,5953,0
1AT,D,20210707,000000,51.2,51.6,49.7,51.2,5018,0
1AT,D,20210708,000000,51.2,51.6,47.4,49.4,8152,0
1AT,D,20210709,000000,49.6,50.2,49.4,50,3274,0
1AT,D,20210712,000000,49.6,50.6,49.5,49.5,2917,0
1AT,D,20210713,000000,50.4,50.8,50.2,50.8,824,0
1AT,D,20210714,000000,50.6,50.6,49.4,49.6,3135,0
1AT,D,20210715,000000,49.6,49.6,49.2,49.6,2464,0
1AT,D,20210716,000000,49.6,49.6,49.2,49.6,1443,0
1AT,D,20210719,000000,49.2,49.6,47.8,48.1,2754,0
1AT,D,20210720,000000,47.3,48.1,46.3,47.7,3235,0
1AT,D,20210721,000000,47.2,48.6,47.2,48.2,2294,0
1AT,D,20210722,000000,47.5,48.4,47.5,48.4,2356,0
1AT,D,20210723,000000,47.6,49.8,47.6,49.8,2107,0
1AT,D,20210726,000000,49.9,49.9,47.4,49,19033,0
1AT,D,20210727,000000,48.1,49.9,48.1,49.8,609,0
1AT,D,20210728,000000,49.9,49.9,48.6,49.9,289,0
1AT,D,20210729,000000,49.9,50.4,49.6,49.6,1368,0
1AT,D,20210730,000000,50.4,52,50.2,51.2,6152,0
1AT,D,20210802,000000,51.2,51.6,50.4,51.6,2365,0
1AT,D,20210803,000000,51.8,51.8,50.6,51.4,808,0
1AT,D,20210804,000000,51.4,52.4,50,52.4,4151,0
1AT,D,20210805,000000,52.4,53.2,51,53,2881,0
1AT,D,20210806,000000,52.8,54,52,53.4,4159,0
1AT,D,20210809,000000,54,54.6,53,54.6,2209,0
1AT,D,20210810,000000,54.8,55,53,53.2,1801,0
1AT,D,20210811,000000,53.2,54,53,53.8,256,0
1AT,D,20210812,000000,54,54,51,52.8,1803,0
1AT,D,20210813,000000,53,53.6,51.8,53,376,0
1AT,D,20210816,000000,53,53,51.8,51.8,1542,0
1AT,D,20210817,000000,51.2,51.8,48.2,51,6431,0
1AT,D,20210818,000000,50.2,51,50.2,51,509,0
1AT,D,20210819,000000,50.2,50.8,49,50.4,5387,0
1AT,D,20210820,000000,49.6,50.2,49.6,50.2,3856,0
1AT,D,20210823,000000,49.2,51,49.2,50.8,4536,0
1AT,D,20210824,000000,51,52.4,49,49.9,20059,0
1AT,D,20210825,000000,49.2,50.4,48.8,49.8,9357,0
1AT,D,20210826,000000,49.7,49.9,47.8,48.6,8309,0
1AT,D,20210827,000000,49.4,49.4,48.2,48.2,2449,0
1AT,D,20210830,000000,48.3,49.5,48.3,49.4,2969,0
1AT,D,20210831,000000,49.4,50.4,48.9,50.4,3820,0
1AT,D,20210901,000000,50.4,50.6,48.6,49.8,39358,0
1AT,D,20210902,000000,50.4,50.4,49.3,49.5,1946,0
1AT,D,20210903,000000,50.4,50.8,48.5,48.5,10005,0
1AT,D,20210906,000000,49,49.4,48.6,49,2040,0
1AT,D,20210907,000000,49,49.1,47.8,48.7,9895,0
1AT,D,20210908,000000,48.1,48.4,47.7,48,5226,0
1AT,D,20210909,000000,47.1,49.4,46.8,49.2,8748,0
1AT,D,20210910,000000,49.3,49.6,48.6,49.6,7979,0
1AT,D,20210913,000000,50,51,49.7,50,4436,0
1AT,D,20210914,000000,50.6,50.6,49.1,49.7,2492,0
1AT,D,20210915,000000,50,50.8,49.2,50.6,7353,0
1AT,D,20210916,000000,50.6,50.8,50,50.8,7887,0
1AT,D,20210917,000000,50.8,50.8,50.4,50.8,3620,0
1AT,D,20210920,000000,50.4,50.4,48.6,49.9,10867,0
1AT,D,20210921,000000,49,50.4,49,50.4,3167,0
1AT,D,20210922,000000,50.6,50.6,50,50.6,2985,0
1AT,D,20210923,000000,50.6,50.6,49.2,49.7,2023,0
1AT,D,20210924,000000,49.5,50.2,48.3,49,5950,0
1AT,D,20210927,000000,49,49.2,48.2,49.2,6663,0
1AT,D,20210928,000000,49.2,49.2,47.6,48,3865,0
1AT,D,20210929,000000,48,49.1,47.5,49.1,9305,0
1AT,D,20210930,000000,49,49.1,47.6,49.1,4363,0
1AT,D,20211001,000000,49,49.2,48.5,49.1,1571,0
1AT,D,20211004,000000,48.6,48.6,48.1,48.5,2096,0
1AT,D,20211005,000000,48.9,48.9,48,48.4,5778,0
1AT,D,20211006,000000,48.5,48.5,47,47.2,20443,0
1AT,D,20211007,000000,46.7,49,46.7,49,8784,0
1AT,D,20211008,000000,49,49,48.1,48.4,2179,0
1AT,D,20211011,000000,48.8,48.8,48.1,48.7,799,0
1AT,D,20211012,000000,48.5,48.5,47.7,47.9,2929,0
1AT,D,20211013,000000,48,48,46.7,47.4,6549,0
1AT,D,20211014,000000,47.6,47.6,47.2,47.4,12695,0
1AT,D,20211015,000000,47.5,47.5,47,47.2,2759,0
1AT,D,20211018,000000,47.4,47.6,46.4,46.4,7183,0
1AT,D,20211019,000000,46.4,46.7,45.6,46.4,30079,0
1AT,D,20211020,000000,46,46.9,46,46.8,5944,0
1AT,D,20211021,000000,47.3,47.3,46,46.9,2632,0
1AT,D,20211022,000000,47.1,47.4,46.9,47.2,4599,0
1AT,D,20211025,000000,47.2,48.2,47.2,48.1,10294,0
1AT,D,20211026,000000,47.8,48.2,47.8,48.2,5332,0
1AT,D,20211027,000000,48.6,49,48.1,48.8,3972,0
1AT,D,20211028,000000,48.5,49,48.1,48.5,1989,0
1AT,D,20211029,000000,48.8,48.8,47,47.6,3273,0
1AT,D,20211102,000000,47.6,48,45.6,46.4,4832,0
1AT,D,20211103,000000,47.3,47.3,45.2,45.9,6195,0
1AT,D,20211104,000000,45.8,46,43.2,43.5,30962,0
1AT,D,20211105,000000,43.3,43.3,41.6,42.3,25510,0
1AT,D,20211108,000000,42.3,43.5,42,42.1,32416,0
1AT,D,20211109,000000,42.2,42.9,42,42.6,64628,0
1AT,D,20211110,000000,42.4,43.2,42.4,43.2,4085,0
1AT,D,20211112,000000,42.7,42.7,42.5,42.6,2060,0
1AT,D,20211115,000000,42.6,43.3,42.6,42.9,24800,0
1AT,D,20211116,000000,43,43.2,42.8,43,85247,0
1AT,D,20211117,000000,43,43.3,42.7,42.9,15624,0
1AT,D,20211118,000000,43.6,44.5,42.8,43.1,14981,0
1AT,D,20211119,000000,43.5,43.5,43.1,43.2,2733,0
1AT,D,20211122,000000,43.2,43.2,42.9,43.2,5160,0
1AT,D,20211123,000000,43.2,44,43,43.6,20871,0
1AT,D,20211124,000000,43.9,44.8,43.7,44.8,14771,0
1AT,D,20211125,000000,45,45.5,44.7,45,3875,0
1AT,D,20211126,000000,45.3,45.3,43.1,45.1,4520,0
1AT,D,20211129,000000,45,46.4,44.3,46.4,3881,0
1AT,D,20211130,000000,46.4,47.8,45,47.8,7174,0
1AT,D,20211201,000000,48.6,49,47.6,48.8,34847,0
1AT,D,20211202,000000,48.9,48.9,45.7,46.2,2384,0
1AT,D,20211203,000000,47,47,46.3,46.8,633,0
1AT,D,20211206,000000,47,47,46.6,46.8,23606,0
1AT,D,20211207,000000,46.8,47,45.8,46,2935,0
1AT,D,20211208,000000,47,47,46.1,46.5,1148,0
1AT,D,20211209,000000,46.2,46.8,44.1,45,1406,0
1AT,D,20211210,000000,47,47,45.1,45.3,20341,0
1AT,D,20211213,000000,47,47,46,46.5,1982,0
1AT,D,20211214,000000,46.8,48.2,46.2,46.9,4142,0
1AT,D,20211215,000000,47,47.5,45,47.2,6315,0
1AT,D,20211216,000000,47.4,48,47,47.8,2833,0
1AT,D,20211217,000000,47.7,47.7,46.5,46.6,1104,0
1AT,D,20211220,000000,46.3,46.3,45.5,45.6,3297,0
1AT,D,20211221,000000,46.2,46.3,45.5,46.3,25865,0
1AT,D,20211222,000000,46.2,46.6,46,46.4,4156,0
1AT,D,20211223,000000,46.4,46.8,46.2,46.7,1786,0
1AT,D,20211227,000000,46.7,46.7,45.1,46.1,2553,0
1AT,D,20211228,000000,45.1,46.3,45,46.3,6195,0
1AT,D,20211229,000000,46.4,47.2,46,46.8,42549,0
1AT,D,20211230,000000,46.5,47,46.1,46.1,5049,0
1AT,D,20220103,000000,45.4,48,45.4,47.5,42400,0
1AT,D,20220104,000000,47,47.7,46.5,47,5321,0
1AT,D,20220105,000000,47,47.1,46.5,46.8,4754,0
1AT,D,20220107,000000,46.9,47.5,46.5,47.5,1331,0
1AT,D,20220110,000000,46.6,47.6,46.6,47.5,2892,0
1AT,D,20220111,000000,48,48.2,47.5,47.5,597,0
1AT,D,20220112,000000,47.5,48,47,47.3,2705,0
1AT,D,20220113,000000,47.4,47.9,47.2,47.7,2670,0
1AT,D,20220114,000000,47.7,47.8,46.8,47.3,1168,0
1AT,D,20220117,000000,46.6,47.1,46.6,47.1,1547,0
1AT,D,20220118,000000,47.1,47.1,46.5,46.8,2538,0
1AT,D,20220119,000000,46.8,47,46,46.5,3621,0
1AT,D,20220120,000000,46,46.5,46,46,1234,0
1AT,D,20220121,000000,46.6,46.6,44.1,44.1,3547,0
1AT,D,20220124,000000,44.1,44.3,42.1,42.8,3418,0
1AT,D,20220125,000000,42.1,43.9,41.6,41.6,7890,0
1AT,D,20220126,000000,41.7,42.7,41.7,42.1,16087,0
1AT,D,20220127,000000,42.3,42.7,41.3,42,11204,0
1AT,D,20220128,000000,41.8,42.6,41.2,42,22357,0
1AT,D,20220131,000000,42.7,42.7,41.3,42,13731,0
1AT,D,20220201,000000,42.4,42.4,41.6,41.8,26341,0
1AT,D,20220202,000000,42.3,42.8,41.9,42.4,9253,0
1AT,D,20220203,000000,42.4,43.5,42.4,43.4,2826,0
1AT,D,20220204,000000,43.5,43.6,42.8,42.8,2174,0
1AT,D,20220207,000000,42.5,43,42.1,42.1,3337,0
1AT,D,20220208,000000,42.7,43.5,42.2,42.8,1330,0
1AT,D,20220209,000000,42.8,42.8,42,42.4,10010,0
1AT,D,20220210,000000,43.1,43.1,42.5,42.7,214280,0
1AT,D,20220211,000000,43,43,42.5,42.9,388,0
1AT,D,20220214,000000,42,42.5,41.6,42.4,7235,0
1AT,D,20220215,000000,42.6,42.6,41.8,42.6,1536,0
1AT,D,20220216,000000,42.7,42.7,42.1,42.1,1425,0
1AT,D,20220217,000000,42.9,42.9,41.6,42.8,7116,0
1AT,D,20220218,000000,42.7,44.8,42.1,44.8,5871,0
1AT,D,20220221,000000,43.4,44.6,41.6,41.6,3210,0
1AT,D,20220222,000000,41.5,42.9,41.2,42.1,14961,0
1AT,D,20220223,000000,42.1,42.2,41.8,41.8,990,0
1AT,D,20220224,000000,38.6,41.7,36.4,41,32289,0
1AT,D,20220225,000000,40.3,42,40.3,41,5007,0
1AT,D,20220228,000000,42.1,42.1,39.5,42,14527,0
1AT,D,20220301,000000,41.9,41.9,40,40,3247,0
1AT,D,20220302,000000,40,40.2,39.2,39.8,1939,0
1AT,D,20220303,000000,39.6,39.6,38.9,39.1,2617,0
1AT,D,20220304,000000,38.9,39,37.6,38.1,1627,0
1AT,D,20220307,000000,38,38,35,37.3,11499,0
1AT,D,20220308,000000,37.3,37.3,34.1,35.9,8267,0
1AT,D,20220309,000000,35.9,36.8,35.7,36.6,16666,0
1AT,D,20220310,000000,36.9,37.6,36.6,37.2,22049,0
1AT,D,20220311,000000,37.8,38.4,37.5,38.4,6804,0
1AT,D,20220314,000000,38.8,38.8,38.3,38.4,2346,0
1AT,D,20220315,000000,38.8,38.8,38.1,38.5,2713,0
1AT,D,20220316,000000,38.8,38.8,38.2,38.5,4110,0
1AT,D,20220317,000000,38.8,39.6,38.5,38.9,4945,0
1AT,D,20220318,000000,42,42,40,40.6,26415,0
1AT,D,20220321,000000,41.4,42,40.4,41.7,8967,0
1AT,D,20220322,000000,41.7,41.8,41,41.3,7086,0
1AT,D,20220323,000000,41.5,41.9,41,41.7,28364,0
1AT,D,20220324,000000,42.2,42.3,40.2,40.7,19961,0
1AT,D,20220325,000000,41.4,41.4,40.2,40.4,4825,0
1AT,D,20220328,000000,41,41,40.6,40.6,3781,0
1AT,D,20220329,000000,41,41,40,40,4579,0
1AT,D,20220330,000000,40.7,41.3,40.3,40.3,3161,0
1AT,D,20220331,000000,40.4,40.6,40,40.2,2542,0
1AT,D,20220401,000000,40.6,41.9,40.6,41.1,8400,0
1AT,D,20220404,000000,42,43.2,41.6,43,25463,0
1AT,D,20220405,000000,43,43.1,42.6,42.9,6333,0
1AT,D,20220406,000000,42.7,42.8,41,41,7397,0
1AT,D,20220407,000000,41.1,41.2,40.6,40.9,5396,0
1AT,D,20220408,000000,40.9,40.9,39.2,40.5,11498,0
1AT,D,20220411,000000,40.5,40.5,39.2,39.8,85862,0
1AT,D,20220412,000000,39.7,40.8,39.7,40.8,1841,0
1AT,D,20220413,000000,40.8,41.8,40.8,41,4781,0
1AT,D,20220414,000000,41.3,41.8,41.1,41.5,2820,0
1AT,D,20220419,000000,41.8,41.8,41,41.6,4964,0
1AT,D,20220420,000000,41.7,42.7,41.6,42.7,14110,0
1AT,D,20220421,000000,44,44.8,43.7,43.7,19031,0
1AT,D,20220422,000000,43.9,44,43.7,44,5102,0
