<TICKER>,<PER>,<DATE>,<TIME>,<OPEN>,<HIGH>,<LOW>,<CLOSE>,<VOL>,<OPENINT>
APR,D,20160606,000000,2.3788,2.3788,2.3393,2.3491,10222,0
APR,D,20160607,000000,2.3985,2.4676,2.3491,2.3689,3136,0
APR,D,20160608,000000,2.4676,2.4676,2.3788,2.4577,927,0
APR,D,20160609,000000,2.5565,2.5663,2.3985,2.3985,36921,0
APR,D,20160610,000000,2.4676,2.4676,2.3886,2.4183,6357,0
APR,D,20160613,000000,2.4183,2.6256,2.4183,2.4973,22955,0
APR,D,20160614,000000,2.517,2.5565,2.5071,2.5565,7300,0
APR,D,20160615,000000,2.7638,2.7638,2.5861,2.6058,13889,0
APR,D,20160616,000000,2.8526,2.8526,2.6749,2.6749,15579,0
APR,D,20160617,000000,2.6749,2.7341,2.6058,2.7341,4524,0
APR,D,20160620,000000,2.9513,3.1092,2.7835,2.7933,26609,0
APR,D,20160621,000000,2.9513,2.9513,2.7835,2.9019,9014,0
APR,D,20160622,000000,2.9019,3.1586,2.8624,3.0993,143772,0
APR,D,20160623,000000,3.1388,3.3362,2.9513,3.0104,246261,0
APR,D,20160624,000000,2.7638,2.8921,2.665,2.8526,132099,0
APR,D,20160627,000000,2.9414,2.9513,2.8526,2.9414,76410,0
APR,D,20160628,000000,2.9414,2.9513,2.813,2.8723,63822,0
APR,D,20160629,000000,3.1487,3.1487,2.9118,3.0697,64939,0
APR,D,20160630,000000,3.1289,3.1289,3.0204,3.0697,13588,0
APR,D,20160701,000000,3.1092,3.1092,2.971,3.05,6541,0
APR,D,20160704,000000,2.9907,3.05,2.8624,2.9216,15211,0
APR,D,20160705,000000,2.9612,2.9612,2.8723,2.9118,4219,0
APR,D,20160706,000000,2.9513,2.9513,2.813,2.8526,9721,0
APR,D,20160707,000000,2.8921,2.8921,2.7736,2.8427,10752,0
APR,D,20160708,000000,2.8427,2.9612,2.813,2.9315,27225,0
APR,D,20160711,000000,2.9315,3.0993,2.9315,3.0895,599659,0
APR,D,20160712,000000,3.0796,3.1586,3.0598,3.1191,246024,0
APR,D,20160713,000000,3.1388,3.2572,3.0796,3.2572,322790,0
APR,D,20160714,000000,3.2572,3.4843,3.2572,3.4349,454136,0
APR,D,20160715,000000,3.4448,3.4546,3.3362,3.3658,107829,0
APR,D,20160718,000000,3.3658,3.4152,3.3263,3.4053,88021,0
APR,D,20160719,000000,3.4152,3.4152,3.3362,3.3362,85561,0
APR,D,20160720,000000,3.3362,3.3954,3.277,3.3954,294518,0
APR,D,20160721,000000,3.356,3.3856,3.2572,3.3263,120332,0
APR,D,20160722,000000,3.3263,3.3954,3.3066,3.3856,64966,0
APR,D,20160725,000000,3.3658,3.3757,3.3066,3.3757,81069,0
APR,D,20160726,000000,3.3757,3.3757,3.3066,3.356,26210,0
APR,D,20160727,000000,3.356,3.356,3.3066,3.3461,246640,0
APR,D,20160728,000000,3.3066,3.356,3.3066,3.356,102205,0
APR,D,20160729,000000,3.356,3.4744,3.3165,3.4546,505938,0
APR,D,20160801,000000,3.4349,3.5336,3.4349,3.4942,23101,0
APR,D,20160802,000000,3.504,3.5237,3.4546,3.4942,49516,0
APR,D,20160803,000000,3.4744,3.4942,3.4546,3.4645,45546,0
APR,D,20160804,000000,3.504,3.5237,3.4645,3.5237,24080,0
APR,D,20160805,000000,3.504,3.7508,3.504,3.741,160181,0
APR,D,20160808,000000,3.8001,3.8001,3.6817,3.7014,42407,0
APR,D,20160809,000000,3.7014,3.731,3.5139,3.6718,89365,0
APR,D,20160810,000000,3.6718,3.7014,3.6422,3.6916,58503,0
APR,D,20160811,000000,3.7211,3.7211,3.6817,3.6916,31009,0
APR,D,20160812,000000,3.7014,3.7014,3.6521,3.6817,105754,0
APR,D,20160816,000000,3.7113,3.7113,3.6521,3.6521,72119,0
APR,D,20160817,000000,3.7014,3.7014,3.5237,3.583,117612,0
APR,D,20160818,000000,3.6126,3.6422,3.5633,3.583,165140,0
APR,D,20160819,000000,3.583,3.6422,3.5633,3.583,17858,0
APR,D,20160822,000000,3.583,3.5928,3.5731,3.5731,24324,0
APR,D,20160823,000000,3.5928,3.6027,3.5534,3.5731,52141,0
APR,D,20160824,000000,3.6027,3.6027,3.5435,3.5928,14374,0
APR,D,20160825,000000,3.5928,3.5928,3.4349,3.5435,42447,0
APR,D,20160826,000000,3.5534,3.5731,3.4546,3.5435,29073,0
APR,D,20160829,000000,3.5237,3.5534,3.4645,3.5139,87692,0
APR,D,20160830,000000,3.5237,3.5237,3.4645,3.504,22826,0
APR,D,20160831,000000,3.5534,3.5534,3.4744,3.5237,56537,0
APR,D,20160901,000000,3.5534,3.5534,3.4349,3.4349,30636,0
APR,D,20160902,000000,3.3954,3.5237,3.3856,3.5237,45535,0
APR,D,20160905,000000,3.5336,3.5534,3.4744,3.5336,66822,0
APR,D,20160906,000000,3.5435,3.6916,3.5237,3.6916,14431,0
APR,D,20160907,000000,3.7705,4.1456,3.583,4.0963,1376270,0
APR,D,20160908,000000,4.1752,4.1752,3.9876,4.0272,224419,0
APR,D,20160909,000000,4.0075,4.1456,3.9679,3.9778,335402,0
APR,D,20160912,000000,4.0173,4.0864,3.9975,4.0567,54518,0
APR,D,20160913,000000,4.0666,4.2344,4.0666,4.1949,361592,0
APR,D,20160914,000000,4.1752,4.3035,4.1357,4.2344,274483,0
APR,D,20160915,000000,4.2838,4.3628,4.264,4.264,191870,0
APR,D,20160916,000000,4.3134,4.3232,4.1949,4.264,67010,0
APR,D,20160919,000000,4.264,4.2937,4.1949,4.2443,37520,0
APR,D,20160920,000000,4.2344,4.2541,4.1949,4.2147,51173,0
APR,D,20160921,000000,4.2246,4.2246,4.1851,4.1949,52052,0
APR,D,20160922,000000,4.2246,4.2246,4.0469,4.1357,96912,0
APR,D,20160923,000000,4.1653,4.2246,4.0963,4.2147,131019,0
APR,D,20160926,000000,4.2147,4.3232,4.2147,4.2838,137707,0
APR,D,20160927,000000,4.3232,4.3232,4.2246,4.3035,27175,0
APR,D,20160928,000000,4.3134,4.3134,4.2443,4.3134,215802,0
APR,D,20160929,000000,4.3134,4.3134,4.2443,4.2937,151186,0
APR,D,20160930,000000,4.3134,4.3134,4.2344,4.274,348429,0
APR,D,20161003,000000,4.274,4.343,4.2443,4.3331,34738,0
APR,D,20161004,000000,4.3331,4.3331,4.2838,4.2937,16520,0
APR,D,20161005,000000,4.2937,4.2937,4.2443,4.2443,37457,0
APR,D,20161006,000000,4.2443,4.274,4.1851,4.2147,113989,0
APR,D,20161007,000000,4.2541,4.2541,4.2147,4.2246,47840,0
APR,D,20161010,000000,4.2344,4.264,4.2147,4.2344,31157,0
APR,D,20161011,000000,4.2443,4.2443,4.1258,4.1258,175763,0
APR,D,20161012,000000,4.2344,4.2344,3.8593,4.1258,234242,0
APR,D,20161013,000000,4.1851,4.2838,4.1357,4.2344,286173,0
APR,D,20161014,000000,4.3134,4.3232,4.2049,4.2344,37280,0
APR,D,20161017,000000,4.2246,4.2246,4.1752,4.2049,76837,0
APR,D,20161018,000000,4.2147,4.2147,4.0666,4.1949,156857,0
APR,D,20161019,000000,4.1653,4.1949,4.0864,4.1456,51897,0
APR,D,20161020,000000,4.1949,4.1949,4.1258,4.1851,14501,0
APR,D,20161021,000000,4.1456,4.2049,4.0963,4.116,39945,0
APR,D,20161024,000000,4.116,4.116,4.0864,4.0864,10892,0
APR,D,20161025,000000,4.0765,4.1258,4.0567,4.116,107389,0
APR,D,20161026,000000,4.1456,4.1456,4.1061,4.1357,29328,0
APR,D,20161027,000000,4.1851,4.1851,4.0963,4.1752,98389,0
APR,D,20161028,000000,4.1752,4.2838,4.1456,4.1456,49098,0
APR,D,20161031,000000,4.2147,4.2838,4.1456,4.2838,128141,0
APR,D,20161102,000000,4.2838,4.2838,4.0469,4.1357,161268,0
APR,D,20161103,000000,4.1357,4.1752,4.0173,4.0469,39627,0
APR,D,20161104,000000,4.116,4.116,4.0469,4.0864,19871,0
APR,D,20161107,000000,4.1653,4.1653,4.0469,4.1061,17235,0
APR,D,20161108,000000,4.1061,4.1061,4.0075,4.0864,164964,0
APR,D,20161109,000000,3.8593,4.0864,3.8495,4.0666,63735,0
APR,D,20161110,000000,4.1456,4.3628,4.0666,4.2443,113544,0
APR,D,20161114,000000,4.3035,4.3035,4.0963,4.2246,51398,0
APR,D,20161115,000000,4.116,4.2246,4.116,4.2147,20374,0
APR,D,20161116,000000,4.2443,4.274,4.1456,4.1949,29614,0
APR,D,20161117,000000,4.1456,4.2147,4.0469,4.0963,116082,0
APR,D,20161118,000000,4.0963,4.1456,4.0469,4.1357,51330,0
APR,D,20161121,000000,4.1357,4.1456,3.9679,4.0864,184547,0
APR,D,20161122,000000,4.0864,4.1258,4.0075,4.1061,50550,0
APR,D,20161123,000000,4.116,4.1456,4.0469,4.1357,42791,0
APR,D,20161124,000000,4.1456,4.2344,4.0765,4.1258,37804,0
APR,D,20161125,000000,4.1752,4.2443,4.1258,4.2147,65089,0
APR,D,20161128,000000,4.2147,4.2541,4.1653,4.2049,16208,0
APR,D,20161129,000000,4.2541,4.2541,4.1653,4.1851,151602,0
APR,D,20161130,000000,4.1949,4.2344,4.1456,4.2344,91030,0
APR,D,20161201,000000,4.2344,4.2344,4.1949,4.2246,14970,0
APR,D,20161202,000000,4.2246,4.2246,4.0963,4.1653,37366,0
APR,D,20161205,000000,4.2049,4.2049,4.0963,4.2049,130135,0
APR,D,20161206,000000,4.1949,4.2147,4.1456,4.1949,38874,0
APR,D,20161207,000000,4.2049,4.2049,4.1653,4.1949,30907,0
APR,D,20161208,000000,4.1752,4.1949,4.116,4.1851,96077,0
APR,D,20161209,000000,4.1752,4.1752,4.1653,4.1752,28736,0
APR,D,20161212,000000,4.2344,4.3923,4.2344,4.3628,199768,0
APR,D,20161213,000000,4.3726,4.4022,4.3232,4.3628,386427,0
APR,D,20161214,000000,4.3923,4.3923,4.2246,4.264,196592,0
APR,D,20161215,000000,4.2541,4.3232,4.2541,4.3232,142906,0
APR,D,20161216,000000,4.343,4.3726,4.3232,4.343,23365,0
APR,D,20161219,000000,4.3529,4.3529,4.274,4.3331,21700,0
APR,D,20161220,000000,4.3232,4.3529,4.264,4.2838,164416,0
APR,D,20161221,000000,4.3331,4.3331,4.2541,4.3232,49316,0
APR,D,20161222,000000,4.3035,4.3134,4.274,4.274,107533,0
APR,D,20161223,000000,4.3134,4.3134,4.2541,4.274,17511,0
APR,D,20161227,000000,4.2937,4.2937,4.2049,4.274,46607,0
APR,D,20161228,000000,4.274,4.3035,4.2049,4.2147,81544,0
APR,D,20161229,000000,4.2344,4.3035,4.1851,4.3035,45628,0
APR,D,20161230,000000,4.3035,4.3232,4.2246,4.3232,43961,0
APR,D,20170102,000000,4.3628,4.3726,4.2937,4.3134,13315,0
APR,D,20170103,000000,4.343,4.3726,4.3035,4.3726,21773,0
APR,D,20170104,000000,4.3923,4.3923,4.343,4.3923,30818,0
APR,D,20170105,000000,4.4121,4.7379,4.4121,4.5897,156456,0
APR,D,20170109,000000,4.6293,4.6786,4.5405,4.5897,19967,0
APR,D,20170110,000000,4.6095,4.6095,4.4911,4.5305,85276,0
APR,D,20170111,000000,4.5602,4.5602,4.4516,4.5108,30869,0
APR,D,20170112,000000,4.5108,4.5897,4.4121,4.5009,128615,0
APR,D,20170113,000000,4.57,4.57,4.5009,4.57,29430,0
APR,D,20170116,000000,4.57,4.57,4.5108,4.5405,25313,0
APR,D,20170117,000000,4.5602,4.5799,4.4812,4.4812,31722,0
APR,D,20170118,000000,4.4911,4.4911,4.1258,4.1949,1216669,0
APR,D,20170119,000000,4.2443,4.3331,4.1357,4.2838,220160,0
APR,D,20170120,000000,4.2838,4.5108,4.274,4.5009,144159,0
APR,D,20170123,000000,4.5009,4.5799,4.4911,4.5799,54350,0
APR,D,20170124,000000,4.5897,4.876,4.57,4.8365,252000,0
APR,D,20170125,000000,4.8958,4.9056,4.7379,4.7871,90768,0
APR,D,20170126,000000,4.9056,4.9056,4.7379,4.8365,42843,0
APR,D,20170127,000000,4.8267,4.8267,4.7279,4.7871,27167,0
APR,D,20170130,000000,4.7379,4.8168,4.7082,4.7773,76849,0
APR,D,20170131,000000,4.797,4.8859,4.7181,4.7379,77641,0
APR,D,20170201,000000,4.7773,4.807,4.7181,4.807,26996,0
APR,D,20170202,000000,4.8168,4.876,4.7871,4.8267,17546,0
APR,D,20170203,000000,4.876,4.876,4.7477,4.807,32434,0
APR,D,20170206,000000,4.8168,4.8168,4.7279,4.7477,22016,0
APR,D,20170207,000000,4.7279,4.797,4.6293,4.649,48013,0
APR,D,20170208,000000,4.7181,4.7181,4.5897,4.6293,16579,0
APR,D,20170209,000000,4.649,4.7773,4.6391,4.6588,32533,0
APR,D,20170210,000000,4.6588,4.7576,4.6588,4.7477,26855,0
APR,D,20170213,000000,4.7674,4.797,4.7181,4.7477,21696,0
APR,D,20170214,000000,4.7477,4.7871,4.7279,4.7477,11988,0
APR,D,20170215,000000,4.7477,4.807,4.7082,4.7181,124895,0
APR,D,20170216,000000,4.7871,4.7871,4.7279,4.7279,32579,0
APR,D,20170217,000000,4.7379,4.7379,4.6588,4.6588,60199,0
APR,D,20170220,000000,4.7379,4.7773,4.7279,4.7279,20409,0
APR,D,20170221,000000,4.7773,4.797,4.6885,4.7379,29675,0
APR,D,20170222,000000,4.7477,4.7576,4.6983,4.7379,10044,0
APR,D,20170223,000000,4.6983,4.7773,4.6983,4.7477,46919,0
APR,D,20170224,000000,4.7674,4.7773,4.6885,4.6983,33500,0
APR,D,20170227,000000,4.7674,4.7674,4.6391,4.7279,18129,0
APR,D,20170228,000000,4.7181,4.7181,4.5405,4.6391,41569,0
APR,D,20170301,000000,4.6885,4.6885,4.5503,4.5503,31385,0
APR,D,20170302,000000,4.5503,4.6391,4.4911,4.6391,93632,0
APR,D,20170303,000000,4.6194,4.6194,4.57,4.6194,8616,0
APR,D,20170306,000000,4.6194,4.6194,4.57,4.5897,27808,0
APR,D,20170307,000000,4.5897,4.6588,4.5897,4.6095,38138,0
APR,D,20170308,000000,4.6391,4.6391,4.5503,4.5996,72566,0
APR,D,20170309,000000,4.5799,4.5996,4.4516,4.4911,60182,0
APR,D,20170310,000000,4.4911,4.6588,4.3923,4.649,179541,0
APR,D,20170313,000000,4.7379,4.8267,4.6885,4.7674,253654,0
APR,D,20170314,000000,4.8267,4.8267,4.7379,4.7576,50971,0
APR,D,20170315,000000,4.8168,4.8859,4.7576,4.8859,1184010,0
APR,D,20170316,000000,4.8859,5.2412,4.8662,5.1327,738865,0
APR,D,20170317,000000,5.1327,5.1918,5.0735,5.1721,209808,0
APR,D,20170320,000000,5.2313,5.2412,5.1327,5.2412,209919,0
APR,D,20170321,000000,5.2609,5.4189,5.1327,5.1327,36603,0
APR,D,20170322,000000,5.1327,5.1327,4.9944,5.0932,14681,0
APR,D,20170323,000000,5.2511,5.3992,5.2313,5.3201,256033,0
APR,D,20170324,000000,5.3794,5.3794,5.1129,5.3498,75507,0
APR,D,20170327,000000,5.2116,5.3498,5.2116,5.3301,13553,0
APR,D,20170328,000000,5.3301,5.3301,5.1918,5.2807,11817,0
APR,D,20170329,000000,5.2018,5.2018,4.9747,5.0635,166028,0
APR,D,20170330,000000,5.0241,5.182,4.9944,5.1227,29228,0
APR,D,20170331,000000,4.9944,5.1918,4.9944,5.1327,40315,0
APR,D,20170403,000000,4.9944,5.2215,4.9944,5.1918,50023,0
APR,D,20170404,000000,5.1918,5.3103,5.1918,5.2313,50612,0
APR,D,20170405,000000,5.4288,5.4288,5.34,5.3695,104491,0
APR,D,20170406,000000,5.2313,5.2313,4.9056,4.9846,648470,0
APR,D,20170407,000000,4.9846,5.0339,4.9451,4.9846,75058,0
APR,D,20170410,000000,4.9846,5.0438,4.9353,4.9846,97706,0
APR,D,20170411,000000,4.9846,5.0241,4.9253,4.9846,103400,0
APR,D,20170412,000000,4.9846,4.9846,4.9056,4.9648,75982,0
APR,D,20170413,000000,4.9451,4.9648,4.9056,4.9253,108453,0
APR,D,20170418,000000,4.9155,4.9353,4.7477,4.8464,240485,0
APR,D,20170419,000000,4.8562,5.0339,4.8464,5.0142,33854,0
APR,D,20170420,000000,5.0241,5.0241,4.9056,4.9846,112559,0
APR,D,20170421,000000,4.9846,5.0142,4.9056,5.0142,92007,0
APR,D,20170424,000000,5.0142,5.1327,4.9648,5.103,168851,0
APR,D,20170425,000000,5.182,5.2215,5.1327,5.182,36064,0
APR,D,20170426,000000,5.2018,5.2215,5.0536,5.1623,88512,0
APR,D,20170427,000000,5.182,5.182,5.0833,5.182,98858,0
APR,D,20170428,000000,5.1721,5.2313,5.1327,5.2313,418766,0
APR,D,20170502,000000,5.182,5.3004,5.182,5.2807,55538,0
APR,D,20170504,000000,5.3103,5.4189,5.2116,5.3004,57500,0
APR,D,20170505,000000,5.3201,5.3301,5.2609,5.3301,39114,0
APR,D,20170508,000000,5.3498,5.3794,5.3004,5.3301,106673,0
APR,D,20170509,000000,5.34,5.34,5.2313,5.2313,52831,0
APR,D,20170510,000000,5.2018,5.3004,5.0635,5.2709,125394,0
APR,D,20170511,000000,5.2709,5.3301,5.182,5.3201,485224,0
APR,D,20170512,000000,5.3004,5.3498,5.2215,5.3498,160771,0
APR,D,20170515,000000,5.3695,5.3794,5.2313,5.2807,20824,0
APR,D,20170516,000000,5.3201,5.3201,5.1623,5.2807,26393,0
APR,D,20170517,000000,5.2807,5.2807,5.0932,5.1327,34963,0
APR,D,20170518,000000,5.0735,5.2807,4.9944,5.2807,64760,0
APR,D,20170519,000000,5.2313,5.3103,5.2215,5.2807,96507,0
APR,D,20170522,000000,5.3004,5.3004,5.2313,5.2313,9268,0
APR,D,20170523,000000,5.2807,5.2807,5.1327,5.1918,38205,0
APR,D,20170524,000000,5.2018,5.3794,5.2018,5.3794,589159,0
APR,D,20170525,000000,5.3794,5.5669,5.3498,5.488,583615,0
APR,D,20170526,000000,5.5176,5.5176,5.4485,5.5176,11472,0
APR,D,20170529,000000,5.5274,5.5274,5.4288,5.5176,26700,0
APR,D,20170530,000000,5.5571,5.636,5.5176,5.5571,834512,0
APR,D,20170531,000000,5.5966,5.5966,5.4386,5.5571,35920,0
APR,D,20170601,000000,5.5669,5.5669,5.488,5.5374,100479,0
APR,D,20170602,000000,5.6755,5.6755,5.5768,5.6262,603819,0
APR,D,20170605,000000,5.636,5.7742,5.5966,5.6262,127833,0
APR,D,20170606,000000,5.636,5.7446,5.6262,5.636,150099,0
APR,D,20170607,000000,5.7248,5.7248,5.5176,5.5274,681073,0
APR,D,20170608,000000,5.5768,5.6163,5.5274,5.6163,100438,0
APR,D,20170609,000000,5.6262,5.636,5.5768,5.6163,64819,0
APR,D,20170612,000000,5.6755,5.6755,5.5472,5.5472,17298,0
APR,D,20170613,000000,5.5768,5.5866,5.5274,5.5669,14934,0
APR,D,20170614,000000,5.5866,5.6459,5.5768,5.6163,15267,0
APR,D,20170616,000000,5.6262,5.6459,5.5472,5.6065,30074,0
APR,D,20170619,000000,5.6065,5.6459,5.6065,5.6065,29422,0
APR,D,20170620,000000,5.5571,5.6262,5.5571,5.5669,94290,0
APR,D,20170621,000000,5.5669,5.6163,5.5274,5.6163,12239,0
APR,D,20170622,000000,5.6163,5.6163,5.5472,5.5571,10910,0
APR,D,20170623,000000,5.6065,5.6065,5.5374,5.5472,7296,0
APR,D,20170626,000000,5.5472,5.6459,5.5472,5.6459,229690,0
APR,D,20170627,000000,5.6459,5.6755,5.6459,5.6459,31182,0
APR,D,20170628,000000,5.6854,5.6953,5.5768,5.6065,30843,0
APR,D,20170629,000000,5.6262,5.6262,5.409,5.5768,72644,0
APR,D,20170630,000000,5.5866,5.5866,5.4583,5.5176,47621,0
APR,D,20170703,000000,5.4485,5.5768,5.4485,5.5571,11925,0
APR,D,20170704,000000,5.5966,5.5966,5.4781,5.5768,9841,0
APR,D,20170705,000000,5.5768,5.5768,5.4288,5.4583,46983,0
APR,D,20170706,000000,5.4583,5.4583,5.34,5.4189,70891,0
APR,D,20170707,000000,5.3695,5.5669,5.3498,5.4781,29481,0
APR,D,20170710,000000,5.4386,5.5571,5.4386,5.5274,74399,0
APR,D,20170711,000000,5.4683,5.5274,5.4683,5.5077,217731,0
APR,D,20170712,000000,5.5274,5.5669,5.3597,5.5077,40377,0
APR,D,20170713,000000,5.5274,5.5669,5.4781,5.4978,59107,0
APR,D,20170714,000000,5.4781,5.5274,5.4485,5.5274,120704,0
APR,D,20170717,000000,5.5374,5.5374,5.488,5.488,31476,0
APR,D,20170718,000000,5.5176,5.5176,5.3498,5.4288,62269,0
APR,D,20170719,000000,5.4583,5.4781,5.2807,5.3201,192928,0
APR,D,20170720,000000,5.3201,5.3992,5.2215,5.3992,266170,0
APR,D,20170721,000000,5.3992,5.3992,5.3498,5.3695,8197,0
APR,D,20170724,000000,5.3695,5.3892,5.2313,5.3301,70181,0
APR,D,20170725,000000,5.3301,5.3301,5.2116,5.2116,52163,0
APR,D,20170726,000000,5.2313,5.2313,5.0735,5.1721,135988,0
APR,D,20170727,000000,5.1721,5.2313,5.0536,5.2116,19283,0
APR,D,20170728,000000,5.2116,5.2313,5.1129,5.1425,20069,0
APR,D,20170731,000000,5.1425,5.2116,4.8859,4.9353,182936,0
APR,D,20170801,000000,4.9747,5.1327,4.8464,5.1327,191094,0
APR,D,20170802,000000,5.182,5.2313,5.1327,5.2313,58955,0
APR,D,20170803,000000,5.2313,5.2807,5.2018,5.2313,46538,0
APR,D,20170804,000000,5.2116,5.2313,5.1227,5.2313,13980,0
APR,D,20170807,000000,5.2313,5.2313,5.0833,5.2313,107278,0
APR,D,20170808,000000,5.2116,5.2116,5.1425,5.1918,109884,0
APR,D,20170809,000000,5.1918,5.2018,5.1327,5.1327,64034,0
APR,D,20170810,000000,5.1918,5.3201,5.1327,5.2906,327632,0
APR,D,20170811,000000,5.2609,5.2807,5.1327,5.2511,45247,0
APR,D,20170814,000000,5.2412,5.2511,5.2116,5.2215,17689,0
APR,D,20170816,000000,5.2709,5.2709,5.1327,5.1327,46545,0
APR,D,20170817,000000,5.2215,5.2215,5.0932,5.1721,118648,0
APR,D,20170818,000000,5.2215,5.2215,5.0932,5.1327,11453,0
APR,D,20170821,000000,5.103,5.1623,5.103,5.1524,6041,0
APR,D,20170822,000000,5.1327,5.182,5.1327,5.182,15157,0
APR,D,20170823,000000,5.1227,5.2313,5.1227,5.1721,141705,0
APR,D,20170824,000000,5.2215,5.2215,5.1524,5.2018,3254,0
APR,D,20170825,000000,5.2215,5.2215,5.1129,5.1227,93094,0
APR,D,20170828,000000,5.2018,5.2018,5.0833,5.1425,116103,0
APR,D,20170829,000000,5.1524,5.2412,5.1425,5.2313,41487,0
APR,D,20170830,000000,5.2313,5.409,5.1425,5.3992,496967,0
APR,D,20170831,000000,5.3992,5.3992,5.3498,5.3992,171798,0
APR,D,20170901,000000,5.3992,5.5176,5.3892,5.5176,103973,0
APR,D,20170904,000000,5.5669,5.5669,5.3498,5.3794,68343,0
APR,D,20170905,000000,5.409,5.409,5.1721,5.2609,83467,0
APR,D,20170906,000000,5.2609,5.2609,5.1918,5.2313,180112,0
APR,D,20170907,000000,5.3103,5.3201,5.1623,5.2709,162797,0
APR,D,20170908,000000,5.2709,5.3004,5.182,5.3004,3519,0
APR,D,20170911,000000,5.3004,5.3103,5.2018,5.3103,12616,0
APR,D,20170912,000000,5.3201,5.3301,5.2709,5.3103,20642,0
APR,D,20170913,000000,5.3103,5.3103,5.2116,5.2609,10714,0
APR,D,20170914,000000,5.2609,5.3004,5.1918,5.2807,52981,0
APR,D,20170915,000000,5.2609,5.2807,5.1918,5.1918,77620,0
APR,D,20170918,000000,5.1918,5.2609,5.1918,5.2412,115851,0
APR,D,20170919,000000,5.2511,5.2906,5.2511,5.2906,56258,0
APR,D,20170920,000000,5.2018,5.2511,5.0438,5.1425,246960,0
APR,D,20170921,000000,5.1918,5.2313,5.1425,5.182,68556,0
APR,D,20170922,000000,5.2313,5.2313,5.1227,5.2313,52110,0
APR,D,20170925,000000,5.2116,5.2116,5.182,5.2116,4769,0
APR,D,20170926,000000,5.2018,5.2018,5.1327,5.1524,3809,0
APR,D,20170927,000000,5.1425,5.1425,5.0536,5.1425,12681,0
APR,D,20170928,000000,5.182,5.182,5.1227,5.1623,1069,0
APR,D,20170929,000000,5.182,5.409,5.1327,5.409,258069,0
APR,D,20171002,000000,5.4189,5.4288,5.2116,5.2609,418770,0
APR,D,20171003,000000,5.2511,5.2511,5.1425,5.1918,168664,0
APR,D,20171004,000000,5.1918,5.2116,5.1129,5.1524,52626,0
APR,D,20171005,000000,5.1227,5.1918,5.1227,5.182,23405,0
APR,D,20171006,000000,5.182,5.2116,5.1129,5.2018,123194,0
APR,D,20171009,000000,5.2018,5.2116,5.1425,5.1425,12757,0
APR,D,20171010,000000,5.2018,5.2116,5.1425,5.1425,13318,0
APR,D,20171011,000000,5.1327,5.182,5.1327,5.1524,5380,0
APR,D,20171012,000000,5.1623,5.1623,5.0438,5.0932,17827,0
APR,D,20171013,000000,5.1623,5.1721,5.0833,5.0833,10969,0
APR,D,20171016,000000,5.1327,5.1327,5.0438,5.103,72817,0
APR,D,20171017,000000,5.103,5.103,4.8464,4.9056,65244,0
APR,D,20171018,000000,5.0241,5.0241,4.7082,4.9846,236370,0
APR,D,20171019,000000,4.9846,4.9846,4.8562,4.9155,29044,0
APR,D,20171020,000000,4.9155,4.9155,4.8562,4.9155,20385,0
APR,D,20171023,000000,4.9155,4.9155,4.7674,4.8662,42605,0
APR,D,20171024,000000,4.876,4.876,4.6983,4.7773,127711,0
APR,D,20171025,000000,4.7871,4.8562,4.6688,4.8562,480500,0
APR,D,20171026,000000,4.8859,4.9155,4.8365,4.9155,12033,0
APR,D,20171027,000000,4.9155,4.9353,4.8365,4.9155,10621,0
APR,D,20171030,000000,4.9747,4.9747,4.7181,4.7279,500432,0
APR,D,20171031,000000,4.7379,4.8365,4.7379,4.8267,320187,0
APR,D,20171102,000000,4.8859,4.8859,4.6588,4.6786,20321,0
APR,D,20171103,000000,4.6391,4.6588,4.4911,4.6293,57735,0
APR,D,20171106,000000,4.5602,4.6293,4.5602,4.6095,176000,0
APR,D,20171107,000000,4.6391,4.6688,4.5602,4.6391,15256,0
APR,D,20171108,000000,4.6095,4.649,4.5503,4.5897,142415,0
APR,D,20171109,000000,4.5897,4.6391,4.5405,4.5602,6137,0
APR,D,20171110,000000,4.5897,4.5897,4.5305,4.5405,31885,0
APR,D,20171113,000000,4.5405,4.6194,4.4911,4.5405,14415,0
APR,D,20171114,000000,4.5405,4.6095,4.5009,4.5405,13133,0
APR,D,20171115,000000,4.5405,4.6688,4.4022,4.6688,296826,0
APR,D,20171116,000000,4.6786,4.8958,4.6786,4.7674,413006,0
APR,D,20171117,000000,4.8464,4.8464,4.6391,4.8168,27941,0
APR,D,20171120,000000,4.8168,4.8168,4.7181,4.7871,6891,0
APR,D,20171121,000000,4.8168,4.8168,4.6786,4.8168,279245,0
APR,D,20171122,000000,4.876,4.876,4.7477,4.8562,110667,0
APR,D,20171123,000000,4.8662,4.8662,4.7674,4.8662,327767,0
APR,D,20171124,000000,4.876,4.9253,4.8662,4.8859,250230,0
APR,D,20171127,000000,4.8365,5.0536,4.8365,5.0339,83286,0
APR,D,20171128,000000,5.0339,5.0833,5.0241,5.0833,15917,0
APR,D,20171129,000000,5.0833,5.182,5.0339,5.1227,72304,0
APR,D,20171130,000000,5.1327,5.1327,4.8562,4.9253,47180,0
APR,D,20171201,000000,4.9353,4.9846,4.876,4.9747,19039,0
APR,D,20171204,000000,4.9944,5.0339,4.8365,5.0339,53924,0
APR,D,20171205,000000,5.0635,5.1721,4.9944,5.1721,164861,0
APR,D,20171206,000000,5.0241,5.1524,5.0241,5.1524,8332,0
APR,D,20171207,000000,5.1524,5.1524,5.103,5.1327,3793,0
APR,D,20171208,000000,5.1524,5.1524,4.9944,5.0735,2348,0
APR,D,20171211,000000,5.0735,5.0735,4.9944,5.0536,12308,0
APR,D,20171212,000000,5.0536,5.0536,4.9353,5.0044,1662,0
APR,D,20171213,000000,5.0339,5.103,4.955,5.0339,7048,0
APR,D,20171214,000000,5.0735,5.2018,5.0735,5.2018,55052,0
APR,D,20171215,000000,5.2215,5.3301,5.182,5.2709,59117,0
APR,D,20171218,000000,5.2709,5.2709,5.1327,5.2511,1272,0
APR,D,20171219,000000,4.7576,4.8662,4.6786,4.6786,446715,0
APR,D,20171220,000000,4.7181,4.8267,4.6588,4.6688,296372,0
APR,D,20171221,000000,4.6885,4.6885,4.6194,4.6293,60640,0
APR,D,20171222,000000,4.7379,4.7379,4.6095,4.6588,50569,0
APR,D,20171227,000000,4.6588,4.6885,4.57,4.6095,168427,0
APR,D,20171228,000000,4.6194,4.7576,4.5897,4.7576,272436,0
APR,D,20171229,000000,4.6391,4.7379,4.6095,4.6391,362604,0
APR,D,20180103,000000,4.7773,4.7871,4.6885,4.7773,237712,0
APR,D,20180104,000000,4.7871,4.8958,4.7871,4.8562,56155,0
APR,D,20180105,000000,4.8859,4.9253,4.797,4.9253,297530,0
APR,D,20180108,000000,4.9253,4.9253,4.8365,4.8859,19836,0
APR,D,20180109,000000,4.9253,4.9253,4.876,4.876,98073,0
APR,D,20180110,000000,4.8859,4.8859,4.7279,4.8365,48628,0
APR,D,20180111,000000,4.876,4.876,4.7674,4.7871,101985,0
APR,D,20180112,000000,4.8365,4.8562,4.7674,4.807,71772,0
APR,D,20180115,000000,4.8168,4.8859,4.7871,4.8859,25991,0
APR,D,20180116,000000,4.8958,4.8958,4.8168,4.8267,50777,0
APR,D,20180117,000000,4.8365,4.8464,4.7773,4.807,63226,0
APR,D,20180118,000000,4.8168,4.876,4.7674,4.876,186836,0
APR,D,20180119,000000,4.8958,4.9155,4.8464,4.8562,87619,0
APR,D,20180122,000000,4.9155,4.9155,4.7576,4.7871,77452,0
APR,D,20180123,000000,4.8662,4.8662,4.7181,4.7477,152303,0
APR,D,20180124,000000,4.807,4.807,4.57,4.7379,352621,0
APR,D,20180125,000000,4.807,4.8662,4.7871,4.8562,315207,0
APR,D,20180126,000000,4.8662,4.8859,4.8267,4.8859,22769,0
APR,D,20180129,000000,4.8859,4.8859,4.8562,4.8859,71583,0
APR,D,20180130,000000,4.876,4.876,4.7477,4.8562,111497,0
APR,D,20180131,000000,4.8464,4.8464,4.7773,4.8365,42976,0
APR,D,20180201,000000,4.8464,4.876,4.8168,4.8168,14174,0
APR,D,20180202,000000,4.8168,4.8464,4.7279,4.8267,163779,0
APR,D,20180205,000000,4.8464,4.8464,4.7674,4.807,30099,0
APR,D,20180206,000000,4.57,4.7181,4.5602,4.6391,113299,0
APR,D,20180207,000000,4.6688,4.7674,4.6588,4.7181,25883,0
APR,D,20180208,000000,4.7674,4.7674,4.649,4.7279,97308,0
APR,D,20180209,000000,4.6688,4.7279,4.6688,4.7181,32526,0
APR,D,20180212,000000,4.7379,4.7379,4.6293,4.6786,42197,0
APR,D,20180213,000000,4.6885,4.7871,4.649,4.7871,32078,0
APR,D,20180214,000000,4.7773,4.9944,4.7773,4.9944,598074,0
APR,D,20180215,000000,5.0339,5.0932,4.9944,5.0536,190458,0
APR,D,20180216,000000,5.0536,5.1129,4.9944,5.0339,30430,0
APR,D,20180219,000000,5.0932,5.0932,4.955,5.0339,68053,0
APR,D,20180220,000000,5.0339,5.0339,4.8464,4.8464,65161,0
APR,D,20180221,000000,4.9353,4.9747,4.797,4.8365,95652,0
APR,D,20180222,000000,4.797,4.9253,4.7773,4.8365,49959,0
APR,D,20180223,000000,4.9056,4.9056,4.797,4.876,22179,0
APR,D,20180226,000000,4.8958,4.9353,4.8365,4.8662,76120,0
APR,D,20180227,000000,4.9056,4.9056,4.8168,4.8859,22549,0
APR,D,20180228,000000,4.8958,4.8958,4.7477,4.7871,36817,0
APR,D,20180301,000000,4.7871,4.7871,4.7477,4.7871,13863,0
APR,D,20180302,000000,4.4911,4.6194,4.1851,4.422,721907,0
APR,D,20180305,000000,4.4516,4.5009,4.3825,4.4417,169997,0
APR,D,20180306,000000,4.4614,4.5503,4.4614,4.4714,34560,0
APR,D,20180307,000000,4.4714,4.5305,4.3825,4.4318,51374,0
APR,D,20180308,000000,4.4911,4.5305,4.3529,4.4417,40573,0
APR,D,20180309,000000,4.4516,4.4516,4.3923,4.422,12911,0
APR,D,20180312,000000,4.4417,4.4911,4.422,4.4417,49589,0
APR,D,20180313,000000,4.4812,4.4812,4.422,4.4318,23439,0
APR,D,20180314,000000,4.4318,4.4911,4.422,4.4417,28155,0
APR,D,20180315,000000,4.4614,4.4812,4.4121,4.4812,42709,0
APR,D,20180316,000000,4.4812,4.4812,4.3825,4.4417,13612,0
APR,D,20180319,000000,4.4417,4.4417,4.3825,4.4121,31977,0
APR,D,20180320,000000,4.4121,4.4417,4.3923,4.4417,28993,0
APR,D,20180321,000000,4.4417,4.4417,4.3726,4.3825,33176,0
APR,D,20180322,000000,4.4714,4.4714,4.3529,4.3923,15414,0
APR,D,20180323,000000,4.343,4.3923,4.1555,4.2838,115756,0
APR,D,20180326,000000,4.2838,4.4318,4.2838,4.4318,22466,0
APR,D,20180327,000000,4.422,4.422,4.274,4.343,47805,0
APR,D,20180328,000000,4.3923,4.3923,4.116,4.1258,156957,0
APR,D,20180329,000000,4.1456,4.2246,4.0567,4.1949,112191,0
APR,D,20180403,000000,4.1949,4.3331,4.1949,4.3134,71121,0
APR,D,20180404,000000,4.3232,4.3232,4.2344,4.2443,60890,0
APR,D,20180405,000000,4.3134,4.3628,4.264,4.264,17714,0
APR,D,20180406,000000,4.3232,4.4812,4.2937,4.4812,187015,0
APR,D,20180409,000000,4.5305,4.57,4.4417,4.5405,45683,0
APR,D,20180410,000000,4.5305,4.5405,4.4417,4.4614,23146,0
APR,D,20180411,000000,4.5305,4.5305,4.3923,4.3923,15018,0
APR,D,20180412,000000,4.4911,4.4911,4.343,4.4417,53104,0
APR,D,20180413,000000,4.4516,4.5897,4.4516,4.5897,255381,0
APR,D,20180416,000000,4.6391,4.6391,4.4911,4.6293,336741,0
APR,D,20180417,000000,4.6293,4.6293,4.5108,4.5897,31349,0
APR,D,20180418,000000,4.5897,4.5897,4.4812,4.5897,141548,0
APR,D,20180419,000000,4.5799,4.5799,4.5108,4.5405,5132,0
APR,D,20180420,000000,4.5405,4.5503,4.4812,4.5405,28229,0
APR,D,20180423,000000,4.4812,4.5305,4.422,4.4417,10108,0
APR,D,20180424,000000,4.4812,4.4911,4.3232,4.4812,109944,0
APR,D,20180425,000000,4.4714,4.4714,4.2147,4.2443,93744,0
APR,D,20180426,000000,4.2541,4.4121,4.2443,4.3035,45667,0
APR,D,20180427,000000,4.3331,4.3331,4.2049,4.2443,96221,0
APR,D,20180430,000000,4.2838,4.4121,4.2443,4.4121,153513,0
APR,D,20180502,000000,4.4121,4.4121,4.2937,4.2937,20081,0
APR,D,20180504,000000,4.3825,4.3825,4.1653,4.1949,123682,0
APR,D,20180507,000000,4.2443,4.4318,4.1949,4.343,173630,0
APR,D,20180508,000000,4.3825,4.5108,4.2541,4.343,107544,0
APR,D,20180509,000000,4.422,4.422,4.2838,4.2838,103011,0
APR,D,20180510,000000,4.4022,4.4022,4.3035,4.3923,43787,0
APR,D,20180511,000000,4.4022,4.4318,4.3923,4.422,449,0
APR,D,20180514,000000,4.343,4.422,4.274,4.3825,32327,0
APR,D,20180515,000000,4.4022,4.4417,4.2937,4.4417,45727,0
APR,D,20180516,000000,4.4614,4.5009,4.343,4.4417,85573,0
APR,D,20180517,000000,4.4417,4.5108,4.3923,4.4318,81021,0
APR,D,20180518,000000,4.4714,4.4714,4.3134,4.343,8512,0
APR,D,20180521,000000,4.4318,4.4318,4.2937,4.3232,15892,0
APR,D,20180522,000000,4.422,4.422,4.2147,4.343,108556,0
APR,D,20180523,000000,4.422,4.4417,4.3628,4.4318,388889,0
APR,D,20180524,000000,4.4318,4.4318,4.3726,4.422,259621,0
APR,D,20180525,000000,4.4318,4.4318,4.343,4.4121,139492,0
APR,D,20180528,000000,4.4318,4.4318,4.3331,4.3628,77482,0
APR,D,20180529,000000,4.3628,4.3628,4.3035,4.3529,5780,0
APR,D,20180530,000000,4.3035,4.3628,4.2443,4.2443,203406,0
APR,D,20180601,000000,4.1752,4.2443,4.1258,4.2344,69431,0
APR,D,20180604,000000,4.2443,4.4318,4.1555,4.1653,377757,0
APR,D,20180605,000000,4.264,4.264,4.1851,4.264,3725,0
APR,D,20180606,000000,4.3628,4.3628,4.2541,4.2838,196891,0
APR,D,20180607,000000,4.3331,4.343,4.2541,4.3331,40047,0
APR,D,20180608,000000,4.3628,4.3923,4.3035,4.3825,46903,0
APR,D,20180611,000000,4.4022,4.4022,4.4022,4.4022,132,0
APR,D,20180612,000000,4.3825,4.3825,4.3134,4.3726,62160,0
APR,D,20180613,000000,4.3726,4.3726,4.3035,4.343,20775,0
APR,D,20180614,000000,4.343,4.3628,4.343,4.343,15,0
APR,D,20180615,000000,4.343,4.3628,3.9482,4.3628,165347,0
APR,D,20180618,000000,4.2344,4.343,4.1555,4.2443,84513,0
APR,D,20180619,000000,4.2937,4.2937,3.9679,4.1456,73985,0
APR,D,20180620,000000,4.0272,4.2443,4.0272,4.2443,65381,0
APR,D,20180621,000000,4.2838,4.2838,4.0173,4.037,127799,0
APR,D,20180622,000000,4.0963,4.0963,3.9284,3.9581,79671,0
APR,D,20180625,000000,3.9679,3.9679,3.9284,3.9581,55338,0
APR,D,20180626,000000,3.9482,3.9482,3.8001,3.8988,147461,0
APR,D,20180627,000000,3.8988,3.8988,3.8495,3.8791,60702,0
APR,D,20180628,000000,4.1851,4.1851,3.81,3.81,76608,0
APR,D,20180629,000000,3.81,4.037,3.81,3.8988,88752,0
APR,D,20180702,000000,3.9482,4.1752,3.7804,4.1456,19785,0
APR,D,20180703,000000,4.1851,4.2147,3.9975,4.0963,12291,0
APR,D,20180704,000000,4.2049,4.2147,3.9876,4.1949,20995,0
APR,D,20180705,000000,4.2147,4.2147,4.1061,4.2147,11480,0
APR,D,20180706,000000,4.2049,4.2049,4.1258,4.1949,46572,0
APR,D,20180709,000000,4.1949,4.1949,4.0765,4.1653,8574,0
APR,D,20180710,000000,4.1851,4.1851,4.0567,4.1752,233,0
APR,D,20180711,000000,4.1456,4.1456,4.0567,4.1258,74195,0
APR,D,20180712,000000,4.1258,4.1258,4.0173,4.0173,22875,0
APR,D,20180713,000000,4.0173,4.0469,4.0173,4.0173,40877,0
APR,D,20180716,000000,4.0075,4.0963,3.81,4.0469,42569,0
APR,D,20180717,000000,4.0469,4.0469,3.9383,4.0469,102252,0
APR,D,20180718,000000,4.0469,4.0469,3.9284,3.9975,1625,0
APR,D,20180719,000000,3.8396,4.037,3.8396,3.9482,18979,0
APR,D,20180720,000000,3.9482,4.0864,3.9482,4.0272,102793,0
APR,D,20180723,000000,4.0469,4.0666,4.0272,4.0272,256513,0
APR,D,20180724,000000,4.0666,4.1851,4.0666,4.1851,155640,0
APR,D,20180725,000000,4.1949,4.2344,4.1258,4.1456,52711,0
APR,D,20180726,000000,4.2443,4.3134,4.1949,4.2443,8773,0
APR,D,20180727,000000,4.3232,4.3232,4.1456,4.2443,209107,0
APR,D,20180730,000000,4.2443,4.3035,4.1456,4.2246,11622,0
APR,D,20180731,000000,4.3035,4.422,4.3035,4.422,246114,0
APR,D,20180801,000000,4.4022,4.4022,4.2443,4.2937,336075,0
APR,D,20180802,000000,4.3331,4.3331,4.2344,4.2344,1021,0
APR,D,20180803,000000,4.2838,4.2838,4.2344,4.2443,10150,0
APR,D,20180806,000000,4.264,4.264,4.2344,4.2344,2089,0
APR,D,20180807,000000,4.274,4.274,4.0864,4.2049,10773,0
APR,D,20180808,000000,4.264,4.264,4.2049,4.264,429,0
APR,D,20180809,000000,4.264,4.264,4.1752,4.1851,3244,0
APR,D,20180810,000000,4.264,4.264,4.1752,4.264,168,0
APR,D,20180813,000000,4.264,4.264,4.1456,4.2443,5359,0
APR,D,20180814,000000,4.2541,4.2541,4.1555,4.2344,2333,0
APR,D,20180816,000000,4.2344,4.2344,4.0666,4.1949,4205,0
APR,D,20180817,000000,4.1949,4.1949,4.0963,4.1949,3024,0
APR,D,20180820,000000,4.1851,4.1851,4.0666,4.1456,12837,0
APR,D,20180821,000000,4.1456,4.1851,4.1061,4.1061,3865,0
APR,D,20180822,000000,4.1258,4.1258,4.1061,4.1061,564,0
APR,D,20180823,000000,4.1851,4.1851,4.0864,4.1456,2364,0
APR,D,20180824,000000,4.0666,4.1851,4.0666,4.1456,1307,0
APR,D,20180827,000000,4.1456,4.1456,4.1456,4.1456,11302,0
APR,D,20180828,000000,4.1456,4.1456,4.0567,4.1258,277389,0
APR,D,20180829,000000,4.1357,4.1357,4.1061,4.1061,102,0
APR,D,20180830,000000,4.0567,4.1456,4.0567,4.1258,176069,0
APR,D,20180831,000000,4.1258,4.1456,4.0666,4.1456,189618,0
APR,D,20180903,000000,4.1456,4.1456,4.0272,4.0469,3394,0
APR,D,20180904,000000,4.0075,4.037,3.8791,3.9482,131379,0
APR,D,20180905,000000,3.8988,3.9975,3.81,3.8495,68312,0
APR,D,20180906,000000,3.8495,3.8692,3.6916,3.6916,39292,0
APR,D,20180907,000000,3.7705,3.81,3.5928,3.7014,161421,0
APR,D,20180910,000000,3.6027,3.81,3.6027,3.7014,134881,0
APR,D,20180911,000000,3.7804,3.8495,3.6619,3.6619,27346,0
APR,D,20180912,000000,3.8593,4.1456,3.8001,3.8001,377413,0
APR,D,20180913,000000,3.8495,3.889,3.7902,3.8396,88746,0
APR,D,20180914,000000,3.9284,3.9284,3.7508,3.7508,18923,0
APR,D,20180917,000000,3.8495,3.8495,3.7508,3.7508,3566,0
APR,D,20180918,000000,3.7113,3.9284,3.7014,3.9284,242442,0
APR,D,20180919,000000,3.9284,3.9284,3.8988,3.9284,222553,0
APR,D,20180920,000000,3.9284,3.9284,3.8495,3.8988,2567,0
APR,D,20180921,000000,3.8988,3.8988,3.81,3.889,31619,0
APR,D,20180924,000000,3.889,3.889,3.81,3.8495,11732,0
APR,D,20180925,000000,3.8791,3.8791,3.7705,3.8593,38449,0
APR,D,20180926,000000,3.8495,3.8495,3.7705,3.8001,116843,0
APR,D,20180927,000000,3.7705,3.8298,3.6718,3.6817,29805,0
APR,D,20180928,000000,3.81,3.8199,3.6718,3.8001,333200,0
APR,D,20181001,000000,3.8396,3.8396,3.6817,3.7607,5960,0
APR,D,20181002,000000,3.7705,3.7705,3.7014,3.7508,4821,0
APR,D,20181003,000000,3.7607,3.7705,3.7211,3.741,320089,0
APR,D,20181004,000000,3.7705,3.8593,3.7508,3.8199,13913,0
APR,D,20181005,000000,3.81,3.8298,3.8001,3.8298,4261,0
APR,D,20181008,000000,3.8001,3.8001,3.7014,3.7014,28167,0
APR,D,20181009,000000,3.7508,3.8396,3.7508,3.8396,159862,0
APR,D,20181010,000000,3.8593,4.0963,3.8396,3.9284,82868,0
APR,D,20181011,000000,3.81,3.9975,3.7902,3.8988,3411,0
APR,D,20181012,000000,3.9383,3.9383,3.8298,3.8298,4888,0
APR,D,20181015,000000,3.8988,3.8988,3.7508,3.7705,26746,0
APR,D,20181016,000000,3.889,3.889,3.7014,3.741,39792,0
APR,D,20181017,000000,3.8396,3.8396,3.7211,3.7211,2744655,0
APR,D,20181018,000000,3.8199,3.8199,3.7508,3.7508,698392,0
APR,D,20181019,000000,3.8199,3.8791,3.7508,3.8692,515627,0
APR,D,20181022,000000,3.889,3.889,3.731,3.741,7970,0
APR,D,20181023,000000,3.8298,3.8298,3.7014,3.7014,41217,0
APR,D,20181024,000000,3.7211,3.7705,3.6916,3.7607,209704,0
APR,D,20181025,000000,3.7508,3.7508,3.6126,3.7211,8514,0
APR,D,20181026,000000,3.7211,3.7211,3.6916,3.7113,6616,0
APR,D,20181029,000000,3.731,3.731,3.6521,3.6521,25180,0
APR,D,20181030,000000,3.6323,3.6718,3.504,3.6323,27340,0
APR,D,20181031,000000,3.6422,3.6916,3.6225,3.6521,67670,0
APR,D,20181102,000000,3.6521,3.6619,3.6422,3.6422,21406,0
APR,D,20181105,000000,3.6422,3.7113,3.6225,3.6225,2518,0
APR,D,20181106,000000,3.6225,3.6718,3.5928,3.6521,40284,0
APR,D,20181107,000000,3.6521,3.6718,3.6225,3.6521,53848,0
APR,D,20181108,000000,3.6521,3.6619,3.6225,3.6422,40483,0
APR,D,20181109,000000,3.6521,3.6521,3.5928,3.6323,35051,0
APR,D,20181113,000000,3.6521,3.6619,3.6521,3.6521,6508,0
APR,D,20181114,000000,3.6323,3.6323,3.6126,3.6225,3350,0
APR,D,20181115,000000,3.6521,3.6521,3.5633,3.6422,6404,0
APR,D,20181116,000000,3.6422,3.6422,3.5435,3.6422,26914,0
APR,D,20181119,000000,3.6521,3.6521,3.6126,3.6323,1341,0
APR,D,20181120,000000,3.6225,3.6225,3.504,3.5435,6100,0
APR,D,20181121,000000,3.5336,3.6027,3.5139,3.6027,2455,0
APR,D,20181122,000000,3.6126,3.6126,3.6027,3.6126,2468,0
APR,D,20181123,000000,3.6126,3.6126,3.5534,3.5534,33662,0
APR,D,20181126,000000,3.6027,3.6422,3.504,3.6126,33327,0
APR,D,20181127,000000,3.5928,3.6126,3.5139,3.5534,67317,0
APR,D,20181128,000000,3.5534,3.6521,3.5139,3.6126,91735,0
APR,D,20181129,000000,3.6916,3.7211,3.5633,3.6422,184602,0
APR,D,20181130,000000,3.6422,3.6817,3.6027,3.6323,1219570,0
APR,D,20181203,000000,3.7014,3.7508,3.6422,3.6817,198359,0
APR,D,20181204,000000,3.7211,3.7211,3.6027,3.6422,12076,0
APR,D,20181205,000000,3.6422,3.6422,3.6126,3.6422,13488,0
APR,D,20181206,000000,3.6521,3.6521,3.6027,3.6323,113601,0
APR,D,20181207,000000,3.6521,3.6521,3.6027,3.6323,126854,0
APR,D,20181210,000000,3.6323,3.6521,3.6225,3.6225,64298,0
APR,D,20181211,000000,3.6521,3.6521,3.4251,3.504,43589,0
APR,D,20181212,000000,3.5534,3.6323,3.4546,3.6323,157250,0
APR,D,20181213,000000,3.6619,3.6619,3.5928,3.6521,82942,0
APR,D,20181214,000000,3.6718,3.889,3.6521,3.8791,763837,0
APR,D,20181217,000000,3.8692,3.9876,3.81,3.8495,1196639,0
APR,D,20181218,000000,3.8593,3.889,3.8298,3.8495,65419,0
APR,D,20181219,000000,3.8791,3.8791,3.81,3.8791,312991,0
APR,D,20181220,000000,3.8692,3.8791,3.8298,3.8692,55740,0
APR,D,20181221,000000,3.8791,3.8791,3.8001,3.8001,3889,0
APR,D,20181227,000000,3.8495,3.8495,3.8199,3.8199,980,0
APR,D,20181228,000000,3.8396,3.8988,3.7508,3.81,223319,0
APR,D,20190102,000000,3.81,3.8495,3.7804,3.7902,5785,0
APR,D,20190103,000000,3.8692,3.8692,3.7113,3.7113,2230,0
APR,D,20190104,000000,3.7113,3.8298,3.6916,3.741,34993,0
APR,D,20190107,000000,3.7508,3.81,3.7211,3.7804,13378,0
APR,D,20190108,000000,3.8396,3.8396,3.7705,3.7705,6078,0
APR,D,20190109,000000,3.7508,3.8298,3.7508,3.8298,24742,0
APR,D,20190110,000000,3.7607,3.8396,3.7508,3.8199,9414,0
APR,D,20190111,000000,3.7607,3.8298,3.7607,3.8199,1830,0
APR,D,20190114,000000,3.8001,4.037,3.7211,3.9482,142887,0
APR,D,20190115,000000,3.9679,4.0272,3.9679,3.9876,91116,0
APR,D,20190116,000000,3.9876,4.0272,3.9778,3.9778,174205,0
APR,D,20190117,000000,3.9778,4.0173,3.8692,3.9383,11780,0
APR,D,20190118,000000,3.9383,3.9383,3.8495,3.8692,18005,0
APR,D,20190121,000000,3.889,3.9383,3.8692,3.889,17071,0
APR,D,20190122,000000,3.9186,3.9186,3.7902,3.8396,26445,0
APR,D,20190123,000000,3.8791,3.8988,3.8495,3.8988,110636,0
APR,D,20190124,000000,3.8988,3.8988,3.81,3.8692,13535,0
APR,D,20190125,000000,3.8298,3.8692,3.7705,3.8495,15671,0
APR,D,20190128,000000,3.9284,3.9284,3.7705,3.8298,22406,0
APR,D,20190129,000000,3.8692,3.8692,3.7705,3.7705,28093,0
APR,D,20190130,000000,3.7705,3.8692,3.7508,3.7508,80724,0
APR,D,20190131,000000,3.8396,3.8692,3.7804,3.8692,29228,0
APR,D,20190201,000000,3.8692,3.8692,3.81,3.8692,29012,0
APR,D,20190204,000000,3.9876,3.9876,3.889,3.9284,96185,0
APR,D,20190205,000000,3.9679,3.9679,3.8988,3.9284,12124,0
APR,D,20190206,000000,3.9679,3.9679,3.889,3.8988,182718,0
APR,D,20190207,000000,3.9087,3.9087,3.7902,3.8199,20606,0
APR,D,20190208,000000,3.7902,3.8495,3.7804,3.8495,15153,0
APR,D,20190211,000000,3.9383,3.9383,3.8199,3.9186,29858,0
APR,D,20190212,000000,3.9284,3.9284,3.8495,3.889,11617,0
APR,D,20190213,000000,3.9186,3.9186,3.7705,3.8495,19999,0
APR,D,20190214,000000,3.8396,3.8791,3.8001,3.8791,2028,0
APR,D,20190215,000000,3.8791,3.8791,3.8495,3.8791,821,0
APR,D,20190218,000000,3.9284,3.9284,3.8593,3.889,26255,0
APR,D,20190219,000000,3.8988,3.8988,3.8692,3.8692,5001,0
APR,D,20190220,000000,3.8692,3.9482,3.8692,3.9482,54459,0
APR,D,20190221,000000,3.9482,3.9482,3.8001,3.889,22603,0
APR,D,20190222,000000,3.889,4.1456,3.889,4.1258,921080,0
APR,D,20190225,000000,4.1061,4.2049,4.1061,4.1456,490045,0
APR,D,20190226,000000,4.1752,4.1752,4.0567,4.1061,17930,0
APR,D,20190227,000000,4.1456,4.1851,4.0963,4.1258,179571,0
APR,D,20190228,000000,4.1456,4.3923,4.1456,4.1949,245238,0
APR,D,20190301,000000,4.2344,4.2838,4.1555,4.1555,27786,0
APR,D,20190304,000000,4.2147,4.2147,4.0864,4.1456,50850,0
APR,D,20190305,000000,4.1456,4.2049,4.1061,4.2049,13213,0
APR,D,20190306,000000,4.2443,4.3825,4.2049,4.3035,723445,0
APR,D,20190307,000000,4.3035,4.3331,4.264,4.3134,167035,0
APR,D,20190308,000000,4.3134,4.3134,4.264,4.3134,72993,0
APR,D,20190311,000000,4.3134,4.3134,4.274,4.3035,32969,0
APR,D,20190312,000000,4.3035,4.3035,4.1851,4.1949,49225,0
APR,D,20190313,000000,4.2049,4.2443,4.1752,4.2344,9258,0
APR,D,20190314,000000,4.2541,4.2541,4.1752,4.1949,52379,0
APR,D,20190315,000000,4.2049,4.3331,4.2049,4.3035,72209,0
APR,D,20190318,000000,4.3331,4.343,4.264,4.3134,31675,0
APR,D,20190319,000000,4.3134,4.3134,4.264,4.3035,190631,0
APR,D,20190320,000000,4.3035,4.3726,4.2937,4.3331,78005,0
APR,D,20190321,000000,4.3529,4.3726,4.3232,4.3726,243659,0
APR,D,20190322,000000,4.3726,4.3726,4.3134,4.3134,69642,0
APR,D,20190325,000000,4.3035,4.3726,4.3035,4.3134,126506,0
APR,D,20190326,000000,4.3232,4.3232,4.2443,4.2443,71837,0
APR,D,20190327,000000,4.2937,4.3232,4.1949,4.2147,234119,0
APR,D,20190328,000000,4.2049,4.343,4.2049,4.3035,159360,0
APR,D,20190329,000000,4.274,4.3529,4.274,4.3232,167296,0
APR,D,20190401,000000,4.3825,4.4417,4.3134,4.4417,76360,0
APR,D,20190402,000000,4.4812,4.4812,4.2838,4.4417,211882,0
APR,D,20190403,000000,4.4812,4.4812,4.343,4.4417,95013,0
APR,D,20190404,000000,4.6786,4.8168,4.6588,4.7773,1988609,0
APR,D,20190405,000000,4.807,4.9353,4.7674,4.797,173472,0
APR,D,20190408,000000,4.797,4.9155,4.6688,4.807,150873,0
APR,D,20190409,000000,4.8365,4.876,4.7871,4.7871,67975,0
APR,D,20190410,000000,4.7871,4.8365,4.6786,4.7379,50434,0
APR,D,20190411,000000,4.7773,4.7773,4.5602,4.6391,60459,0
APR,D,20190412,000000,4.5897,4.6688,4.5602,4.6391,40232,0
APR,D,20190415,000000,4.5503,4.7477,4.5503,4.7477,16632,0
APR,D,20190416,000000,4.7477,4.7674,4.6983,4.6983,7799,0
APR,D,20190417,000000,4.6983,4.7674,4.6983,4.7181,10794,0
APR,D,20190418,000000,4.7181,4.7181,4.6095,4.6885,11442,0
APR,D,20190423,000000,4.6885,4.6885,4.6194,4.6786,64354,0
APR,D,20190424,000000,4.6786,4.7082,4.5996,4.6786,10974,0
APR,D,20190425,000000,4.6688,4.6786,4.5602,4.6786,84741,0
APR,D,20190426,000000,4.7379,4.7379,4.5996,4.5996,6416,0
APR,D,20190429,000000,4.5996,4.6885,4.5996,4.6885,9666,0
APR,D,20190430,000000,4.6688,4.7773,4.6391,4.7773,14265,0
APR,D,20190502,000000,4.7477,4.8365,4.7477,4.807,14180,0
APR,D,20190506,000000,4.807,4.807,4.6885,4.7674,10478,0
APR,D,20190507,000000,4.7379,4.7871,4.6983,4.7871,160093,0
APR,D,20190508,000000,4.7871,4.797,4.6391,4.7674,115862,0
APR,D,20190509,000000,4.7477,4.7576,4.6391,4.6588,18980,0
APR,D,20190510,000000,4.6588,4.7379,4.649,4.7279,3049,0
APR,D,20190513,000000,4.6885,4.7379,4.6588,4.7082,34535,0
APR,D,20190514,000000,4.7379,4.7477,4.6983,4.7279,50777,0
APR,D,20190515,000000,4.7773,4.7871,4.6588,4.6983,14218,0
APR,D,20190516,000000,4.6885,4.6983,4.6391,4.6786,44132,0
APR,D,20190517,000000,4.6588,4.6885,4.6293,4.6885,6214,0
APR,D,20190520,000000,4.5996,4.7181,4.5996,4.6194,113506,0
APR,D,20190521,000000,4.6194,4.6983,4.5996,4.6588,13384,0
APR,D,20190522,000000,4.6983,4.7379,4.5996,4.6391,33538,0
APR,D,20190523,000000,4.6391,4.6391,4.5897,4.6391,10125,0
APR,D,20190524,000000,4.6391,4.6391,4.5503,4.5996,14271,0
APR,D,20190527,000000,4.5405,4.57,4.3628,4.5405,43753,0
APR,D,20190528,000000,4.5305,4.5305,4.4022,4.4812,20522,0
APR,D,20190529,000000,4.5206,4.5206,4.343,4.343,48769,0
APR,D,20190530,000000,4.2937,4.4812,4.2937,4.4417,13424,0
APR,D,20190531,000000,4.5508,4.5508,4.4516,4.5508,58482,0
APR,D,20190603,000000,4.5508,4.5508,4.4715,4.5508,3705,0
APR,D,20190604,000000,4.5508,4.6103,4.521,4.6103,121289,0
APR,D,20190605,000000,4.6003,4.6103,4.6003,4.6103,7708,0
APR,D,20190606,000000,4.6003,4.6003,4.5111,4.5805,4833,0
APR,D,20190607,000000,4.5904,4.6202,4.5111,4.6103,33002,0
APR,D,20190610,000000,4.5607,4.5904,4.5607,4.5607,1589,0
APR,D,20190611,000000,4.5508,4.5706,4.5409,4.5508,2538,0
APR,D,20190612,000000,4.5409,4.5607,4.521,4.5508,9036,0
APR,D,20190613,000000,4.5309,4.5508,4.4615,4.5111,17620,0
APR,D,20190614,000000,4.5012,4.6202,4.4715,4.6003,69812,0
APR,D,20190617,000000,4.4814,4.6103,4.4814,4.4913,7999,0
APR,D,20190618,000000,4.4913,4.6995,4.4913,4.6003,147978,0
APR,D,20190619,000000,4.6202,4.6995,4.6103,4.6103,71488,0
APR,D,20190621,000000,4.6598,4.6598,4.6103,4.6103,10859,0
APR,D,20190624,000000,4.6598,4.6598,4.6202,4.64,16054,0
APR,D,20190625,000000,4.6598,4.6598,4.5607,4.6103,64125,0
APR,D,20190626,000000,4.6103,4.6103,4.5706,4.5904,72248,0
APR,D,20190627,000000,4.5706,4.6697,4.5111,4.6697,17330,0
APR,D,20190628,000000,4.6797,4.6995,4.5805,4.6995,54807,0
APR,D,20190701,000000,4.7094,4.8085,4.6499,4.6896,46029,0
APR,D,20190702,000000,4.6995,4.759,4.6202,4.7491,142239,0
APR,D,20190703,000000,4.759,4.759,4.7094,4.759,17172,0
APR,D,20190704,000000,4.759,4.7689,4.7491,4.7491,6124,0
APR,D,20190705,000000,4.7491,4.7491,4.6896,4.7491,717,0
APR,D,20190708,000000,4.7491,4.7491,4.6598,4.7292,6013,0
APR,D,20190709,000000,4.759,5.0961,4.759,4.9771,540064,0
APR,D,20190710,000000,4.9969,5.0366,4.868,4.9573,47345,0
APR,D,20190711,000000,4.9771,5.1556,4.9771,5.0762,74145,0
APR,D,20190712,000000,5.0961,5.1159,4.9573,4.9573,44923,0
APR,D,20190715,000000,5.0564,5.0564,4.9374,4.9969,132010,0
APR,D,20190716,000000,5.0564,5.0564,4.9969,5.0564,179435,0
APR,D,20190717,000000,5.0564,5.0564,4.9771,4.9969,295444,0
APR,D,20190718,000000,5.0168,5.0168,4.9176,4.9969,23120,0
APR,D,20190719,000000,4.9969,4.9969,4.868,4.9176,41320,0
APR,D,20190722,000000,4.9176,4.9176,4.8779,4.9176,34893,0
APR,D,20190723,000000,4.9176,4.9573,4.9176,4.9573,14468,0
APR,D,20190724,000000,4.9573,4.9771,4.9374,4.9573,48241,0
APR,D,20190725,000000,5.0168,5.0366,4.9374,5.0168,35665,0
APR,D,20190726,000000,5.0168,5.0366,4.9573,4.9771,9900,0
APR,D,20190729,000000,5.0366,5.0366,4.9374,4.9573,2682,0
APR,D,20190730,000000,5.0168,5.0168,4.7788,4.8581,275386,0
APR,D,20190731,000000,4.9077,5.0168,4.8779,5.0168,32030,0
APR,D,20190801,000000,5.0168,5.0168,4.9077,4.9771,16325,0
APR,D,20190802,000000,4.9573,4.9771,4.8581,4.9176,249223,0
APR,D,20190805,000000,4.9771,4.9969,4.8284,4.9077,85924,0
APR,D,20190806,000000,4.9969,4.9969,4.9176,4.9474,238693,0
APR,D,20190807,000000,4.9573,4.9573,4.8581,4.8978,36353,0
APR,D,20190808,000000,4.8978,4.8978,4.8779,4.8978,5438,0
APR,D,20190809,000000,4.8978,4.8978,4.8383,4.8383,60558,0
APR,D,20190812,000000,4.8383,4.9077,4.8383,4.8581,82307,0
APR,D,20190813,000000,4.8383,4.9771,4.8383,4.9771,34397,0
APR,D,20190814,000000,4.9771,4.9771,4.8581,4.9374,18992,0
APR,D,20190816,000000,4.9374,4.9374,4.8383,4.9374,8568,0
APR,D,20190819,000000,4.9573,4.9573,4.8383,4.868,17840,0
APR,D,20190820,000000,4.8581,4.9374,4.6003,4.64,86196,0
APR,D,20190821,000000,4.6797,4.7689,4.64,4.7094,26645,0
APR,D,20190822,000000,4.7491,4.7986,4.7491,4.7491,10143,0
APR,D,20190823,000000,4.7986,4.9077,4.6995,4.6995,24725,0
APR,D,20190826,000000,4.6697,4.8779,4.6598,4.8383,18858,0
APR,D,20190827,000000,4.8581,4.8581,4.7292,4.8482,90434,0
APR,D,20190828,000000,4.8383,4.8383,4.7491,4.8185,30068,0
APR,D,20190829,000000,4.6995,4.8383,4.6995,4.8185,1463,0
APR,D,20190830,000000,4.8383,4.8383,4.7986,4.8383,12398,0
APR,D,20190902,000000,4.8383,4.9275,4.759,4.8383,66279,0
APR,D,20190903,000000,4.9176,4.9176,4.6797,4.759,16394,0
APR,D,20190904,000000,4.6797,4.9374,4.6797,4.8978,43461,0
APR,D,20190905,000000,4.8978,4.9077,4.8581,4.8581,15453,0
APR,D,20190906,000000,4.9374,5.0366,4.8284,4.8581,62323,0
APR,D,20190909,000000,4.9077,5.0564,4.8383,4.9176,47631,0
APR,D,20190910,000000,5.0366,5.0564,4.9077,4.9077,56345,0
APR,D,20190911,000000,4.5607,4.5607,4.1244,4.1641,969668,0
APR,D,20190912,000000,4.2533,4.3029,3.9658,4.0352,2191396,0
APR,D,20190913,000000,4.0947,4.1443,4.055,4.1046,80244,0
APR,D,20190916,000000,4.2038,4.2038,4.0253,4.055,436330,0
APR,D,20190917,000000,4.0749,4.3624,4.0253,4.2632,285482,0
APR,D,20190918,000000,4.2732,4.3128,4.1641,4.2434,19195,0
APR,D,20190919,000000,4.1938,4.2632,4.0848,4.2632,35632,0
APR,D,20190920,000000,4.2632,4.2632,4.1641,4.2533,9401,0
APR,D,20190923,000000,4.2533,4.293,4.2236,4.2632,19999,0
APR,D,20190924,000000,4.2236,4.2732,4.2236,4.2632,10217,0
APR,D,20190925,000000,4.2533,4.3326,4.2434,4.293,174201,0
APR,D,20190926,000000,4.2732,4.3227,4.2732,4.3029,17755,0
APR,D,20190927,000000,4.3128,4.3128,4.2236,4.293,6837,0
APR,D,20190930,000000,4.293,4.3426,4.2632,4.3128,66215,0
APR,D,20191001,000000,4.2632,4.3525,4.1839,4.3029,45054,0
APR,D,20191002,000000,4.3029,4.3227,4.1641,4.2335,105364,0
APR,D,20191003,000000,4.2632,4.2632,4.174,4.2533,841,0
APR,D,20191004,000000,4.2533,4.2533,4.1244,4.2236,19877,0
APR,D,20191007,000000,4.2434,4.4417,4.2236,4.2236,50992,0
APR,D,20191008,000000,4.3128,4.3723,4.3128,4.3525,123830,0
APR,D,20191009,000000,4.4021,4.4021,4.2632,4.2632,333631,0
APR,D,20191010,000000,4.2632,4.3525,4.2632,4.3426,151318,0
APR,D,20191011,000000,4.3624,4.3624,4.2732,4.2732,138153,0
APR,D,20191014,000000,4.2831,4.3426,4.2632,4.3426,13374,0
APR,D,20191015,000000,4.3426,4.3723,4.3128,4.3128,17301,0
APR,D,20191016,000000,4.293,4.293,4.2434,4.2632,19749,0
APR,D,20191017,000000,4.293,4.3624,4.2632,4.3426,27877,0
APR,D,20191018,000000,4.3525,4.3822,4.3128,4.3624,31843,0
APR,D,20191021,000000,4.3128,4.3723,4.293,4.3128,20876,0
APR,D,20191022,000000,4.3723,4.4021,4.2632,4.3525,1562,0
APR,D,20191023,000000,4.3128,4.3624,4.2533,4.3624,68217,0
APR,D,20191024,000000,4.3624,4.3624,4.2632,4.2632,3311,0
APR,D,20191025,000000,4.2434,4.3426,4.2236,4.2632,5106,0
APR,D,20191028,000000,4.2434,4.3128,4.2236,4.2732,6179,0
APR,D,20191029,000000,4.2732,4.3029,4.2236,4.2632,7861,0
APR,D,20191030,000000,4.2632,4.293,4.2632,4.2831,1761,0
APR,D,20191031,000000,4.2831,4.3029,4.2632,4.2831,9282,0
APR,D,20191104,000000,4.293,4.3525,4.293,4.3525,21575,0
APR,D,20191105,000000,4.2831,4.3624,4.2632,4.3128,232518,0
APR,D,20191106,000000,4.2236,4.5012,4.2236,4.3624,42456,0
APR,D,20191107,000000,4.412,4.412,4.3128,4.3624,2543,0
APR,D,20191108,000000,4.3029,4.3426,4.3029,4.3128,23663,0
APR,D,20191112,000000,4.3128,4.3128,4.1938,4.1938,17903,0
APR,D,20191113,000000,4.1938,4.293,4.1145,4.2434,179119,0
APR,D,20191114,000000,4.174,4.3326,4.174,4.3128,11596,0
APR,D,20191115,000000,4.3326,4.3326,4.1839,4.2236,63605,0
APR,D,20191118,000000,4.2236,4.3326,4.2137,4.3227,6468,0
APR,D,20191119,000000,4.3227,4.3624,4.2434,4.3624,35514,0
APR,D,20191120,000000,4.3525,4.412,4.2632,4.412,242396,0
APR,D,20191121,000000,4.3921,4.5607,4.3822,4.5111,391096,0
APR,D,20191122,000000,4.5508,4.5508,4.3128,4.412,314576,0
APR,D,20191125,000000,4.5111,4.5607,4.4021,4.5309,14065,0
APR,D,20191126,000000,4.4417,4.5111,4.0253,4.4417,443205,0
APR,D,20191127,000000,4.4715,4.5012,4.412,4.4219,214613,0
APR,D,20191128,000000,4.4417,4.4814,4.3426,4.4417,30072,0
APR,D,20191129,000000,4.4417,4.4615,4.4219,4.4219,193098,0
APR,D,20191202,000000,4.4219,4.6896,4.4219,4.6301,55063,0
APR,D,20191203,000000,4.6499,4.6995,4.6103,4.6202,306814,0
APR,D,20191204,000000,4.5012,4.6202,4.5012,4.6202,7763,0
APR,D,20191205,000000,4.6202,4.64,4.5706,4.6202,19179,0
APR,D,20191206,000000,4.5607,4.6499,4.521,4.521,168720,0
APR,D,20191209,000000,4.4814,4.64,4.4814,4.521,28042,0
APR,D,20191210,000000,4.521,4.64,4.4814,4.6301,42365,0
APR,D,20191211,000000,4.6301,4.6301,4.5409,4.6202,196629,0
APR,D,20191212,000000,4.64,4.6797,4.6301,4.6598,10564,0
APR,D,20191213,000000,4.6797,4.6896,4.6598,4.6896,114801,0
APR,D,20191216,000000,4.6598,4.6598,4.4913,4.6598,162195,0
APR,D,20191217,000000,4.6598,4.6598,4.5607,4.6202,21133,0
APR,D,20191218,000000,4.6202,4.6598,4.4814,4.6598,312055,0
APR,D,20191219,000000,4.6598,4.7292,4.64,4.7193,145563,0
APR,D,20191220,000000,4.64,4.7193,4.6301,4.7094,104445,0
APR,D,20191223,000000,4.7094,4.7788,4.7094,4.7491,211732,0
APR,D,20191227,000000,4.759,4.759,4.5607,4.6499,169809,0
APR,D,20191230,000000,4.64,4.7292,4.6301,4.6598,111490,0
APR,D,20200102,000000,4.7788,4.7788,4.5904,4.6995,9858,0
APR,D,20200103,000000,4.6202,4.7391,4.6202,4.7292,36827,0
APR,D,20200107,000000,4.64,4.7391,4.6301,4.7094,8418,0
APR,D,20200108,000000,4.7094,4.7292,4.64,4.6598,118479,0
APR,D,20200109,000000,4.6202,4.6896,4.6202,4.6598,51817,0
APR,D,20200110,000000,4.7094,4.7094,4.6301,4.6995,9470,0
APR,D,20200113,000000,4.7094,4.8085,4.6697,4.759,249321,0
APR,D,20200114,000000,4.8185,4.8185,4.7094,4.7391,8052,0
APR,D,20200115,000000,4.8085,4.8085,4.6598,4.6995,186886,0
APR,D,20200116,000000,4.759,4.8085,4.759,4.8085,33338,0
APR,D,20200117,000000,4.8185,4.868,4.7788,4.8284,60556,0
APR,D,20200120,000000,4.8581,4.9771,4.8284,4.9573,153408,0
APR,D,20200121,000000,4.9771,4.9771,4.8978,4.9374,43857,0
APR,D,20200122,000000,4.9374,4.9969,4.9176,4.9771,134439,0
APR,D,20200123,000000,4.9969,5.0762,4.9275,5.0762,152935,0
APR,D,20200124,000000,5.0564,5.3737,5.0564,5.2547,231401,0
APR,D,20200127,000000,5.1556,5.2745,5.0762,5.2745,70994,0
APR,D,20200128,000000,5.2547,5.4133,5.2547,5.3737,55140,0
APR,D,20200129,000000,5.4133,5.4133,5.334,5.3737,167884,0
APR,D,20200130,000000,5.334,5.3737,5.1357,5.3538,36255,0
APR,D,20200131,000000,5.1952,5.3935,5.1952,5.3538,250734,0
APR,D,20200203,000000,5.2547,5.3538,5.2547,5.2944,5309,0
APR,D,20200204,000000,5.2944,5.3538,5.1754,5.334,67426,0
APR,D,20200205,000000,5.3538,5.3737,5.215,5.3538,95926,0
APR,D,20200206,000000,5.2944,5.4926,5.2349,5.2547,231402,0
APR,D,20200207,000000,5.3538,5.4332,5.2349,5.2349,257427,0
APR,D,20200210,000000,5.2349,5.3737,5.2349,5.3538,57185,0
APR,D,20200211,000000,5.3538,5.3737,5.2745,5.3538,37743,0
APR,D,20200212,000000,5.453,5.453,5.2745,5.2745,21857,0
APR,D,20200213,000000,5.4728,5.4728,5.2547,5.2547,13704,0
APR,D,20200214,000000,5.3737,5.4332,5.2547,5.4332,89505,0
APR,D,20200217,000000,5.453,5.5323,5.3935,5.4926,54575,0
APR,D,20200218,000000,5.5323,5.5521,5.453,5.4728,107146,0
APR,D,20200219,000000,5.5323,5.5323,5.4332,5.4332,9014,0
APR,D,20200220,000000,5.453,5.453,5.2745,5.3142,86499,0
APR,D,20200221,000000,5.3142,5.3737,5.2547,5.3538,5630,0
APR,D,20200224,000000,5.2547,5.2547,4.9771,5.1556,69194,0
APR,D,20200225,000000,5.0564,5.2349,5.0564,5.1556,86955,0
APR,D,20200226,000000,5.0168,5.1952,4.8581,5.1952,68390,0
APR,D,20200227,000000,5.2547,5.2547,4.759,4.759,83342,0
APR,D,20200228,000000,4.4516,4.7887,4.3822,4.6995,199259,0
APR,D,20200302,000000,4.6202,5.0366,4.6202,4.759,112083,0
APR,D,20200303,000000,4.7986,5.0762,4.7788,5.0762,140647,0
APR,D,20200304,000000,4.9573,5.0168,4.9573,4.9573,30568,0
APR,D,20200305,000000,4.9573,5.215,4.9573,5.1754,34299,0
APR,D,20200306,000000,5.1754,5.215,4.9573,5.0762,52249,0
APR,D,20200309,000000,4.759,4.8581,4.5607,4.6995,118802,0
APR,D,20200310,000000,4.7391,5.0564,4.7391,4.9275,368492,0
APR,D,20200311,000000,4.9077,4.9573,4.6003,4.6103,957224,0
APR,D,20200312,000000,4.4417,4.4417,3.9162,3.9162,994239,0
APR,D,20200313,000000,3.9162,4.1641,3.9162,4.0451,192923,0
APR,D,20200316,000000,4.0154,4.0154,3.6188,3.7179,38312,0
APR,D,20200317,000000,3.827,3.8667,3.7179,3.8667,39849,0
APR,D,20200318,000000,3.8568,3.9559,3.8171,3.9559,40920,0
APR,D,20200319,000000,3.8468,3.9658,3.8468,3.9361,13551,0
APR,D,20200320,000000,3.946,4.0352,3.8568,4.0055,55018,0
APR,D,20200323,000000,3.7675,3.7675,3.6287,3.6287,52811,0
APR,D,20200324,000000,3.5891,3.6684,3.48,3.5692,46386,0
APR,D,20200325,000000,3.5593,3.5692,3.2817,3.361,72767,0
APR,D,20200326,000000,3.4701,3.4701,3.3115,3.4106,20078,0
APR,D,20200327,000000,3.4701,3.4701,3.4106,3.4701,76557,0
APR,D,20200330,000000,3.5197,3.5692,3.4701,3.5692,45713,0
APR,D,20200331,000000,3.6684,3.7477,3.6188,3.7179,37690,0
APR,D,20200401,000000,3.6485,3.708,3.5692,3.5692,22573,0
APR,D,20200402,000000,3.5692,3.5692,3.48,3.48,133442,0
APR,D,20200403,000000,3.5494,3.5593,3.5097,3.5197,18650,0
APR,D,20200406,000000,3.6287,3.7675,3.5494,3.7576,112069,0
APR,D,20200407,000000,3.8667,3.8667,3.6981,3.6981,48514,0
APR,D,20200408,000000,3.8568,3.8568,3.6386,3.7378,33878,0
APR,D,20200409,000000,3.8568,3.946,3.7378,3.9361,29002,0
APR,D,20200414,000000,3.9658,4.2533,3.9658,4.2533,156706,0
APR,D,20200415,000000,4.4021,4.4021,4.1641,4.2038,66656,0
APR,D,20200416,000000,4.174,4.2038,4.1145,4.1443,8963,0
APR,D,20200417,000000,4.1839,4.2137,4.1641,4.2137,104051,0
APR,D,20200420,000000,4.2137,4.412,4.2137,4.3525,89670,0
APR,D,20200421,000000,4.3525,4.4021,4.0253,4.1938,48416,0
APR,D,20200422,000000,4.3128,4.3128,4.065,4.1244,31322,0
APR,D,20200423,000000,4.174,4.3128,4.1443,4.2335,13963,0
APR,D,20200424,000000,4.2632,4.2632,4.1641,4.2434,5368,0
APR,D,20200427,000000,4.293,4.4516,4.1641,4.3921,231661,0
APR,D,20200428,000000,4.4417,4.5607,4.3822,4.3921,36559,0
APR,D,20200429,000000,4.4615,4.4615,4.2632,4.4417,56828,0
APR,D,20200430,000000,4.5111,4.7094,4.3624,4.5309,116077,0
APR,D,20200504,000000,4.6301,4.6301,4.3326,4.3822,57954,0
APR,D,20200505,000000,4.4516,4.5012,4.3426,4.3525,16749,0
APR,D,20200506,000000,4.412,4.5409,4.2533,4.412,78636,0
APR,D,20200507,000000,4.5012,4.6103,4.4417,4.4417,25812,0
APR,D,20200508,000000,4.4615,4.64,4.4516,4.6301,24154,0
APR,D,20200511,000000,4.6797,4.6995,4.5607,4.6697,4127,0
APR,D,20200512,000000,4.6598,4.8581,4.6202,4.8185,102328,0
APR,D,20200513,000000,4.8581,5.0366,4.7986,4.8581,61128,0
APR,D,20200514,000000,4.868,4.8779,4.759,4.759,130811,0
APR,D,20200515,000000,4.759,4.8085,4.6697,4.7391,152825,0
APR,D,20200518,000000,4.7391,4.8085,4.6598,4.7391,12361,0
APR,D,20200519,000000,4.7986,4.9573,4.7986,4.8879,40175,0
APR,D,20200520,000000,4.8978,5.0366,4.8085,5.0168,516430,0
APR,D,20200521,000000,5.0168,5.2547,5.0168,5.2547,58915,0
APR,D,20200522,000000,5.1556,5.3142,5.0168,5.2547,123477,0
APR,D,20200525,000000,5.2547,5.2547,5.1159,5.215,41224,0
APR,D,20200526,000000,5.215,5.2547,5.1952,5.215,48812,0
APR,D,20200527,000000,5.2547,5.2745,5.1357,5.1952,195614,0
APR,D,20200528,000000,5.1952,5.1952,4.7391,4.8383,65820,0
APR,D,20200529,000000,4.9573,5.0168,4.8879,4.8879,8352,0
APR,D,20200601,000000,5.1357,5.1357,4.9474,4.9969,8575,0
APR,D,20200602,000000,5.0168,5.0168,4.9474,4.9969,48521,0
APR,D,20200603,000000,4.9573,5.215,4.9176,5.215,57787,0
APR,D,20200604,000000,5.1952,5.2745,5.0762,5.2745,155104,0
APR,D,20200605,000000,5.2745,5.3142,5.0564,5.2745,47840,0
APR,D,20200608,000000,5.2349,5.2349,5.0762,5.0961,58025,0
APR,D,20200609,000000,5.1357,5.1556,5.0564,5.1556,16566,0
APR,D,20200610,000000,5.1952,5.1952,4.9771,5.1952,6716,0
APR,D,20200612,000000,5.0366,5.0762,4.9771,4.9969,14899,0
APR,D,20200615,000000,4.8581,4.9969,4.8581,4.9573,18636,0
APR,D,20200616,000000,4.9077,5.0961,4.9077,5.0961,8572,0
APR,D,20200617,000000,5.0564,5.0564,5.0168,5.0564,11308,0
APR,D,20200618,000000,4.9077,5.0366,4.9077,5.0366,12629,0
APR,D,20200619,000000,5.0564,5.1357,4.9176,5.0961,15213,0
APR,D,20200622,000000,5.0961,5.0961,4.9771,5.0564,24166,0
APR,D,20200623,000000,4.9374,5.1159,4.9374,5.1159,11635,0
APR,D,20200624,000000,5.1159,5.1159,4.9573,4.9573,7823,0
APR,D,20200625,000000,4.9573,5.0564,4.9374,5.0366,4962,0
APR,D,20200626,000000,5.0168,5.0961,4.9374,5.0961,33742,0
APR,D,20200629,000000,4.9969,5.2349,4.9969,5.2349,18686,0
APR,D,20200630,000000,5.2349,5.2349,4.9573,5.2349,16064,0
APR,D,20200701,000000,5.2547,5.2547,4.9969,5.1556,20296,0
APR,D,20200702,000000,5.1159,5.2547,5.1159,5.2547,48565,0
APR,D,20200703,000000,5.1754,5.2547,5.1754,5.2547,20870,0
APR,D,20200706,000000,5.2547,5.2547,5.1556,5.2349,13541,0
APR,D,20200707,000000,5.2944,5.4926,5.2944,5.453,88721,0
APR,D,20200708,000000,5.3538,5.4332,5.3142,5.3935,5738,0
APR,D,20200709,000000,5.3538,5.6513,5.334,5.6315,408087,0
APR,D,20200710,000000,5.6116,5.6513,5.572,5.6315,68932,0
APR,D,20200713,000000,5.5918,5.8297,5.5918,5.7306,231630,0
APR,D,20200714,000000,5.7901,5.7901,5.4728,5.5521,206104,0
APR,D,20200715,000000,5.5521,5.7108,5.4926,5.6513,23670,0
APR,D,20200716,000000,5.6513,5.6909,5.5323,5.6513,21316,0
APR,D,20200717,000000,5.7306,5.7504,5.6513,5.7108,16315,0
APR,D,20200720,000000,5.7108,5.8297,5.6513,5.8297,44393,0
APR,D,20200721,000000,5.8496,6.1272,5.7703,6.0479,70936,0
APR,D,20200722,000000,6.0479,6.0479,5.9685,5.9884,11829,0
APR,D,20200723,000000,6.0479,6.0677,5.9884,6.0479,11930,0
APR,D,20200724,000000,6.0479,6.0677,5.9487,6.0479,25566,0
APR,D,20200727,000000,6.147,6.147,6.0479,6.0479,5792,0
APR,D,20200728,000000,6.0479,6.3453,6.0479,6.3255,21453,0
APR,D,20200729,000000,6.3056,6.3056,6.2462,6.3056,45962,0
APR,D,20200730,000000,6.3255,6.3255,5.7108,5.9487,123933,0
APR,D,20200731,000000,5.9487,6.2462,5.9487,6.1867,13933,0
APR,D,20200803,000000,6.2462,6.4444,6.2462,6.4444,176911,0
APR,D,20200804,000000,7.2376,7.5945,7.0195,7.079,497667,0
APR,D,20200805,000000,7.2178,7.2178,6.9402,7.0591,10634,0
APR,D,20200806,000000,6.9402,7.0195,6.7221,6.9203,239860,0
APR,D,20200807,000000,6.8807,6.8807,6.6626,6.6626,139892,0
APR,D,20200810,000000,6.6626,6.9997,6.5039,6.9798,24662,0
APR,D,20200811,000000,6.9798,7.4359,6.9798,7.4161,836247,0
APR,D,20200812,000000,7.3764,7.3962,7.1385,7.3962,452862,0
APR,D,20200813,000000,7.4359,7.535,7.2574,7.4359,52998,0
APR,D,20200814,000000,7.3566,7.535,7.2773,7.3566,43056,0
APR,D,20200817,000000,7.2773,7.4359,7.1385,7.2773,49580,0
APR,D,20200818,000000,7.4161,7.4161,7.1979,7.3368,33013,0
APR,D,20200819,000000,7.3368,7.3368,6.9997,7.079,11800,0
APR,D,20200820,000000,7.0988,7.1781,6.9798,6.9798,7806,0
APR,D,20200821,000000,7.0591,7.0591,6.9997,6.9997,2273,0
APR,D,20200824,000000,7.0591,7.1385,7.0591,7.0591,4877,0
APR,D,20200825,000000,7.079,7.079,6.9798,6.9997,1513,0
APR,D,20200826,000000,7.0195,7.0393,6.9798,7.0393,4869,0
APR,D,20200827,000000,7.0393,7.0591,6.9997,7.0393,5727,0
APR,D,20200828,000000,7.079,7.1186,7.0195,7.1186,3915,0
APR,D,20200831,000000,6.96,7.079,6.96,7.0393,108745,0
APR,D,20200901,000000,7.0591,7.2971,6.9798,7.0195,30280,0
APR,D,20200902,000000,7.1385,7.1385,7.0195,7.0393,226031,0
APR,D,20200903,000000,7.0591,7.2574,7.0393,7.1385,61848,0
APR,D,20200904,000000,7.0393,7.1781,7.0393,7.1781,37722,0
APR,D,20200907,000000,7.2971,7.3368,6.9798,6.9798,297730,0
APR,D,20200908,000000,6.9798,7.0988,6.9798,7.0393,199140,0
APR,D,20200909,000000,7.0591,7.0591,6.9402,7.0393,23163,0
APR,D,20200910,000000,7.0591,7.0591,6.9798,7.0393,36897,0
APR,D,20200911,000000,7.0591,7.0591,6.7815,6.7815,112613,0
APR,D,20200914,000000,6.7815,6.8807,6.7815,6.7815,6429,0
APR,D,20200915,000000,6.9203,7.0393,6.841,6.9402,126682,0
APR,D,20200916,000000,7.0393,7.0591,6.9402,7.0195,12672,0
APR,D,20200917,000000,7.1385,7.2376,7.0591,7.1979,45590,0
APR,D,20200918,000000,7.1979,7.1979,6.9402,6.9402,242840,0
APR,D,20200921,000000,7.0393,7.0988,6.841,7.0393,180277,0
APR,D,20200922,000000,7.1186,7.1186,6.96,6.9798,26629,0
APR,D,20200923,000000,7.0393,7.0988,6.9402,7.0195,27333,0
APR,D,20200924,000000,6.9798,6.9997,6.96,6.9997,205079,0
APR,D,20200925,000000,6.96,6.9997,6.96,6.9798,23153,0
APR,D,20200928,000000,6.9798,7.0393,6.96,7.0195,30153,0
APR,D,20200929,000000,7.0393,7.1186,6.9798,7.1186,9336,0
APR,D,20200930,000000,7.1186,7.1186,6.9402,7.0988,9868,0
APR,D,20201001,000000,7.1186,7.1385,7.0591,7.0591,1439,0
APR,D,20201002,000000,7.0393,7.1583,7.0393,7.1583,11603,0
APR,D,20201005,000000,7.1583,7.1583,6.9798,7.079,72205,0
APR,D,20201006,000000,7.2178,7.5152,7.0393,7.0591,71839,0
APR,D,20201007,000000,7.1385,7.1385,7.0393,7.1385,178391,0
APR,D,20201008,000000,7.2376,7.2376,7.0195,7.079,13953,0
APR,D,20201009,000000,7.1385,7.1385,6.9997,7.0393,2640,0
APR,D,20201012,000000,7.0393,7.0393,6.9798,7.0195,209547,0
APR,D,20201013,000000,7.0393,7.0591,7.0195,7.0393,208735,0
APR,D,20201014,000000,7.0393,7.0393,6.96,7.0393,7839,0
APR,D,20201015,000000,6.9402,7.0393,6.9203,6.9402,32103,0
APR,D,20201016,000000,6.9402,7.1385,6.9402,7.1385,12348,0
APR,D,20201019,000000,6.96,7.1186,6.96,6.9997,333848,0
APR,D,20201020,000000,6.9997,7.1186,6.96,7.1186,34768,0
APR,D,20201021,000000,7.1385,7.2178,6.9798,6.9798,159107,0
APR,D,20201022,000000,6.9798,7.079,6.96,6.96,3154,0
APR,D,20201023,000000,7.0195,7.0195,6.9402,6.9402,18998,0
APR,D,20201026,000000,6.9005,7.2178,6.9005,6.9402,27352,0
APR,D,20201027,000000,6.8609,7.2971,6.8212,6.96,20444,0
APR,D,20201028,000000,6.9203,6.9402,6.4444,6.6229,381558,0
APR,D,20201029,000000,6.5436,6.6031,6.0677,6.3056,102107,0
APR,D,20201030,000000,6.2462,6.6427,6.2462,6.4444,26899,0
APR,D,20201102,000000,6.4444,6.9005,6.4444,6.5436,164275,0
APR,D,20201103,000000,7.0195,7.1781,6.96,7.0195,58728,0
APR,D,20201104,000000,6.9402,6.9402,6.7419,6.7617,8452,0
APR,D,20201105,000000,6.7419,6.9005,6.7419,6.8807,16943,0
APR,D,20201106,000000,6.7815,7.1186,6.7815,6.9005,119375,0
APR,D,20201109,000000,6.9005,7.0988,6.9005,6.9798,4989,0
APR,D,20201110,000000,7.0393,7.1979,7.0393,7.1979,8455,0
APR,D,20201112,000000,7.1979,7.1979,6.9798,7.1979,8151,0
APR,D,20201113,000000,7.2376,7.8325,7.2376,7.535,627042,0
APR,D,20201116,000000,7.892,8.1894,7.7532,7.8325,125966,0
APR,D,20201117,000000,7.9316,8.2092,7.8126,7.8325,89868,0
APR,D,20201118,000000,7.8721,7.9316,7.8126,7.9118,66088,0
APR,D,20201119,000000,7.9118,7.9118,7.7532,7.8325,18452,0
APR,D,20201120,000000,7.8325,7.8325,7.7333,7.8325,29544,0
APR,D,20201123,000000,7.8325,7.8325,7.7333,7.8126,27391,0
APR,D,20201124,000000,7.8325,7.8325,7.6144,7.6342,41999,0
APR,D,20201125,000000,7.7928,7.7928,7.6342,7.6342,58043,0
APR,D,20201126,000000,7.7333,7.7928,7.654,7.773,12450,0
APR,D,20201127,000000,7.7928,7.7928,7.6738,7.7532,3693,0
APR,D,20201130,000000,7.773,7.7928,7.654,7.7135,13787,0
APR,D,20201201,000000,7.7928,7.8325,7.6342,7.6342,20717,0
APR,D,20201202,000000,7.7333,7.7928,7.4557,7.4557,40200,0
APR,D,20201203,000000,7.6342,7.6342,7.3764,7.4161,42216,0
APR,D,20201204,000000,7.4557,7.5747,7.4161,7.4557,59307,0
APR,D,20201207,000000,7.4557,7.8325,7.4557,7.7333,41879,0
APR,D,20201208,000000,7.7532,7.8325,7.5747,7.6342,28662,0
APR,D,20201209,000000,7.6342,7.8325,7.5747,7.5747,23499,0
APR,D,20201210,000000,7.5549,7.7928,7.5152,7.5152,10987,0
APR,D,20201211,000000,7.5152,7.7333,7.4359,7.5549,12133,0
APR,D,20201214,000000,7.5549,7.7135,7.5152,7.5945,9822,0
APR,D,20201215,000000,7.5152,7.6937,7.5152,7.654,9000,0
APR,D,20201216,000000,7.654,7.7928,7.654,7.7333,22673,0
APR,D,20201217,000000,7.8126,7.8325,7.654,7.8325,16318,0
APR,D,20201218,000000,7.8325,7.8325,7.654,7.7333,7081,0
APR,D,20201221,000000,7.654,7.7333,7.654,7.7135,41330,0
APR,D,20201222,000000,7.7135,7.773,7.654,7.6937,6334,0
APR,D,20201223,000000,7.6937,7.9316,7.6937,7.8523,12503,0
APR,D,20201228,000000,7.8721,8.0308,7.7333,7.9118,19566,0
APR,D,20201229,000000,7.9316,8.0109,7.892,7.9713,20412,0
APR,D,20201230,000000,7.9911,8.0704,7.773,7.9118,33910,0
APR,D,20210104,000000,7.9911,8.2291,7.892,8.1696,50926,0
APR,D,20210105,000000,8.2687,8.6256,8.2092,8.4274,143184,0
APR,D,20210107,000000,8.5265,8.8239,8.3282,8.4274,88746,0
APR,D,20210108,000000,8.348,8.4868,8.3282,8.4274,16344,0
APR,D,20210111,000000,8.4274,8.5265,8.3282,8.4075,30092,0
APR,D,20210112,000000,8.4274,8.4274,8.2291,8.2291,14786,0
APR,D,20210113,000000,8.3679,8.3679,8.1497,8.3282,9297,0
APR,D,20210114,000000,8.3282,8.3282,8.2291,8.3282,6066,0
APR,D,20210115,000000,8.3282,8.3679,8.2687,8.3282,9310,0
APR,D,20210118,000000,8.3282,8.4274,8.2291,8.348,85139,0
APR,D,20210119,000000,8.348,8.4274,8.348,8.4075,127370,0
APR,D,20210120,000000,8.4075,8.4075,8.3282,8.3282,18306,0
APR,D,20210121,000000,8.3679,8.4868,8.3679,8.4274,77639,0
APR,D,20210122,000000,8.4274,8.4274,8.3282,8.4274,19527,0
APR,D,20210125,000000,8.348,8.4274,8.3282,8.3679,17361,0
APR,D,20210126,000000,8.3679,8.4472,8.3282,8.4472,19292,0
APR,D,20210127,000000,8.4868,8.8041,8.1894,8.3282,111142,0
APR,D,20210128,000000,8.3282,8.7248,8.1299,8.7248,281976,0
APR,D,20210129,000000,8.5265,8.705,8.4274,8.5265,18318,0
APR,D,20210201,000000,8.6256,8.705,8.5265,8.6256,37077,0
APR,D,20210202,000000,8.7644,8.7644,8.6256,8.7248,13136,0
APR,D,20210203,000000,8.7248,8.8239,8.6256,8.6256,21935,0
APR,D,20210204,000000,8.6256,8.7248,8.6256,8.7248,6965,0
APR,D,20210205,000000,8.7446,8.7446,8.6256,8.6256,29463,0
APR,D,20210208,000000,8.705,8.8239,8.5463,8.6058,59947,0
APR,D,20210209,000000,8.6256,8.6256,8.5067,8.5265,35692,0
APR,D,20210210,000000,8.4868,8.5265,8.4274,8.467,22429,0
APR,D,20210211,000000,8.6058,8.6851,8.4868,8.6256,57608,0
APR,D,20210212,000000,8.5463,8.7248,8.5463,8.6256,13149,0
APR,D,20210215,000000,8.5463,8.705,8.5463,8.6058,61984,0
APR,D,20210216,000000,8.6256,8.705,8.5265,8.6256,83550,0
APR,D,20210217,000000,8.705,8.7248,8.6256,8.705,88348,0
APR,D,20210218,000000,8.7248,8.7446,8.6653,8.6653,93460,0
APR,D,20210219,000000,8.6851,8.7446,8.586,8.7446,9248,0
APR,D,20210222,000000,8.7446,8.7446,8.5265,8.6256,36643,0
APR,D,20210223,000000,8.7248,8.7248,8.4868,8.5067,107736,0
APR,D,20210224,000000,8.467,8.5463,8.4274,8.4274,13339,0
APR,D,20210225,000000,8.4868,8.6455,8.4472,8.4472,4276,0
APR,D,20210226,000000,8.4274,8.6256,8.3679,8.4274,16820,0
APR,D,20210301,000000,8.6653,8.705,8.586,8.586,9508,0
APR,D,20210302,000000,8.7644,9.1015,8.705,9.0421,493595,0
APR,D,20210303,000000,9.2007,9.2205,8.9627,9.0222,56532,0
APR,D,20210304,000000,9.0817,9.1015,8.7248,8.7248,18852,0
APR,D,20210305,000000,8.8438,8.9032,8.5265,8.8041,19382,0
APR,D,20210308,000000,8.8636,9.0222,8.8239,9.0024,16322,0
APR,D,20210309,000000,8.9429,9.0024,8.7843,8.8239,24237,0
APR,D,20210310,000000,8.8834,8.9231,8.5463,8.5662,43026,0
APR,D,20210311,000000,8.6653,8.705,8.5463,8.5463,20506,0
APR,D,20210312,000000,8.586,8.8834,8.4472,8.6058,113653,0
APR,D,20210315,000000,8.7843,8.9032,8.5662,8.8041,38164,0
APR,D,20210316,000000,8.8041,8.8041,8.6455,8.7248,10713,0
APR,D,20210317,000000,8.6653,8.7644,8.6455,8.705,31424,0
APR,D,20210318,000000,8.7248,8.9032,8.6455,8.8239,9674,0
APR,D,20210319,000000,8.7248,8.9032,8.6455,8.8636,9075,0
APR,D,20210322,000000,8.8834,8.8834,8.6653,8.8239,24805,0
APR,D,20210323,000000,8.8636,8.8636,8.7446,8.8239,55922,0
APR,D,20210324,000000,8.8239,8.9032,8.7843,8.8636,35985,0
APR,D,20210325,000000,8.8239,8.8239,8.705,8.8041,8156,0
APR,D,20210326,000000,8.8239,9.2205,8.8239,9.2007,65740,0
APR,D,20210329,000000,9.399,9.716,9.399,9.657,216237,0
APR,D,20210330,000000,9.716,9.895,9.4783,9.577,96004,0
APR,D,20210331,000000,9.716,9.716,9.4585,9.617,59019,0
APR,D,20210401,000000,9.617,9.915,9.617,9.716,27403,0
APR,D,20210406,000000,9.835,10.212,9.736,9.815,267150,0
APR,D,20210407,000000,10.014,10.212,9.915,10.014,209625,0
APR,D,20210408,000000,10.262,10.856,10.063,10.807,211328,0
APR,D,20210409,000000,10.906,11.005,10.509,10.658,57072,0
APR,D,20210412,000000,10.658,10.757,10.41,10.509,53419,0
APR,D,20210413,000000,10.41,10.509,9.964,10.162,100436,0
APR,D,20210414,000000,10.113,10.113,9.875,9.915,71240,0
APR,D,20210415,000000,9.915,9.964,9.875,9.875,35682,0
APR,D,20210416,000000,9.964,10.361,9.964,10.113,36884,0
APR,D,20210419,000000,10.262,10.41,9.964,10.063,40603,0
APR,D,20210420,000000,10.014,10.113,9.895,10.063,32003,0
APR,D,20210421,000000,10.063,10.113,9.964,9.964,26245,0
APR,D,20210422,000000,9.964,10.162,9.964,10.113,73349,0
APR,D,20210423,000000,10.162,10.262,10.014,10.212,13865,0
APR,D,20210426,000000,10.361,10.361,10.014,10.014,29254,0
APR,D,20210427,000000,10.262,10.262,9.964,10.063,19702,0
APR,D,20210428,000000,10.162,10.162,9.964,10.113,15042,0
APR,D,20210429,000000,9.964,10.212,9.915,10.212,41154,0
APR,D,20210430,000000,10.212,10.509,10.014,10.41,50249,0
APR,D,20210504,000000,10.46,10.609,10.361,10.41,46532,0
APR,D,20210505,000000,10.41,10.509,10.113,10.311,50434,0
APR,D,20210506,000000,10.311,10.609,10.311,10.361,64757,0
APR,D,20210507,000000,10.46,10.708,10.46,10.559,43263,0
APR,D,20210510,000000,10.708,11.154,10.658,10.807,124116,0
APR,D,20210511,000000,11.104,11.104,10.708,10.906,19712,0
APR,D,20210512,000000,11.055,11.055,10.658,10.906,12828,0
APR,D,20210513,000000,10.807,10.856,10.509,10.757,35537,0
APR,D,20210514,000000,10.807,11.104,10.807,10.856,32687,0
APR,D,20210517,000000,11.055,11.203,10.856,10.956,29380,0
APR,D,20210518,000000,11.303,11.402,10.807,10.807,156946,0
APR,D,20210519,000000,10.807,10.906,10.41,10.559,112345,0
APR,D,20210520,000000,10.757,10.856,10.41,10.658,25496,0
APR,D,20210521,000000,10.757,10.906,10.41,10.41,99150,0
APR,D,20210524,000000,10.41,10.509,10.212,10.262,51464,0
APR,D,20210525,000000,10.262,10.757,10.262,10.609,76260,0
APR,D,20210526,000000,10.609,10.757,10.311,10.708,74510,0
APR,D,20210527,000000,10.807,10.906,10.509,10.807,128444,0
APR,D,20210528,000000,10.906,10.906,10.609,10.906,75623,0
APR,D,20210531,000000,10.906,11.154,10.807,11.154,60497,0
APR,D,20210601,000000,11.352,11.699,11.203,11.699,85951,0
APR,D,20210602,000000,11.6,11.749,11.501,11.6,66471,0
APR,D,20210604,000000,11.6,11.75,11.4,11.75,28766,0
APR,D,20210607,000000,11.85,11.95,11.6,11.95,51246,0
APR,D,20210608,000000,12.25,12.4,11.85,12,129182,0
APR,D,20210609,000000,12.3,12.35,12.1,12.2,362664,0
APR,D,20210610,000000,12.25,12.3,11.6,11.7,113029,0
APR,D,20210611,000000,11.8,11.9,11.55,11.7,20861,0
APR,D,20210614,000000,11.7,11.9,11.7,11.75,17553,0
APR,D,20210615,000000,11.9,11.9,11.35,11.5,30085,0
APR,D,20210616,000000,11.45,11.45,11.3,11.4,13712,0
APR,D,20210617,000000,11.25,11.4,11,11.05,31454,0
APR,D,20210618,000000,11.1,11.4,11.1,11.4,24569,0
APR,D,20210621,000000,11.4,11.5,11.3,11.45,14648,0
APR,D,20210622,000000,11.5,11.5,11.35,11.45,20378,0
APR,D,20210623,000000,11.65,11.8,11.35,11.4,32674,0
APR,D,20210624,000000,11.4,11.6,11.25,11.4,13247,0
APR,D,20210625,000000,11.4,11.4,11.2,11.3,21423,0
APR,D,20210628,000000,11.4,11.5,11.15,11.15,50869,0
APR,D,20210629,000000,11.3,11.3,11.1,11.1,168192,0
APR,D,20210630,000000,11.2,11.5,11.2,11.2,88696,0
APR,D,20210701,000000,11.45,11.75,11.3,11.7,58395,0
APR,D,20210702,000000,11.7,11.7,11.5,11.7,30796,0
APR,D,20210705,000000,11.7,12.15,11.65,12.15,147150,0
APR,D,20210706,000000,12.2,12.7,12.15,12.45,67549,0
APR,D,20210707,000000,12.5,13.15,12.45,12.85,458423,0
APR,D,20210708,000000,12.95,13,12.2,12.5,368523,0
APR,D,20210709,000000,12.5,12.8,12.5,12.65,12636,0
APR,D,20210712,000000,12.2,12.7,12.05,12.15,117459,0
APR,D,20210713,000000,12.35,12.75,12.3,12.65,72035,0
APR,D,20210714,000000,12.65,12.9,12.55,12.75,30010,0
APR,D,20210715,000000,12.85,12.85,12.6,12.6,23056,0
APR,D,20210716,000000,12.65,12.65,12.5,12.65,19092,0
APR,D,20210719,000000,12.7,12.7,12.3,12.4,36349,0
APR,D,20210720,000000,12.4,12.6,12.05,12.3,32085,0
APR,D,20210721,000000,12.45,12.7,12.35,12.65,36153,0
APR,D,20210722,000000,12.7,12.75,12.65,12.7,21391,0
APR,D,20210723,000000,12.75,12.8,12.4,12.5,36911,0
APR,D,20210726,000000,12.5,12.7,12.3,12.7,23277,0
APR,D,20210727,000000,12.7,12.8,12.6,12.8,13593,0
APR,D,20210728,000000,12.7,13.15,12.7,13.15,45566,0
APR,D,20210729,000000,13.15,13.3,13.15,13.25,18562,0
APR,D,20210730,000000,13.2,13.3,13.1,13.1,19627,0
APR,D,20210802,000000,13.35,13.4,13.25,13.4,22528,0
APR,D,20210803,000000,13.5,13.5,13.35,13.35,24361,0
APR,D,20210804,000000,13.5,13.9,13.35,13.8,34624,0
APR,D,20210805,000000,13.8,13.9,13.1,13.75,56541,0
APR,D,20210806,000000,13.8,13.85,13.6,13.8,33816,0
APR,D,20210809,000000,13.75,13.8,13.55,13.65,18383,0
APR,D,20210810,000000,13.55,13.75,13.5,13.65,11095,0
APR,D,20210811,000000,13.75,13.75,13.4,13.55,19200,0
APR,D,20210812,000000,13.55,13.6,13.3,13.4,29838,0
APR,D,20210813,000000,13.2,13.55,13.2,13.3,9646,0
APR,D,20210816,000000,13.65,13.7,13.25,13.4,13527,0
APR,D,20210817,000000,13.5,13.5,13.25,13.35,16852,0
APR,D,20210818,000000,13.35,13.5,13.35,13.4,10606,0
APR,D,20210819,000000,13.4,13.7,13.05,13.25,31068,0
APR,D,20210820,000000,13.1,13.55,13.1,13.5,10940,0
APR,D,20210823,000000,13.2,13.6,12.85,13.3,65664,0
APR,D,20210824,000000,13.35,13.55,13.3,13.55,17795,0
APR,D,20210825,000000,13.6,13.75,13.5,13.75,27718,0
APR,D,20210826,000000,13.7,14.05,13.55,14,41457,0
APR,D,20210827,000000,14.25,14.25,13.8,13.85,6641,0
APR,D,20210830,000000,13.9,14.15,13.7,13.9,24626,0
APR,D,20210831,000000,14,14,13.6,13.9,51181,0
APR,D,20210901,000000,13.65,13.9,13.5,13.65,57525,0
APR,D,20210902,000000,13.7,13.9,13.4,13.45,52814,0
APR,D,20210903,000000,13.55,13.75,13.35,13.4,37916,0
APR,D,20210906,000000,13.45,13.5,13.35,13.45,20286,0
APR,D,20210907,000000,13.6,13.6,13.4,13.45,152393,0
APR,D,20210908,000000,13.45,13.5,13.25,13.5,16944,0
APR,D,20210909,000000,13.5,13.5,13.2,13.2,62235,0
APR,D,20210910,000000,13.3,13.5,13.25,13.5,56645,0
APR,D,20210913,000000,13.5,13.5,13.3,13.3,13816,0
APR,D,20210914,000000,13.5,13.5,13.3,13.45,12300,0
APR,D,20210915,000000,13.45,13.5,13.35,13.5,39000,0
APR,D,20210916,000000,13.5,13.9,13.45,13.85,195607,0
APR,D,20210917,000000,13.85,13.9,13.7,13.9,68706,0
APR,D,20210920,000000,13.9,13.9,12.55,13.3,119218,0
APR,D,20210921,000000,13.1,13.45,13,13.3,94577,0
APR,D,20210922,000000,13.3,13.4,13.1,13.35,52100,0
APR,D,20210923,000000,13.35,13.6,13.25,13.4,27377,0
APR,D,20210924,000000,13.6,13.6,13.1,13.1,23257,0
APR,D,20210927,000000,13.25,13.5,13.1,13.3,255174,0
APR,D,20210928,000000,13.25,13.8,13.25,13.45,129905,0
APR,D,20210929,000000,13.5,13.5,12.65,13,140984,0
APR,D,20210930,000000,12.8,13.2,12.8,13.2,37674,0
APR,D,20211001,000000,12.9,13.1,12.9,13,15455,0
APR,D,20211004,000000,12.9,13.2,12.9,13.2,82188,0
APR,D,20211005,000000,13.15,13.5,13,13.5,24977,0
APR,D,20211006,000000,13.5,13.65,13.4,13.6,35907,0
APR,D,20211007,000000,13.7,13.7,13.4,13.65,70566,0
APR,D,20211008,000000,13.7,13.85,13.6,13.85,148628,0
APR,D,20211011,000000,13.8,14,13.8,13.95,30615,0
APR,D,20211012,000000,14,14.5,13.8,14.3,94310,0
APR,D,20211013,000000,14.3,14.4,14.1,14.15,23047,0
APR,D,20211014,000000,14.3,14.3,13.9,14,14997,0
APR,D,20211015,000000,14.05,14.2,13.85,13.9,35749,0
APR,D,20211018,000000,13.95,14,13.2,13.45,48693,0
APR,D,20211019,000000,13.4,13.6,13.2,13.2,93565,0
APR,D,20211020,000000,13.6,13.6,13.2,13.5,20536,0
APR,D,20211021,000000,13.25,13.6,13.2,13.5,18687,0
APR,D,20211022,000000,13.6,13.6,13.2,13.25,25780,0
APR,D,20211025,000000,13.2,13.35,12.95,13.1,47733,0
APR,D,20211026,000000,12.95,13.2,12.9,12.9,22473,0
APR,D,20211027,000000,13,13.1,12.85,13,73194,0
APR,D,20211028,000000,13.2,13.55,13.2,13.4,127048,0
APR,D,20211029,000000,13.55,13.55,13.15,13.5,60356,0
APR,D,20211102,000000,13.5,13.55,13.3,13.55,36357,0
APR,D,20211103,000000,13.55,13.6,13.2,13.6,17378,0
APR,D,20211104,000000,13.55,13.8,13.5,13.8,24574,0
APR,D,20211105,000000,13.8,14.1,13.55,13.95,239331,0
APR,D,20211108,000000,14.05,14.2,13.95,14,56365,0
APR,D,20211109,000000,14.15,14.15,13.85,14.05,30110,0
APR,D,20211110,000000,13.95,14.1,13.7,13.75,24550,0
APR,D,20211112,000000,13.75,13.95,13.35,13.8,20743,0
APR,D,20211115,000000,13.85,14.05,13.7,13.7,33785,0
APR,D,20211116,000000,13.65,13.95,13.65,13.9,3972,0
APR,D,20211117,000000,13.9,13.9,13.75,13.9,5404,0
APR,D,20211118,000000,13.9,13.95,13.65,13.8,70691,0
APR,D,20211119,000000,13.65,13.8,13.25,13.4,158234,0
APR,D,20211122,000000,13.05,13.4,13,13.05,122291,0
APR,D,20211123,000000,12.95,13.05,12.7,12.8,70841,0
APR,D,20211124,000000,12.85,13.5,12.85,13.3,289404,0
APR,D,20211125,000000,13.3,13.5,13.3,13.3,17148,0
APR,D,20211126,000000,12.95,13.25,12.8,13.15,72139,0
APR,D,20211129,000000,13.05,13.5,12.75,13.5,76578,0
APR,D,20211130,000000,13.3,13.6,13.05,13.6,68014,0
APR,D,20211201,000000,13.55,14.1,13.55,14.1,71098,0
APR,D,20211202,000000,14.05,14.05,13.65,13.9,342553,0
APR,D,20211203,000000,13.65,14,13.45,13.45,147008,0
APR,D,20211206,000000,13.45,13.6,13.2,13.2,38550,0
APR,D,20211207,000000,13.2,13.9,13.2,13.85,36760,0
APR,D,20211208,000000,13.7,13.85,13.6,13.6,8140,0
APR,D,20211209,000000,13.6,13.75,13.5,13.7,32028,0
APR,D,20211210,000000,13.95,13.95,13.65,13.8,34945,0
APR,D,20211213,000000,13.8,14,13.65,13.85,23401,0
APR,D,20211214,000000,14,14,13.55,13.7,26385,0
APR,D,20211215,000000,13.8,13.85,13.5,13.5,37023,0
APR,D,20211216,000000,13.5,13.65,13.5,13.6,17873,0
APR,D,20211217,000000,13.5,13.95,13.5,13.8,20127,0
APR,D,20211220,000000,13.7,13.7,13.25,13.5,22235,0
APR,D,20211221,000000,13.65,13.65,13.3,13.5,69623,0
APR,D,20211222,000000,13.65,13.8,13.6,13.8,76777,0
APR,D,20211223,000000,13.8,13.8,13.3,13.75,21019,0
APR,D,20211227,000000,13.75,14.15,13.45,14.15,153254,0
APR,D,20211228,000000,14.1,14.3,13.9,14.15,73110,0
APR,D,20211229,000000,14.15,14.35,14,14.25,115864,0
APR,D,20211230,000000,14.25,14.4,14.05,14.2,14545,0
APR,D,20220103,000000,14.2,14.95,14.1,14.9,100108,0
APR,D,20220104,000000,14.95,15.25,14.8,15.25,121413,0
APR,D,20220105,000000,15.3,15.5,15,15.5,68462,0
APR,D,20220107,000000,15.45,15.45,15.05,15.1,20414,0
APR,D,20220110,000000,15.2,15.35,14.85,15.35,54860,0
APR,D,20220111,000000,15.4,15.55,15.1,15.3,45066,0
APR,D,20220112,000000,15.3,15.9,15.25,15.9,104411,0
APR,D,20220113,000000,16,16.05,15.85,16.05,94915,0
APR,D,20220114,000000,16,16,15.65,15.65,120887,0
APR,D,20220117,000000,15.75,16,15.65,15.95,67793,0
APR,D,20220118,000000,16,16.05,15.8,16,40808,0
APR,D,20220119,000000,15.95,16,15.4,15.9,50231,0
APR,D,20220120,000000,15.95,16,14.75,15.3,56997,0
APR,D,20220121,000000,15.2,15.7,14.8,15.7,80140,0
APR,D,20220124,000000,15.6,16.1,14.75,15.3,225482,0
APR,D,20220125,000000,14.95,15.9,14.95,15.5,185444,0
APR,D,20220126,000000,15.85,16,15.6,16,138436,0
APR,D,20220127,000000,16,16,15.65,15.75,33642,0
APR,D,20220128,000000,15.85,15.85,15.3,15.8,123003,0
APR,D,20220131,000000,15.75,15.8,15.4,15.8,77816,0
APR,D,20220201,000000,15.8,15.8,15.5,15.65,151670,0
APR,D,20220202,000000,15.8,15.8,15.4,15.6,22679,0
APR,D,20220203,000000,15.6,15.65,15.25,15.4,25350,0
APR,D,20220204,000000,15.55,15.55,14.55,14.95,76642,0
APR,D,20220207,000000,15.15,15.55,15,15.55,54051,0
APR,D,20220208,000000,15.55,15.6,15.35,15.6,15472,0
APR,D,20220209,000000,15.6,16.4,15.4,16.35,121800,0
APR,D,20220210,000000,16.4,16.75,16.2,16.6,59728,0
APR,D,20220211,000000,16.5,17.25,16.2,16.55,227420,0
APR,D,20220214,000000,16.4,16.45,15.5,15.85,195666,0
APR,D,20220215,000000,15.9,16.05,15.75,15.85,25687,0
APR,D,20220216,000000,15.85,16.2,15.5,15.5,43839,0
APR,D,20220217,000000,15.5,15.8,15.2,15.2,32510,0
APR,D,20220218,000000,15.3,15.85,15.3,15.6,15997,0
APR,D,20220221,000000,16,16,15.05,15.3,45254,0
APR,D,20220222,000000,15.2,15.8,15.2,15.35,87048,0
APR,D,20220223,000000,15.5,15.5,14.35,14.8,62612,0
APR,D,20220224,000000,12.8,13.95,11.6,13.3,326155,0
APR,D,20220225,000000,13.3,14.5,13.3,14.4,132535,0
APR,D,20220228,000000,14.35,14.4,13.7,14.2,78816,0
APR,D,20220301,000000,13.8,14.05,13.45,13.6,59311,0
APR,D,20220302,000000,13.55,13.9,13.2,13.55,40708,0
APR,D,20220303,000000,13.55,13.7,13.2,13.5,43448,0
APR,D,20220304,000000,13.5,13.65,13,13,46554,0
APR,D,20220307,000000,12.7,12.9,12.1,12.85,130280,0
APR,D,20220308,000000,12.9,13.8,12.9,13.1,76881,0
APR,D,20220309,000000,13.15,14.3,13.15,14.3,84476,0
APR,D,20220310,000000,14.3,14.3,13.85,13.9,23297,0
APR,D,20220311,000000,14.1,14.15,13.7,13.9,56330,0
APR,D,20220314,000000,14.05,14.1,13.9,14,29864,0
APR,D,20220315,000000,14.15,14.2,13.6,14.2,96992,0
APR,D,20220316,000000,14.25,15.4,14.1,15.35,244084,0
APR,D,20220317,000000,15.4,15.75,15.15,15.45,49623,0
APR,D,20220318,000000,15.5,15.5,15.1,15.2,64876,0
APR,D,20220321,000000,15.5,15.5,15.1,15.35,18071,0
APR,D,20220322,000000,15.35,15.4,15.15,15.35,8590,0
APR,D,20220323,000000,15.45,15.45,15.1,15.2,3088,0
APR,D,20220324,000000,15.05,15.15,14.65,14.9,35048,0
APR,D,20220325,000000,14.85,15.3,14.7,15.2,15992,0
APR,D,20220328,000000,15.15,15.25,15.1,15.25,15718,0
APR,D,20220329,000000,15.25,15.4,15,15,92015,0
APR,D,20220330,000000,15.15,15.4,15.1,15.35,24249,0
APR,D,20220331,000000,15.35,15.5,15.2,15.4,7804,0
APR,D,20220401,000000,15.3,15.7,15.3,15.5,38745,0
APR,D,20220404,000000,15.65,15.8,15.3,15.8,41589,0
APR,D,20220405,000000,15.85,16.4,15.85,16.2,69434,0
APR,D,20220406,000000,16.2,16.4,15.85,15.9,31926,0
APR,D,20220407,000000,16,16.35,15.8,15.85,73127,0
APR,D,20220408,000000,15.9,16.1,15.6,15.6,46397,0
APR,D,20220411,000000,15.25,15.55,15.25,15.25,28916,0
APR,D,20220412,000000,15.45,16.35,15.25,16.15,63860,0
APR,D,20220413,000000,15,15.26,14.56,14.7,722355,0
APR,D,20220414,000000,14.7,14.92,14.6,14.66,72427,0
APR,D,20220419,000000,14.6,14.7,14.5,14.68,30094,0
APR,D,20220420,000000,14.62,14.88,14.58,14.72,13814,0
APR,D,20220421,000000,14.68,14.68,14.2,14.4,43312,0
APR,D,20220422,000000,14.3,14.4,14,14,47161,0
