<TICKER>,<PER>,<DATE>,<TIME>,<OPEN>,<HIGH>,<LOW>,<CLOSE>,<VOL>,<OPENINT>
ARH,D,20160322,000000,8.9106,8.9106,8.3894,8.6924,10871,0
ARH,D,20160323,000000,8.7487,8.7487,7.9351,8.5805,11734,0
ARH,D,20160324,000000,8.5518,8.6359,8.5518,8.6359,3100,0
ARH,D,20160329,000000,8.4679,8.4734,8.4116,8.4734,3300,0
ARH,D,20160330,000000,8.4734,8.6924,8.4734,8.687,6206,0
ARH,D,20160331,000000,8.4179,8.653,8.4179,8.653,37,0
ARH,D,20160401,000000,8.6091,8.6091,8.6091,8.6091,188,0
ARH,D,20160404,000000,8.6091,8.6091,8.6091,8.6091,294,0
ARH,D,20160405,000000,8.6091,8.6091,8.5518,8.5518,1975,0
ARH,D,20160406,000000,8.6091,8.6091,8.4679,8.4679,1257,0
ARH,D,20160407,000000,8.5518,8.5518,8.4394,8.4394,212,0
ARH,D,20160408,000000,8.4394,8.6924,8.4394,8.4457,4184,0
ARH,D,20160411,000000,8.6816,8.6816,8.6816,8.6816,1,0
ARH,D,20160412,000000,8.4457,8.6189,8.4394,8.6189,598,0
ARH,D,20160413,000000,8.6029,8.6029,8.4457,8.6029,469,0
ARH,D,20160414,000000,8.525,8.5805,8.525,8.5805,1435,0
ARH,D,20160415,000000,8.4116,8.5582,8.356,8.5582,3175,0
ARH,D,20160418,000000,8.4179,8.4179,8.4068,8.4068,1506,0
ARH,D,20160419,000000,8.3672,8.3672,8.3457,8.3457,1459,0
ARH,D,20160420,000000,8.3283,8.3283,7.9628,7.9747,2836,0
ARH,D,20160421,000000,8.1317,8.1881,8.1317,8.1317,1236,0
ARH,D,20160422,000000,8.1317,8.356,8.1317,8.356,197,0
ARH,D,20160425,000000,8.1881,8.1881,7.97,7.97,1800,0
ARH,D,20160426,000000,8.1595,8.525,8.1595,8.525,5198,0
ARH,D,20160427,000000,8.525,8.805,8.525,8.5295,14159,0
ARH,D,20160428,000000,8.5349,8.5349,8.5349,8.5349,527,0
ARH,D,20160502,000000,8.5805,8.5805,8.5805,8.5805,170,0
ARH,D,20160504,000000,8.2157,8.3782,8.2047,8.2047,2079,0
ARH,D,20160506,000000,8.2989,8.687,8.2989,8.356,1783,0
ARH,D,20160509,000000,8.4116,8.4116,8.4116,8.4116,19,0
ARH,D,20160510,000000,8.4116,8.4512,8.4116,8.4512,1286,0
ARH,D,20160511,000000,8.4227,8.7433,8.4227,8.6924,4987,0
ARH,D,20160512,000000,8.7156,8.7156,8.5805,8.653,4476,0
ARH,D,20160513,000000,8.6359,8.6359,8.6359,8.6359,356,0
ARH,D,20160516,000000,8.67,8.687,8.6476,8.687,1569,0
ARH,D,20160517,000000,8.6924,8.6924,8.6655,8.6655,2789,0
ARH,D,20160518,000000,8.6359,8.6359,8.6359,8.6359,107,0
ARH,D,20160519,000000,8.5805,8.6924,8.5805,8.6924,19361,0
ARH,D,20160520,000000,8.7433,8.7487,8.7433,8.7487,4986,0
ARH,D,20160523,000000,8.6359,8.6359,8.5805,8.5805,1159,0
ARH,D,20160524,000000,8.6924,8.7487,8.6924,8.6977,1727,0
ARH,D,20160525,000000,8.7487,8.7487,8.7487,8.7487,858,0
ARH,D,20160530,000000,8.6924,8.6924,8.5859,8.6924,687,0
ARH,D,20160531,000000,8.6655,8.6924,8.5805,8.6924,2886,0
ARH,D,20160601,000000,8.5859,8.5859,8.4345,8.4345,1670,0
ARH,D,20160602,000000,8.4179,8.7487,8.4116,8.7487,6439,0
ARH,D,20160603,000000,8.7487,8.7487,8.7487,8.7487,141,0
ARH,D,20160606,000000,8.7487,8.7487,8.525,8.525,610,0
ARH,D,20160607,000000,8.5134,8.7371,8.5134,8.7371,1854,0
ARH,D,20160608,000000,8.4964,8.5805,8.4964,8.5805,1694,0
ARH,D,20160609,000000,8.5805,8.5805,8.5805,8.5805,269,0
ARH,D,20160610,000000,8.525,8.525,8.525,8.525,1783,0
ARH,D,20160614,000000,8.5295,8.5295,8.4179,8.4179,750,0
ARH,D,20160615,000000,8.4179,8.4179,8.4116,8.4116,703,0
ARH,D,20160616,000000,8.356,8.356,8.2435,8.2435,360,0
ARH,D,20160620,000000,8.2435,8.249,8.2435,8.2435,894,0
ARH,D,20160621,000000,8.0255,8.0255,8.0255,8.0255,72,0
ARH,D,20160622,000000,8.2332,8.3457,8.2332,8.3457,394,0
ARH,D,20160624,000000,8.0255,8.1262,7.5703,8.0984,7551,0
ARH,D,20160627,000000,8.3854,8.3854,8.3259,8.3854,2891,0
ARH,D,20160628,000000,8.3854,8.3854,8.3854,8.3854,706,0
ARH,D,20160629,000000,8.3259,8.6842,8.3259,8.679,1186,0
ARH,D,20160630,000000,8.5063,8.5063,8.5063,8.5063,5,0
ARH,D,20160701,000000,8.4457,8.4512,8.4457,8.4512,619,0
ARH,D,20160704,000000,8.5063,8.5063,8.2656,8.2656,3687,0
ARH,D,20160705,000000,8.3259,8.3259,7.9953,7.9953,452,0
ARH,D,20160706,000000,7.9668,7.9787,7.9668,7.9668,2035,0
ARH,D,20160707,000000,7.9668,8.0262,7.9668,8.0262,2690,0
ARH,D,20160712,000000,8.0801,8.0858,8.0801,8.0858,720,0
ARH,D,20160713,000000,8.0262,8.0262,8.0262,8.0262,94,0
ARH,D,20160714,000000,7.9121,7.9121,7.9121,7.9121,121,0
ARH,D,20160715,000000,8.1166,8.1166,8.1166,8.1166,125,0
ARH,D,20160718,000000,8.1166,8.1166,7.9787,7.9787,672,0
ARH,D,20160719,000000,7.9668,7.9668,7.9422,7.9422,1937,0
ARH,D,20160720,000000,7.9597,8.1397,7.9597,8.1397,3857,0
ARH,D,20160721,000000,8.1397,8.1397,7.9121,7.9312,253,0
ARH,D,20160722,000000,8.2474,8.2656,8.2474,8.2656,1326,0
ARH,D,20160725,000000,8.3854,8.6842,8.092,8.6842,2589,0
ARH,D,20160726,000000,8.6842,8.7872,8.6842,8.7872,1737,0
ARH,D,20160727,000000,8.805,8.805,8.7872,8.7872,168,0
ARH,D,20160728,000000,8.6842,8.6842,8.6842,8.6842,168,0
ARH,D,20160729,000000,8.679,8.9545,8.679,8.9545,629,0
ARH,D,20160801,000000,8.6485,8.6485,8.6485,8.6485,168,0
ARH,D,20160804,000000,8.8945,8.8945,8.8945,8.8945,40,0
ARH,D,20160808,000000,8.6548,8.6548,8.6548,8.6548,510,0
ARH,D,20160809,000000,8.679,8.679,8.679,8.679,168,0
ARH,D,20160810,000000,8.679,8.679,8.6485,8.6485,333,0
ARH,D,20160811,000000,8.6842,8.6842,8.6842,8.6842,318,0
ARH,D,20160812,000000,8.7156,8.978,8.7156,8.978,1420,0
ARH,D,20160816,000000,8.6968,8.978,8.6485,8.978,342,0
ARH,D,20160817,000000,8.6548,8.978,8.6548,8.978,40,0
ARH,D,20160818,000000,8.978,8.978,8.978,8.978,249,0
ARH,D,20160824,000000,8.8641,8.8641,8.6315,8.8346,1122,0
ARH,D,20160829,000000,8.6253,8.805,8.6253,8.805,386,0
ARH,D,20160830,000000,8.661,8.661,8.6253,8.6253,1126,0
ARH,D,20160831,000000,8.805,9.0261,8.6842,8.9545,13138,0
ARH,D,20160901,000000,8.9545,8.9733,8.9545,8.9733,1366,0
ARH,D,20160902,000000,8.9545,8.9545,8.6548,8.925,1147,0
ARH,D,20160905,000000,8.9186,8.9186,8.6548,8.805,744,0
ARH,D,20160906,000000,8.6736,8.8945,8.6736,8.8945,1151,0
ARH,D,20160907,000000,8.8829,8.9855,8.8829,8.9855,8472,0
ARH,D,20160908,000000,8.978,9.1045,8.925,9.1045,62985,0
ARH,D,20160909,000000,9.0441,9.2545,8.9855,9.1045,91553,0
ARH,D,20160912,000000,8.8945,8.8945,8.805,8.805,29991,0
ARH,D,20160913,000000,8.805,8.805,8.805,8.805,3654,0
ARH,D,20160914,000000,8.7219,8.7219,8.7219,8.7219,33,0
ARH,D,20160915,000000,8.7263,9.1941,8.7219,9.1582,16640,0
ARH,D,20160916,000000,9.1752,9.1941,9.1639,9.1752,584,0
ARH,D,20160919,000000,9.1639,9.1941,9.1639,9.1941,5490,0
ARH,D,20160920,000000,9.1045,9.1941,8.9903,9.0441,495,0
ARH,D,20160921,000000,9.0563,9.2234,9.0563,9.1941,5125,0
ARH,D,20160923,000000,9.1941,9.2234,9.1941,9.2234,972,0
ARH,D,20160926,000000,9.2234,9.2658,8.9545,9.2658,4219,0
ARH,D,20160927,000000,9.0799,9.2658,9.0743,9.2658,139,0
ARH,D,20160928,000000,9.0743,9.2658,8.9855,9.2592,127,0
ARH,D,20160929,000000,9.2234,9.3432,9.2234,9.3432,30827,0
ARH,D,20160930,000000,9.3432,9.4036,9.3432,9.4036,834,0
ARH,D,20161003,000000,9.4036,9.4036,9.3432,9.3432,434,0
ARH,D,20161004,000000,9.3432,9.4036,9.1705,9.2951,5279,0
ARH,D,20161006,000000,9.2234,9.2951,9.2234,9.2951,333,0
ARH,D,20161007,000000,9.2951,9.3432,9.2951,9.3432,636,0
ARH,D,20161010,000000,9.3432,9.3791,9.1346,9.2413,20504,0
ARH,D,20161011,000000,9.2545,9.2545,9.2545,9.2545,501,0
ARH,D,20161012,000000,9.2234,9.2234,9.2234,9.2234,168,0
ARH,D,20161013,000000,9.2545,9.3857,9.2545,9.3857,6108,0
ARH,D,20161014,000000,9.2847,9.2847,9.2847,9.2847,85,0
ARH,D,20161017,000000,9.1639,9.3791,9.1639,9.2847,924,0
ARH,D,20161018,000000,9.2847,9.2847,9.2847,9.2847,9649,0
ARH,D,20161019,000000,9.3923,9.3923,9.3857,9.3857,184,0
ARH,D,20161021,000000,9.2847,9.2847,9.2847,9.2847,342,0
ARH,D,20161024,000000,9.2847,9.2847,9.1639,9.1639,1945,0
ARH,D,20161025,000000,9.3611,9.3611,9.3611,9.3611,267,0
ARH,D,20161027,000000,9.1639,9.2847,8.9855,9.128,1426,0
ARH,D,20161028,000000,9.1346,9.1346,9.1346,9.1346,2,0
ARH,D,20161031,000000,9.1346,9.2734,9.1346,9.2734,4132,0
ARH,D,20161103,000000,8.9545,9.0384,8.9303,9.0384,1591,0
ARH,D,20161104,000000,9.0384,9.2054,9.0384,9.2054,1664,0
ARH,D,20161107,000000,8.9855,8.9855,8.9855,8.9855,85,0
ARH,D,20161109,000000,9.0441,9.2592,9.0441,9.2592,72,0
ARH,D,20161110,000000,8.9855,9.1639,8.9855,8.9855,331,0
ARH,D,20161114,000000,8.8945,9.0743,8.8945,8.9855,3733,0
ARH,D,20161115,000000,8.9598,9.0743,8.9598,8.9855,518,0
ARH,D,20161116,000000,8.8999,8.8999,8.8945,8.8999,386,0
ARH,D,20161117,000000,9.0686,9.0686,9.0686,9.0686,23,0
ARH,D,20161118,000000,9.0686,9.1167,8.8641,8.8641,3987,0
ARH,D,20161121,000000,8.925,8.9855,8.925,8.9855,2384,0
ARH,D,20161122,000000,8.8104,8.925,8.805,8.925,440,0
ARH,D,20161123,000000,8.8883,8.978,8.8883,8.978,1278,0
ARH,D,20161124,000000,8.9733,8.9733,8.805,8.805,720,0
ARH,D,20161125,000000,8.805,8.805,8.805,8.805,95,0
ARH,D,20161128,000000,8.7451,8.9855,8.7451,8.9598,1960,0
ARH,D,20161129,000000,8.978,8.9855,8.9657,8.9657,504,0
ARH,D,20161130,000000,8.978,8.978,8.7451,8.978,226,0
ARH,D,20161201,000000,8.9733,8.9733,8.9733,8.9733,7,0
ARH,D,20161202,000000,8.9733,8.9733,8.7451,8.7451,158,0
ARH,D,20161205,000000,8.9598,8.9598,8.7505,8.7505,63,0
ARH,D,20161206,000000,8.7451,8.7451,8.6253,8.7451,2453,0
ARH,D,20161207,000000,8.6548,8.6548,8.4457,8.6548,1079,0
ARH,D,20161208,000000,8.6842,8.6842,8.6842,8.6842,553,0
ARH,D,20161212,000000,8.3259,8.7156,8.3259,8.7156,2562,0
ARH,D,20161213,000000,8.8587,8.9855,8.8587,8.9855,8360,0
ARH,D,20161214,000000,8.9903,9.1941,8.9903,9.1941,755,0
ARH,D,20161215,000000,9.2186,9.3743,9.2186,9.3743,18932,0
ARH,D,20161216,000000,9.3923,9.523,9.3923,9.4036,7579,0
ARH,D,20161219,000000,9.4036,9.4036,8.925,9.4036,3106,0
ARH,D,20161220,000000,9.2847,9.2847,9.2847,9.2847,834,0
ARH,D,20161221,000000,9.3923,9.3923,9.1346,9.2847,178,0
ARH,D,20161223,000000,9.3432,9.3432,9.3432,9.3432,7,0
ARH,D,20161227,000000,9.3375,9.3375,9.3375,9.3375,76,0
ARH,D,20161228,000000,9.2847,9.2847,9.2847,9.2847,254,0
ARH,D,20161229,000000,9.2734,9.2734,9.1346,9.1828,2010,0
ARH,D,20161230,000000,9.1346,9.1346,9.1346,9.1346,669,0
ARH,D,20170102,000000,9.1346,9.1639,9.1346,9.1346,2120,0
ARH,D,20170103,000000,9.2847,9.523,8.9855,9.128,10467,0
ARH,D,20170104,000000,9.1167,9.1167,8.9855,8.9855,831,0
ARH,D,20170105,000000,8.9855,8.9855,8.7156,8.805,4631,0
ARH,D,20170109,000000,9.0441,9.128,9.0441,9.128,1987,0
ARH,D,20170110,000000,8.9855,8.9855,8.9855,8.9855,14,0
ARH,D,20170111,000000,9.128,9.1346,9.128,9.1346,1752,0
ARH,D,20170112,000000,9.1346,9.3432,9.1346,9.3432,16713,0
ARH,D,20170113,000000,9.3375,9.3375,9.1045,9.1111,189,0
ARH,D,20170116,000000,9.3432,9.3432,9.1045,9.1639,2277,0
ARH,D,20170117,000000,9.2951,9.2951,9.2951,9.2951,2,0
ARH,D,20170118,000000,9.2847,9.2847,9.2847,9.2847,2,0
ARH,D,20170119,000000,9.2771,9.2771,9.1111,9.1111,519,0
ARH,D,20170120,000000,8.9903,9.2234,8.9855,8.9903,8321,0
ARH,D,20170123,000000,8.925,9.2234,8.925,9.2234,1743,0
ARH,D,20170124,000000,9.2234,9.3432,8.9303,9.3432,7745,0
ARH,D,20170125,000000,9.3375,9.3375,8.9903,9.3375,6766,0
ARH,D,20170126,000000,9.2847,9.2847,9.2847,9.2847,176,0
ARH,D,20170127,000000,9.2847,9.2847,9.2847,9.2847,2523,0
ARH,D,20170130,000000,9.3857,9.3857,9.3857,9.3857,1878,0
ARH,D,20170131,000000,9.3857,9.3857,9.3432,9.3432,1296,0
ARH,D,20170201,000000,9.3375,9.3375,9.3375,9.3375,136,0
ARH,D,20170202,000000,9.2847,9.2847,8.9855,8.9855,970,0
ARH,D,20170203,000000,9.3319,9.3319,9.2545,9.2847,1828,0
ARH,D,20170207,000000,9.2847,9.3253,9.2847,9.3253,2307,0
ARH,D,20170208,000000,9.2234,9.2234,9.2234,9.2234,28,0
ARH,D,20170209,000000,9.3375,9.3375,9.2234,9.2234,685,0
ARH,D,20170210,000000,9.1346,9.3149,9.1346,9.3149,1253,0
ARH,D,20170213,000000,9.1346,9.3149,8.9855,9.3149,2687,0
ARH,D,20170214,000000,8.9855,8.9855,8.9855,8.9855,166,0
ARH,D,20170215,000000,8.9903,8.9903,8.9903,8.9903,333,0
ARH,D,20170216,000000,8.9969,9.0441,8.9903,8.9903,1194,0
ARH,D,20170217,000000,8.9969,9.0686,8.6127,8.6127,10117,0
ARH,D,20170220,000000,8.9855,8.9855,8.6906,8.9855,1430,0
ARH,D,20170221,000000,8.9855,8.9855,8.9855,8.9855,265,0
ARH,D,20170222,000000,8.9855,8.9855,8.9855,8.9855,619,0
ARH,D,20170223,000000,8.8346,8.9855,8.8346,8.9855,498,0
ARH,D,20170224,000000,8.9855,8.9855,8.805,8.805,553,0
ARH,D,20170227,000000,8.978,8.978,8.925,8.9303,1750,0
ARH,D,20170228,000000,8.978,8.978,8.978,8.978,41,0
ARH,D,20170301,000000,8.978,8.9855,8.978,8.9855,2102,0
ARH,D,20170302,000000,8.9855,8.9855,8.9855,8.9855,596,0
ARH,D,20170303,000000,8.9903,9.0441,8.9903,9.0441,2053,0
ARH,D,20170306,000000,8.9303,9.1045,8.7156,9.1045,405,0
ARH,D,20170307,000000,8.9855,8.9855,8.9855,8.9855,48,0
ARH,D,20170308,000000,8.8641,8.8641,8.8641,8.8641,810,0
ARH,D,20170309,000000,8.9855,8.9855,8.9855,8.9855,3,0
ARH,D,20170310,000000,8.9733,8.9855,8.9733,8.9855,8785,0
ARH,D,20170313,000000,9.0988,9.0988,8.7219,8.9855,3841,0
ARH,D,20170314,000000,9.0441,9.0441,9.0441,9.0441,2,0
ARH,D,20170315,000000,9.0441,9.0441,8.8346,8.8346,1347,0
ARH,D,20170316,000000,9.0148,9.0148,8.7809,8.9855,129,0
ARH,D,20170317,000000,9.0148,9.0148,8.9855,9.0148,3161,0
ARH,D,20170320,000000,9.0441,9.1045,8.805,9.1045,39572,0
ARH,D,20170322,000000,8.823,9.0799,8.823,9.0799,358,0
ARH,D,20170323,000000,9.0148,9.0148,9.0148,9.0148,149520,0
ARH,D,20170324,000000,8.9855,8.9855,8.9855,8.9855,4704,0
ARH,D,20170327,000000,8.9428,8.9855,8.9428,8.9855,501,0
ARH,D,20170328,000000,8.9482,8.9482,8.925,8.925,599,0
ARH,D,20170329,000000,8.9969,9.0563,8.9969,9.0563,763,0
ARH,D,20170330,000000,9.0563,9.062,9.0563,9.062,420,0
ARH,D,20170331,000000,9.062,9.1346,9.062,9.1346,2959,0
ARH,D,20170404,000000,9.1526,9.3432,9.1526,9.3432,13863,0
ARH,D,20170405,000000,9.2234,9.2234,9.1346,9.1346,1169,0
ARH,D,20170406,000000,9.3498,9.3498,9.3498,9.3498,3,0
ARH,D,20170407,000000,9.3498,9.4338,9.3498,9.3791,9616,0
ARH,D,20170410,000000,9.4753,9.4753,9.4753,9.4753,501,0
ARH,D,20170411,000000,9.4272,9.4272,9.3432,9.4215,176,0
ARH,D,20170412,000000,9.4272,9.883,9.4272,9.584,34475,0
ARH,D,20170413,000000,9.824,9.824,9.2545,9.703,4110,0
ARH,D,20170418,000000,9.554,9.698,9.554,9.698,10841,0
ARH,D,20170419,000000,9.559,9.703,9.559,9.69,8256,0
ARH,D,20170420,000000,9.703,9.883,9.703,9.883,3741,0
ARH,D,20170421,000000,10.026,10.026,9.943,10.002,7893,0
ARH,D,20170424,000000,10.123,10.164,10.123,10.164,3162,0
ARH,D,20170425,000000,10.164,10.164,10.032,10.164,1391,0
ARH,D,20170426,000000,10.164,10.164,10.002,10.152,973,0
ARH,D,20170427,000000,10.123,10.152,10.063,10.063,6193,0
ARH,D,20170428,000000,9.77,10.092,9.584,10.092,5309,0
ARH,D,20170502,000000,9.943,10.099,9.943,10.099,949,0
ARH,D,20170504,000000,10.11,10.11,10.063,10.063,1681,0
ARH,D,20170505,000000,9.824,10.063,9.703,9.788,3413,0
ARH,D,20170508,000000,9.788,9.788,9.703,9.703,834,0
ARH,D,20170509,000000,9.763,9.763,9.0799,9.2847,8472,0
ARH,D,20170510,000000,9.2847,9.2847,9.1639,9.2007,50392,0
ARH,D,20170511,000000,9.2234,9.4508,9.2007,9.4461,12686,0
ARH,D,20170512,000000,9.4461,9.4574,9.4461,9.4574,2871,0
ARH,D,20170515,000000,9.4036,9.463,9.1752,9.463,2013,0
ARH,D,20170516,000000,9.2951,9.2951,9.2951,9.2951,137,0
ARH,D,20170517,000000,9.4753,9.4753,9.2904,9.4687,5231,0
ARH,D,20170518,000000,9.2904,9.2904,9.2904,9.2904,1,0
ARH,D,20170519,000000,9.673,9.673,9.2951,9.643,94,0
ARH,D,20170522,000000,9.624,9.883,9.523,9.523,41744,0
ARH,D,20170523,000000,9.913,9.973,9.523,9.883,42606,0
ARH,D,20170524,000000,9.883,9.943,9.824,9.824,898,0
ARH,D,20170525,000000,9.824,10.063,9.824,10.063,7023,0
ARH,D,20170526,000000,9.997,10.051,9.973,9.973,2446,0
ARH,D,20170529,000000,10.141,10.146,10.026,10.123,6850,0
ARH,D,20170530,000000,10.142,10.182,10.032,10.032,7378,0
ARH,D,20170601,000000,10.316,10.335,10.316,10.335,318,0
ARH,D,20170602,000000,9.969,10.065,9.876,10.065,5800,0
ARH,D,20170605,000000,10.127,10.254,10.127,10.254,124954,0
ARH,D,20170606,000000,10.254,10.284,10.152,10.284,98062,0
ARH,D,20170607,000000,10.374,10.374,10.19,10.19,3227,0
ARH,D,20170608,000000,10.127,10.473,9.963,10.466,2486,0
ARH,D,20170609,000000,10.466,10.53,10.241,10.523,12373,0
ARH,D,20170612,000000,10.53,10.53,10.316,10.316,490,0
ARH,D,20170613,000000,10.254,10.316,10.171,10.316,1399,0
ARH,D,20170614,000000,10.19,10.31,10.133,10.14,16706,0
ARH,D,20170616,000000,10.19,10.254,10.19,10.254,475,0
ARH,D,20170619,000000,10.254,10.254,10.127,10.127,1522,0
ARH,D,20170620,000000,10.115,10.115,10.065,10.065,960,0
ARH,D,20170621,000000,10.065,10.065,10.065,10.065,111,0
ARH,D,20170622,000000,10.065,10.065,10.065,10.065,553,0
ARH,D,20170626,000000,10.065,10.159,10.065,10.065,952,0
ARH,D,20170627,000000,10.065,10.065,10.065,10.065,237,0
ARH,D,20170628,000000,10.094,10.094,10.094,10.094,125,0
ARH,D,20170629,000000,10.001,10.001,10.001,10.001,5424,0
ARH,D,20170630,000000,10.001,10.001,9.881,10.001,11554,0
ARH,D,20170703,000000,9.843,9.843,9.781,9.781,1294,0
ARH,D,20170704,000000,9.781,9.781,9.75,9.781,1054,0
ARH,D,20170705,000000,9.498,9.907,9.498,9.907,454,0
ARH,D,20170707,000000,9.781,9.781,9.75,9.75,4199,0
ARH,D,20170710,000000,9.75,9.75,9.75,9.75,1829,0
ARH,D,20170711,000000,9.876,9.876,9.75,9.75,1060,0
ARH,D,20170712,000000,9.75,9.75,9.56,9.56,11364,0
ARH,D,20170713,000000,9.907,9.907,9.812,9.812,32,0
ARH,D,20170714,000000,9.781,9.781,9.781,9.781,318,0
ARH,D,20170718,000000,9.907,9.996,9.907,9.996,746,0
ARH,D,20170719,000000,9.996,10.094,9.996,10.094,336,0
ARH,D,20170720,000000,9.757,10.089,9.757,10.089,1593,0
ARH,D,20170721,000000,9.693,9.907,8.8373,9.907,13981,0
ARH,D,20170724,000000,9.688,9.99,9.688,9.99,2101,0
ARH,D,20170725,000000,9.656,9.932,9.606,9.9,4253,0
ARH,D,20170727,000000,9.996,9.996,9.996,9.996,2,0
ARH,D,20170728,000000,9.996,9.996,9.876,9.996,363,0
ARH,D,20170731,000000,9.75,9.996,9.75,9.996,35227,0
ARH,D,20170801,000000,10.001,10.065,10.001,10.001,41090,0
ARH,D,20170804,000000,9.87,9.87,9.87,9.87,1113,0
ARH,D,20170807,000000,9.656,9.656,9.656,9.656,795,0
ARH,D,20170808,000000,9.592,9.636,9.4347,9.624,1734,0
ARH,D,20170809,000000,9.3715,9.624,9.3715,9.624,529,0
ARH,D,20170810,000000,9.624,9.624,9.624,9.624,396,0
ARH,D,20170811,000000,9.636,9.636,9.3423,9.636,271,0
ARH,D,20170814,000000,9.719,9.719,9.719,9.719,2,0
ARH,D,20170816,000000,9.719,9.719,9.719,9.719,144,0
ARH,D,20170817,000000,9.4347,9.688,9.4347,9.688,828,0
ARH,D,20170818,000000,9.688,9.688,9.688,9.688,21,0
ARH,D,20170822,000000,9.656,9.656,9.656,9.656,143,0
ARH,D,20170824,000000,9.681,9.681,9.656,9.656,423,0
ARH,D,20170825,000000,9.624,9.624,9.624,9.624,1113,0
ARH,D,20170828,000000,9.3715,9.681,9.3715,9.681,473,0
ARH,D,20170829,000000,9.3847,9.498,9.3847,9.498,448,0
ARH,D,20170830,000000,9.592,9.592,9.592,9.592,137,0
ARH,D,20170831,000000,9.688,9.688,9.531,9.531,1454,0
ARH,D,20170901,000000,9.531,9.531,9.531,9.531,158,0
ARH,D,20170904,000000,9.624,9.688,9.624,9.688,390,0
ARH,D,20170905,000000,9.681,9.681,9.555,9.592,501,0
ARH,D,20170906,000000,9.531,9.531,9.3847,9.3847,55526,0
ARH,D,20170907,000000,9.4036,9.4347,9.2734,9.2734,10164,0
ARH,D,20170908,000000,9.246,9.246,9.246,9.246,569,0
ARH,D,20170911,000000,9.246,9.246,8.8999,9.246,10430,0
ARH,D,20170912,000000,9.246,9.246,9.246,9.246,639,0
ARH,D,20170913,000000,8.9643,9.1195,8.9571,8.9571,788,0
ARH,D,20170914,000000,9.1195,9.2394,9.1195,9.2394,224,0
ARH,D,20170915,000000,9.246,9.4347,9.246,9.4347,3163,0
ARH,D,20170918,000000,9.4291,9.4347,9.4291,9.4347,246,0
ARH,D,20170919,000000,9.4536,9.4536,9.4347,9.4347,1990,0
ARH,D,20170920,000000,9.4347,9.4347,9.2771,9.4036,25219,0
ARH,D,20170921,000000,9.3979,9.498,9.3715,9.498,5390,0
ARH,D,20170922,000000,9.4914,9.504,9.0582,9.1526,4363,0
ARH,D,20170925,000000,9.1582,9.1582,9.1337,9.1337,2282,0
ARH,D,20170926,000000,9.096,9.096,8.9705,8.994,3871,0
ARH,D,20170927,000000,9.0837,9.4036,9.0837,9.3979,1567,0
ARH,D,20170928,000000,9.4036,9.4036,9.246,9.246,2526,0
ARH,D,20170929,000000,9.2526,9.2526,9.1195,9.246,3585,0
ARH,D,20171004,000000,9.2583,9.2658,9.246,9.246,1241,0
ARH,D,20171005,000000,9.3281,9.3423,9.3281,9.3423,1042,0
ARH,D,20171006,000000,9.4347,9.4347,9.4347,9.4347,7053,0
ARH,D,20171009,000000,9.498,9.498,9.498,9.498,1752,0
ARH,D,20171010,000000,9.681,9.681,9.617,9.617,961,0
ARH,D,20171011,000000,9.681,9.688,9.681,9.688,1360,0
ARH,D,20171012,000000,9.688,9.688,9.688,9.688,475,0
ARH,D,20171013,000000,9.688,9.688,9.656,9.656,1591,0
ARH,D,20171016,000000,9.656,9.656,9.624,9.624,1031,0
ARH,D,20171017,000000,9.624,9.673,9.624,9.673,1005,0
ARH,D,20171018,000000,9.624,9.624,9.624,9.624,905,0
ARH,D,20171019,000000,9.624,9.624,9.3715,9.3715,18363,0
ARH,D,20171020,000000,9.4347,9.4347,9.4347,9.4347,47869,0
ARH,D,20171023,000000,9.4347,9.56,9.4036,9.4036,2063,0
ARH,D,20171024,000000,9.4347,9.4347,9.4347,9.4347,5222,0
ARH,D,20171025,000000,9.4347,9.4347,9.2771,9.3083,1845,0
ARH,D,20171026,000000,9.3083,9.3083,9.3083,9.3083,1191,0
ARH,D,20171027,000000,9.3149,9.4347,9.3083,9.4347,20135,0
ARH,D,20171030,000000,9.3083,9.3083,9.3083,9.3083,11659,0
ARH,D,20171031,000000,9.56,9.56,9.56,9.56,65,0
ARH,D,20171102,000000,9.4347,9.4347,9.3423,9.4036,1568,0
ARH,D,20171108,000000,9.2526,9.2771,9.246,9.2771,2258,0
ARH,D,20171109,000000,9.2771,9.2771,9.1195,9.2394,890,0
ARH,D,20171110,000000,9.1837,9.1837,9.0582,9.0639,1552,0
ARH,D,20171113,000000,9.1195,9.1195,9.0582,9.0582,2617,0
ARH,D,20171114,000000,9.0582,9.0582,9.0006,9.0582,2302,0
ARH,D,20171115,000000,9.0139,9.0582,9.0006,9.0582,333,0
ARH,D,20171116,000000,9.0006,9.2337,8.994,9.2337,411,0
ARH,D,20171117,000000,9.1195,9.2281,8.9705,9.2281,1019,0
ARH,D,20171120,000000,9.3036,9.3036,8.9752,9.0261,984,0
ARH,D,20171121,000000,9.0582,9.0582,9.0261,9.0582,747,0
ARH,D,20171122,000000,9.0582,9.1195,9.0582,9.1195,11451,0
ARH,D,20171123,000000,9.1195,9.1195,9.0582,9.0582,6992,0
ARH,D,20171124,000000,9.0582,9.0582,8.9884,9.0582,599,0
ARH,D,20171127,000000,9.3083,9.3083,8.9884,8.9884,136,0
ARH,D,20171128,000000,8.994,9.296,8.9818,9.296,796,0
ARH,D,20171129,000000,8.9884,9.1262,8.9818,8.994,25315,0
ARH,D,20171130,000000,9.2186,9.671,9.1922,9.3838,21050,0
ARH,D,20171201,000000,9.481,9.671,9.481,9.575,17538,0
ARH,D,20171204,000000,9.64,9.851,9.64,9.851,1864,0
ARH,D,20171205,000000,9.76,9.76,9.76,9.76,838,0
ARH,D,20171206,000000,9.831,9.831,9.831,9.831,391,0
ARH,D,20171207,000000,9.831,9.831,9.831,9.831,1176,0
ARH,D,20171208,000000,9.831,9.831,9.824,9.831,3055,0
ARH,D,20171211,000000,9.76,9.831,9.76,9.767,392,0
ARH,D,20171212,000000,9.774,9.774,9.767,9.767,306,0
ARH,D,20171213,000000,9.767,9.824,9.767,9.824,6137,0
ARH,D,20171214,000000,9.824,10.118,9.824,10.118,9016,0
ARH,D,20171215,000000,10.118,10.457,10.118,10.457,8712,0
ARH,D,20171218,000000,10.47,10.693,10.47,10.668,4949,0
ARH,D,20171219,000000,10.31,10.597,10.31,10.597,3286,0
ARH,D,20171220,000000,10.246,10.679,10.246,10.54,4106,0
ARH,D,20171221,000000,10.317,10.514,10.317,10.348,2493,0
ARH,D,20171222,000000,10.348,10.52,10.348,10.52,1552,0
ARH,D,20171227,000000,10.291,10.291,10.234,10.234,902,0
ARH,D,20171228,000000,10.213,10.406,9.933,10.406,1250,0
ARH,D,20171229,000000,10.17,10.47,10.17,10.47,1993,0
ARH,D,20180103,000000,10.342,10.47,10.213,10.47,1895,0
ARH,D,20180104,000000,10.342,10.342,10.151,10.151,20236,0
ARH,D,20180105,000000,10.151,10.213,10.151,10.213,2301,0
ARH,D,20180108,000000,10.213,10.213,10.118,10.213,85264,0
ARH,D,20180109,000000,10.342,10.342,10.213,10.213,6851,0
ARH,D,20180110,000000,10.213,10.213,10.213,10.213,4626,0
ARH,D,20180111,000000,10.213,10.374,10.213,10.374,195,0
ARH,D,20180112,000000,10.374,10.374,10.151,10.342,3931,0
ARH,D,20180115,000000,10.342,10.342,10.277,10.277,5777,0
ARH,D,20180116,000000,10.31,10.342,10.118,10.342,4920,0
ARH,D,20180117,000000,10.213,10.342,10.151,10.151,6994,0
ARH,D,20180118,000000,10.151,10.151,10.054,10.087,6595,0
ARH,D,20180119,000000,10.087,10.087,10.023,10.023,5165,0
ARH,D,20180122,000000,10.087,10.087,9.927,9.959,1618,0
ARH,D,20180123,000000,9.959,10.054,9.959,10.054,691,0
ARH,D,20180124,000000,9.927,10.087,9.894,10.054,636,0
ARH,D,20180125,000000,10.023,10.023,9.959,10.023,652,0
ARH,D,20180126,000000,10.087,10.087,10.023,10.087,20464,0
ARH,D,20180129,000000,10.087,10.087,10.054,10.087,8018,0
ARH,D,20180130,000000,10.087,10.087,9.927,9.927,13310,0
ARH,D,20180131,000000,9.894,9.894,9.575,9.894,92259,0
ARH,D,20180201,000000,9.894,9.894,9.894,9.894,266,0
ARH,D,20180202,000000,9.894,9.894,9.767,9.767,4935,0
ARH,D,20180205,000000,9.767,9.767,9.704,9.704,517,0
ARH,D,20180206,000000,9.607,9.831,9.3215,9.831,11118,0
ARH,D,20180207,000000,9.8,9.927,9.575,9.927,29714,0
ARH,D,20180208,000000,9.8,10.023,9.8,10.023,1243,0
ARH,D,20180209,000000,10.023,10.023,9.831,10.023,1487,0
ARH,D,20180212,000000,10.023,10.023,9.8,9.894,9953,0
ARH,D,20180213,000000,9.894,9.894,9.894,9.894,917,0
ARH,D,20180214,000000,9.671,9.894,9.671,9.894,4810,0
ARH,D,20180215,000000,9.894,9.894,9.894,9.894,2977,0
ARH,D,20180216,000000,9.894,9.894,9.894,9.894,1957,0
ARH,D,20180219,000000,9.894,9.894,9.894,9.894,15665,0
ARH,D,20180220,000000,9.894,9.894,9.831,9.894,22371,0
ARH,D,20180221,000000,9.831,9.831,9.831,9.831,4986,0
ARH,D,20180222,000000,9.831,9.831,9.767,9.831,1659,0
ARH,D,20180223,000000,9.831,10.087,9.831,10.087,1159,0
ARH,D,20180226,000000,9.736,10.342,9.736,10.342,1857,0
ARH,D,20180227,000000,10.342,10.342,10.246,10.246,1765,0
ARH,D,20180228,000000,10.277,10.277,10.023,10.246,6562,0
ARH,D,20180301,000000,10.182,10.213,9.959,10.213,773,0
ARH,D,20180302,000000,10.151,10.151,10.023,10.023,23047,0
ARH,D,20180305,000000,9.959,10.087,9.959,10.087,965,0
ARH,D,20180306,000000,10.087,10.087,9.8,10.087,409,0
ARH,D,20180307,000000,9.831,9.959,9.64,9.927,6330,0
ARH,D,20180308,000000,10.023,10.023,9.862,10.023,497,0
ARH,D,20180309,000000,10.023,10.023,9.959,10.023,474,0
ARH,D,20180312,000000,10.023,10.023,9.927,10.023,225,0
ARH,D,20180314,000000,10.054,10.054,10.054,10.054,627,0
ARH,D,20180315,000000,10.087,10.087,9.927,10.054,1707,0
ARH,D,20180319,000000,9.927,10.023,9.894,10.023,1284,0
ARH,D,20180320,000000,9.894,10.087,9.894,10.087,313,0
ARH,D,20180321,000000,9.894,10.151,9.894,10.151,246,0
ARH,D,20180322,000000,10.151,10.151,9.991,10.151,1639,0
ARH,D,20180323,000000,10.023,10.023,10.023,10.023,1722,0
ARH,D,20180326,000000,10.023,10.182,9.927,10.182,285,0
ARH,D,20180327,000000,10.182,10.182,9.927,10.151,2789,0
ARH,D,20180328,000000,10.151,10.151,9.959,10.118,1064,0
ARH,D,20180329,000000,9.991,10.213,9.991,10.213,2504,0
ARH,D,20180403,000000,10.213,10.213,9.767,9.959,6912,0
ARH,D,20180404,000000,9.959,9.959,9.8,9.959,4505,0
ARH,D,20180406,000000,9.767,9.894,9.575,9.894,14251,0
ARH,D,20180410,000000,9.671,9.894,9.64,9.894,3134,0
ARH,D,20180411,000000,9.862,9.862,9.862,9.862,48,0
ARH,D,20180412,000000,9.862,9.862,9.862,9.862,318,0
ARH,D,20180413,000000,9.831,9.831,9.575,9.767,3358,0
ARH,D,20180416,000000,9.64,9.831,9.64,9.831,294,0
ARH,D,20180417,000000,9.671,9.671,9.64,9.671,706,0
ARH,D,20180418,000000,9.607,9.607,9.512,9.575,3254,0
ARH,D,20180419,000000,9.575,9.575,9.1922,9.512,3623,0
ARH,D,20180420,000000,9.575,9.831,9.575,9.831,112053,0
ARH,D,20180423,000000,9.512,9.575,9.3838,9.575,6313,0
ARH,D,20180424,000000,9.831,9.831,9.575,9.704,9608,0
ARH,D,20180425,000000,9.575,9.8,9.575,9.767,34487,0
ARH,D,20180426,000000,9.8,9.8,9.736,9.736,767,0
ARH,D,20180427,000000,9.8,9.8,9.575,9.575,3650,0
ARH,D,20180430,000000,9.544,9.767,9.544,9.767,721,0
ARH,D,20180502,000000,9.767,9.767,9.767,9.767,1508,0
ARH,D,20180504,000000,9.767,9.767,9.704,9.704,206,0
ARH,D,20180507,000000,9.704,9.767,9.704,9.736,1992,0
ARH,D,20180508,000000,9.704,9.736,9.671,9.736,826,0
ARH,D,20180509,000000,9.736,9.736,9.671,9.736,738,0
ARH,D,20180511,000000,9.704,9.736,9.607,9.704,78042,0
ARH,D,20180514,000000,9.736,9.894,9.736,9.894,33185,0
ARH,D,20180515,000000,9.894,10.023,9.767,10.023,212892,0
ARH,D,20180516,000000,10.023,10.087,9.894,10.087,269266,0
ARH,D,20180517,000000,10.151,10.151,9.894,10.118,48043,0
ARH,D,20180518,000000,9.736,10.087,9.736,10.087,410,0
ARH,D,20180521,000000,9.736,10.118,9.736,10.118,345,0
ARH,D,20180523,000000,9.767,10.087,9.64,10.087,2808,0
ARH,D,20180524,000000,9.767,9.894,9.767,9.894,2207,0
ARH,D,20180525,000000,9.894,10.087,9.894,10.087,24441,0
ARH,D,20180528,000000,9.927,10.213,9.927,10.182,2212,0
ARH,D,20180529,000000,10.182,10.213,10.151,10.213,5668,0
ARH,D,20180530,000000,10.087,10.182,10.023,10.182,6796,0
ARH,D,20180601,000000,10.182,10.182,10.087,10.182,5013,0
ARH,D,20180604,000000,10.709,10.709,10.076,10.182,110194,0
ARH,D,20180605,000000,10.323,10.323,10.112,10.112,16620,0
ARH,D,20180606,000000,10.042,10.042,9.69,10.007,23291,0
ARH,D,20180607,000000,10.007,10.007,10.007,10.007,1140,0
ARH,D,20180608,000000,10.007,10.042,10.007,10.042,143,0
ARH,D,20180611,000000,10.076,10.533,10.076,10.533,1451,0
ARH,D,20180612,000000,10.462,10.744,10.253,10.744,1923,0
ARH,D,20180613,000000,10.709,10.814,10.427,10.814,5487,0
ARH,D,20180618,000000,10.533,10.814,10.427,10.814,415,0
ARH,D,20180619,000000,10.393,10.814,10.393,10.814,27276,0
ARH,D,20180620,000000,10.779,10.779,10.779,10.779,2989,0
ARH,D,20180621,000000,10.779,10.779,10.533,10.533,854,0
ARH,D,20180622,000000,10.744,10.744,10.744,10.744,2857,0
ARH,D,20180626,000000,10.744,10.744,10.427,10.709,3845,0
ARH,D,20180627,000000,10.744,10.744,10.462,10.639,4406,0
ARH,D,20180628,000000,10.639,10.639,10.639,10.639,2942,0
ARH,D,20180629,000000,10.639,10.709,10.639,10.709,2989,0
ARH,D,20180702,000000,10.674,10.674,10.639,10.639,2569,0
ARH,D,20180703,000000,10.639,10.639,10.639,10.639,2563,0
ARH,D,20180704,000000,10.639,10.639,10.639,10.639,1296,0
ARH,D,20180705,000000,10.639,10.639,10.533,10.533,94161,0
ARH,D,20180706,000000,10.639,10.639,10.639,10.639,1983,0
ARH,D,20180709,000000,10.639,10.639,10.359,10.603,1485,0
ARH,D,20180710,000000,10.182,10.603,10.182,10.603,1573,0
ARH,D,20180712,000000,10.393,10.393,10.393,10.393,14,0
ARH,D,20180713,000000,10.393,10.393,10.393,10.393,920,0
ARH,D,20180716,000000,10.393,10.498,10.253,10.498,1953,0
ARH,D,20180717,000000,10.462,10.462,10.462,10.462,1852,0
ARH,D,20180718,000000,10.462,10.498,10.462,10.498,2024,0
ARH,D,20180719,000000,10.462,10.462,10.462,10.462,1994,0
ARH,D,20180720,000000,10.462,10.462,10.462,10.462,1922,0
ARH,D,20180723,000000,10.323,10.462,10.323,10.323,1775,0
ARH,D,20180724,000000,10.498,10.498,10.323,10.323,1865,0
ARH,D,20180725,000000,10.427,10.427,10.393,10.393,1569,0
ARH,D,20180726,000000,10.217,10.253,10.182,10.182,1274,0
ARH,D,20180727,000000,10.182,10.323,10.182,10.323,164,0
ARH,D,20180730,000000,10.323,10.323,10.323,10.323,65,0
ARH,D,20180731,000000,10.393,10.498,10.323,10.498,187,0
ARH,D,20180801,000000,10.498,10.498,10.498,10.498,1680,0
ARH,D,20180802,000000,10.462,10.462,10.462,10.462,1495,0
ARH,D,20180803,000000,10.462,10.462,10.253,10.253,1922,0
ARH,D,20180806,000000,10.182,10.182,10.182,10.182,143,0
ARH,D,20180807,000000,10.182,10.182,10.182,10.182,677,0
ARH,D,20180808,000000,10.112,10.147,9.69,10.147,2052,0
ARH,D,20180809,000000,10.147,10.147,9.795,9.901,2966,0
ARH,D,20180810,000000,9.76,9.831,9.481,9.795,1570,0
ARH,D,20180813,000000,9.795,9.795,9.656,9.656,2191,0
ARH,D,20180814,000000,9.69,9.69,9.656,9.656,2025,0
ARH,D,20180816,000000,9.69,9.69,9.69,9.69,102,0
ARH,D,20180821,000000,9.656,9.656,9.656,9.656,114,0
ARH,D,20180822,000000,9.656,9.69,9.656,9.69,143,0
ARH,D,20180827,000000,9.3753,9.69,9.3753,9.69,718,0
ARH,D,20180828,000000,9.3753,9.481,8.9178,9.129,7530,0
ARH,D,20180829,000000,9.129,9.129,9.129,9.129,1688,0
ARH,D,20180830,000000,9.3404,9.3404,9.3404,9.3404,135,0
ARH,D,20180831,000000,9.3404,9.3404,9.3404,9.3404,333,0
ARH,D,20180903,000000,9.3404,9.3404,9.3404,9.3404,996,0
ARH,D,20180905,000000,9.3404,9.3404,9.3404,9.3404,305,0
ARH,D,20180906,000000,9.2696,9.3404,9.2696,9.3404,829,0
ARH,D,20180907,000000,9.3404,9.3404,9.2696,9.2696,8873,0
ARH,D,20180910,000000,9.2696,9.2696,9.2696,9.2696,60531,0
ARH,D,20180911,000000,9.2696,9.2696,9.2696,9.2696,28816,0
ARH,D,20180912,000000,9.2696,9.2696,9.2696,9.2696,25520,0
ARH,D,20180914,000000,9.3404,9.481,8.9178,9.481,5125,0
ARH,D,20180917,000000,9.129,9.481,9.129,9.481,144,0
ARH,D,20180918,000000,9.481,9.481,9.481,9.481,1709,0
ARH,D,20180919,000000,9.2696,9.4102,9.2696,9.4102,1981,0
ARH,D,20180920,000000,9.3404,9.3404,9.2696,9.2696,9093,0
ARH,D,20180921,000000,9.2696,9.2696,9.2696,9.2696,11392,0
ARH,D,20180924,000000,9.2696,9.2696,9.129,9.129,2258,0
ARH,D,20180925,000000,9.129,9.129,9.0941,9.0941,6650,0
ARH,D,20180927,000000,9.4102,9.4102,9.2696,9.2696,5135,0
ARH,D,20180928,000000,9.2696,9.3753,9.2696,9.3753,3704,0
ARH,D,20181001,000000,9.3404,9.3404,9.3055,9.3055,613,0
ARH,D,20181002,000000,8.9884,8.9884,8.848,8.9884,3697,0
ARH,D,20181003,000000,9.0592,9.0592,8.6369,8.6369,3437,0
ARH,D,20181008,000000,8.7075,8.7075,8.3211,8.4266,10070,0
ARH,D,20181009,000000,8.4266,8.4964,8.356,8.356,13415,0
ARH,D,20181010,000000,8.356,8.356,8.356,8.356,1722,0
ARH,D,20181011,000000,8.2863,8.2863,8.0754,8.0754,6787,0
ARH,D,20181012,000000,8.0754,8.0754,8.0057,8.0057,3419,0
ARH,D,20181015,000000,8.2515,8.2515,8.1103,8.1103,26216,0
ARH,D,20181016,000000,8.146,8.146,8.0754,8.0754,2135,0
ARH,D,20181018,000000,8.2157,8.2157,8.2157,8.2157,143,0
ARH,D,20181019,000000,8.2157,8.2157,8.2157,8.2157,258,0
ARH,D,20181022,000000,8.2157,8.2157,8.2157,8.2157,13,0
ARH,D,20181023,000000,8.2157,8.2157,8.146,8.146,426,0
ARH,D,20181024,000000,8.2157,8.2157,8.2157,8.2157,1312,0
ARH,D,20181025,000000,8.146,8.356,8.146,8.356,463,0
ARH,D,20181026,000000,8.146,8.146,7.97,7.97,213,0
ARH,D,20181029,000000,8.3211,8.3211,8.3211,8.3211,109,0
ARH,D,20181030,000000,8.2863,8.2863,8.2863,8.2863,2945,0
ARH,D,20181031,000000,8.1103,8.1103,8.0057,8.0057,2150,0
ARH,D,20181102,000000,8.0754,8.0754,8.0754,8.0754,57,0
ARH,D,20181105,000000,8.2863,8.2863,8.2157,8.2157,48656,0
ARH,D,20181106,000000,8.0754,8.0754,8.0057,8.0057,8929,0
ARH,D,20181107,000000,8.3211,8.3211,8.2157,8.2157,3895,0
ARH,D,20181108,000000,8.3211,8.356,8.3211,8.356,1052,0
ARH,D,20181114,000000,8.356,8.356,8.356,8.356,375,0
ARH,D,20181116,000000,8.356,8.356,8.356,8.356,198818,0
ARH,D,20181119,000000,8.4266,8.4266,8.4266,8.4266,632,0
ARH,D,20181120,000000,8.567,8.848,8.567,8.848,6575,0
ARH,D,20181122,000000,8.848,8.848,8.848,8.848,119,0
ARH,D,20181123,000000,8.6369,8.6369,8.6369,8.6369,42721,0
ARH,D,20181128,000000,8.6369,8.848,8.4266,8.848,8544,0
ARH,D,20181129,000000,8.356,8.356,8.356,8.356,542,0
ARH,D,20181130,000000,8.356,8.3917,8.356,8.3917,4075,0
ARH,D,20181203,000000,8.3917,8.3917,8.3917,8.3917,4598,0
ARH,D,20181204,000000,8.3917,8.3917,8.356,8.356,4952,0
ARH,D,20181205,000000,8.356,8.356,8.356,8.356,3419,0
ARH,D,20181206,000000,8.356,8.356,8.2863,8.2863,4008,0
ARH,D,20181207,000000,8.356,8.356,8.356,8.356,3562,0
ARH,D,20181210,000000,8.356,8.356,8.0754,8.0754,6906,0
ARH,D,20181211,000000,8.146,8.146,8.1103,8.146,1949,0
ARH,D,20181212,000000,8.356,8.356,8.356,8.356,3952,0
ARH,D,20181213,000000,8.356,8.356,8.3211,8.3211,3928,0
ARH,D,20181214,000000,8.3211,8.3211,8.2157,8.2157,42949,0
ARH,D,20181217,000000,8.0754,8.2863,8.0754,8.2863,2231,0
ARH,D,20181218,000000,8.2515,8.2515,8.0057,8.0405,2804,0
ARH,D,20181219,000000,8.0057,8.0057,7.7249,7.8297,4902,0
ARH,D,20181220,000000,7.8297,7.8297,7.7249,7.8297,2714,0
ARH,D,20181221,000000,7.7249,7.8297,7.5847,7.8297,922,0
ARH,D,20181227,000000,7.8297,7.8297,7.8297,7.8297,981,0
ARH,D,20181228,000000,7.8297,8.0754,7.7947,8.0754,443,0
ARH,D,20190102,000000,8.356,8.356,8.0405,8.0405,2278,0
ARH,D,20190103,000000,7.8653,7.9002,7.8653,7.9002,2074,0
ARH,D,20190104,000000,8.0057,8.0057,8.0057,8.0057,10,0
ARH,D,20190107,000000,7.9002,7.9002,7.8653,7.8653,355,0
ARH,D,20190108,000000,7.8653,7.8653,7.7249,7.7249,2241,0
ARH,D,20190109,000000,7.7249,8.2863,7.7249,8.2515,134751,0
ARH,D,20190110,000000,8.2515,8.2515,8.2515,8.2515,430,0
ARH,D,20190111,000000,7.9351,8.2515,7.9351,8.2515,305,0
ARH,D,20190114,000000,7.9002,8.2515,7.9002,8.2515,89,0
ARH,D,20190115,000000,7.9002,8.2157,7.9002,8.2157,3249,0
ARH,D,20190116,000000,8.0754,8.146,8.0754,8.146,71931,0
ARH,D,20190117,000000,8.146,8.1809,8.146,8.1809,285,0
ARH,D,20190118,000000,8.1809,8.1809,8.1809,8.1809,2,0
ARH,D,20190121,000000,8.146,8.356,8.146,8.3211,7711,0
ARH,D,20190122,000000,8.0754,8.356,8.0754,8.356,402,0
ARH,D,20190123,000000,8.1103,8.2515,8.0754,8.2515,1284,0
ARH,D,20190124,000000,8.2515,8.2515,8.146,8.146,904,0
ARH,D,20190125,000000,8.0754,8.2515,7.8653,8.0754,6596,0
ARH,D,20190128,000000,8.146,8.4266,8.0057,8.4266,76127,0
ARH,D,20190129,000000,8.4266,8.7425,8.4266,8.7075,1427,0
ARH,D,20190130,000000,8.567,8.7782,8.567,8.7782,1430,0
ARH,D,20190131,000000,8.7782,9.4102,8.7782,9.0941,12638,0
ARH,D,20190201,000000,9.0941,9.0941,8.848,9.0592,321,0
ARH,D,20190204,000000,9.0592,9.2347,9.0592,9.1998,4372,0
ARH,D,20190205,000000,9.1998,9.1998,9.1998,9.1998,41,0
ARH,D,20190206,000000,9.1998,9.656,9.1998,9.481,4637,0
ARH,D,20190207,000000,9.481,9.481,9.1998,9.481,386,0
ARH,D,20190208,000000,9.481,9.481,9.1998,9.481,229,0
ARH,D,20190213,000000,9.4102,9.4102,9.4102,9.4102,304,0
ARH,D,20190214,000000,9.1998,9.1998,9.1998,9.1998,904,0
ARH,D,20190215,000000,9.2696,9.2696,9.2696,9.2696,2,0
ARH,D,20190218,000000,9.2696,9.2696,9.2696,9.2696,213,0
ARH,D,20190219,000000,9.3055,9.3055,9.3055,9.3055,47,0
ARH,D,20190220,000000,9.3055,9.3055,9.3055,9.3055,2,0
ARH,D,20190222,000000,8.9884,9.3055,8.9884,9.3055,1292,0
ARH,D,20190225,000000,9.3055,9.3055,9.3055,9.3055,14,0
ARH,D,20190226,000000,9.3055,9.3055,9.3055,9.3055,2,0
ARH,D,20190301,000000,9.3055,9.4102,9.0941,9.3753,3453,0
ARH,D,20190304,000000,9.3404,9.3404,9.2696,9.3404,423,0
ARH,D,20190305,000000,9.4461,9.4461,9.4461,9.4461,3,0
ARH,D,20190306,000000,9.0592,9.0592,9.0592,9.0592,854,0
ARH,D,20190307,000000,9.0592,9.0941,9.0592,9.0941,119,0
ARH,D,20190308,000000,9.0941,9.0941,8.7075,8.8131,1249,0
ARH,D,20190311,000000,8.8131,8.8131,8.8131,8.8131,6,0
ARH,D,20190312,000000,8.6369,8.8131,8.6369,8.8131,13956,0
ARH,D,20190313,000000,8.7782,8.8131,8.7782,8.8131,109550,0
ARH,D,20190314,000000,8.5322,8.7075,8.4615,8.7075,420,0
ARH,D,20190315,000000,8.7075,8.9884,8.567,8.9884,1123,0
ARH,D,20190318,000000,8.9884,8.9884,8.7782,8.9527,8879,0
ARH,D,20190319,000000,8.9884,8.9884,8.9884,8.9884,6,0
ARH,D,20190320,000000,8.9178,8.9884,8.9178,8.9178,857,0
ARH,D,20190321,000000,8.9178,8.9884,8.9178,8.9884,1075,0
ARH,D,20190322,000000,8.7782,9.1998,8.7075,9.1998,82824,0
ARH,D,20190325,000000,8.7075,9.1998,8.7075,9.1998,246,0
ARH,D,20190326,000000,9.1998,9.3404,9.129,9.129,53926,0
ARH,D,20190327,000000,9.129,9.4461,9.129,9.3404,7169,0
ARH,D,20190328,000000,9.3404,9.621,9.3404,9.621,7617,0
ARH,D,20190329,000000,9.831,9.831,9.621,9.831,1717,0
ARH,D,20190401,000000,9.831,10.112,9.831,10.112,111,0
ARH,D,20190402,000000,10.112,10.112,10.112,10.112,41,0
ARH,D,20190403,000000,10.112,10.112,9.795,9.795,2395,0
ARH,D,20190404,000000,9.795,9.831,9.795,9.831,63437,0
ARH,D,20190405,000000,9.55,9.55,9.55,9.55,1249,0
ARH,D,20190408,000000,9.55,9.55,9.55,9.55,47,0
ARH,D,20190409,000000,9.76,9.936,9.76,9.936,1524,0
ARH,D,20190410,000000,9.972,9.972,9.972,9.972,783,0
ARH,D,20190411,000000,9.831,9.831,9.69,9.831,2045,0
ARH,D,20190412,000000,9.831,9.831,9.831,9.831,43042,0
ARH,D,20190415,000000,9.831,9.831,9.831,9.831,322,0
ARH,D,20190417,000000,9.76,9.831,9.69,9.831,2169,0
ARH,D,20190423,000000,9.69,9.69,9.621,9.621,895,0
ARH,D,20190425,000000,9.481,9.831,9.481,9.795,4079,0
ARH,D,20190426,000000,9.831,10.076,9.831,10.076,1117,0
ARH,D,20190429,000000,9.656,10.182,9.621,10.182,6806,0
ARH,D,20190430,000000,9.69,10.147,9.69,10.147,292,0
ARH,D,20190502,000000,9.621,10.147,9.621,10.147,514,0
ARH,D,20190507,000000,9.69,10.112,9.69,10.112,70,0
ARH,D,20190508,000000,9.69,9.69,9.69,9.69,119,0
ARH,D,20190509,000000,9.69,9.69,9.69,9.69,107,0
ARH,D,20190514,000000,10.112,10.112,10.112,10.112,29,0
ARH,D,20190515,000000,10.112,10.112,9.831,9.831,148,0
ARH,D,20190517,000000,9.831,9.831,9.621,9.621,2421,0
ARH,D,20190520,000000,9.795,9.795,9.69,9.795,783,0
ARH,D,20190521,000000,9.795,9.795,9.656,9.656,117,0
ARH,D,20190522,000000,9.76,9.831,9.76,9.831,67302,0
ARH,D,20190523,000000,10.007,10.007,10.007,10.007,143,0
ARH,D,20190524,000000,10.042,10.112,10.042,10.112,1878,0
ARH,D,20190527,000000,10.147,10.393,10.147,10.393,1176,0
ARH,D,20190529,000000,9.936,10.359,9.936,10.359,29,0
ARH,D,20190530,000000,9.936,10.323,9.936,9.972,2953,0
ARH,D,20190531,000000,10.359,10.393,10.359,10.393,363,0
ARH,D,20190603,000000,10.393,10.462,10.393,10.393,2830,0
ARH,D,20190606,000000,10.603,10.603,10.603,10.603,10902,0
ARH,D,20190612,000000,10.744,10.744,10.603,10.603,8059,0
ARH,D,20190614,000000,10.603,10.603,10.603,10.603,262,0
ARH,D,20190617,000000,10.603,10.603,10.568,10.568,569,0
ARH,D,20190618,000000,10.568,10.603,10.533,10.533,1128,0
ARH,D,20190619,000000,10.603,10.603,10.603,10.603,82,0
ARH,D,20190621,000000,10.639,10.639,10.603,10.603,854,0
ARH,D,20190624,000000,10.885,10.885,10.709,10.744,1816,0
ARH,D,20190625,000000,10.744,11.201,10.744,10.955,15989,0
ARH,D,20190626,000000,10.814,10.814,10.674,10.814,2164,0
ARH,D,20190627,000000,10.779,11.026,10.779,10.814,4625,0
ARH,D,20190628,000000,10.624,11.231,10.624,11.194,776,0
ARH,D,20190701,000000,10.701,10.701,10.396,10.396,2445,0
ARH,D,20190702,000000,10.814,10.814,10.814,10.814,422,0
ARH,D,20190703,000000,10.89,10.89,10.814,10.814,326,0
ARH,D,20190704,000000,10.89,10.89,10.738,10.738,2525,0
ARH,D,20190705,000000,10.624,10.624,10.624,10.624,297,0
ARH,D,20190708,000000,10.624,10.624,10.624,10.624,268,0
ARH,D,20190709,000000,10.624,10.624,10.624,10.624,66,0
ARH,D,20190710,000000,10.624,10.852,10.624,10.852,1245,0
ARH,D,20190711,000000,10.965,10.965,10.965,10.965,85,0
ARH,D,20190712,000000,10.965,10.965,10.965,10.965,66,0
ARH,D,20190715,000000,10.928,10.928,10.852,10.852,312,0
ARH,D,20190716,000000,10.852,10.852,10.852,10.852,97,0
ARH,D,20190717,000000,10.701,10.701,10.701,10.701,138,0
ARH,D,20190718,000000,10.662,10.662,10.624,10.624,831,0
ARH,D,20190719,000000,10.321,10.321,10.321,10.321,1147,0
ARH,D,20190722,000000,10.018,10.093,10.018,10.093,532,0
ARH,D,20190723,000000,10.018,10.018,9.865,9.865,1079,0
ARH,D,20190724,000000,9.865,9.865,9.79,9.79,225,0
ARH,D,20190725,000000,9.79,10.435,9.79,10.435,4774,0
ARH,D,20190726,000000,10.435,10.435,10.435,10.435,130,0
ARH,D,20190729,000000,10.435,10.435,10.435,10.435,33,0
ARH,D,20190730,000000,9.941,10.435,9.941,10.435,25,0
ARH,D,20190731,000000,10.018,10.018,10.018,10.018,130,0
ARH,D,20190801,000000,10.435,10.662,10.396,10.624,6322,0
ARH,D,20190802,000000,10.586,10.586,10.586,10.586,362,0
ARH,D,20190805,000000,10.586,10.586,10.586,10.586,336,0
ARH,D,20190806,000000,10.586,10.624,10.548,10.624,2019,0
ARH,D,20190808,000000,10.548,10.624,10.548,10.624,922,0
ARH,D,20190809,000000,10.624,10.624,10.624,10.624,99,0
ARH,D,20190812,000000,10.624,10.624,10.473,10.473,219,0
ARH,D,20190813,000000,10.396,10.396,10.396,10.396,264,0
ARH,D,20190819,000000,10.359,10.359,10.321,10.321,1102,0
ARH,D,20190820,000000,10.245,10.245,10.245,10.245,259,0
ARH,D,20190821,000000,10.245,10.283,10.245,10.283,992,0
ARH,D,20190822,000000,10.624,10.701,10.624,10.701,265,0
ARH,D,20190823,000000,10.473,10.624,10.359,10.624,952,0
ARH,D,20190826,000000,10.396,10.586,10.359,10.586,670,0
ARH,D,20190828,000000,10.359,10.359,10.093,10.093,27088,0
ARH,D,20190902,000000,10.093,10.093,10.093,10.093,681,0
ARH,D,20190903,000000,10.093,10.093,10.093,10.093,274,0
ARH,D,20190906,000000,10.093,10.093,9.941,9.941,998,0
ARH,D,20190909,000000,10.055,10.055,9.941,9.941,2443,0
ARH,D,20190910,000000,9.941,10.17,9.79,10.17,1059,0
ARH,D,20190911,000000,9.79,10.17,9.79,10.018,711,0
ARH,D,20190912,000000,9.865,10.207,9.865,10.207,1271,0
ARH,D,20190913,000000,10.624,11.004,10.624,11.004,79163,0
ARH,D,20190916,000000,11.004,11.27,10.852,11.27,100297,0
ARH,D,20190917,000000,11.155,11.46,11.004,11.346,30890,0
ARH,D,20190918,000000,11.383,11.383,11.383,11.383,13,0
ARH,D,20190919,000000,11.383,11.383,11.346,11.383,226,0
ARH,D,20190920,000000,11.383,11.383,11.383,11.383,53,0
ARH,D,20190923,000000,11.004,11.307,11.004,11.307,665,0
ARH,D,20190924,000000,11.307,11.307,11.307,11.307,658,0
ARH,D,20190926,000000,11.383,11.383,11.383,11.383,10,0
ARH,D,20190927,000000,11.307,11.307,11.004,11.307,28876,0
ARH,D,20190930,000000,11.307,11.307,11.307,11.307,687,0
ARH,D,20191001,000000,11.307,11.383,11.307,11.383,8024,0
ARH,D,20191002,000000,11.383,11.383,11.08,11.08,528,0
ARH,D,20191003,000000,11.383,11.46,11.08,11.46,835,0
ARH,D,20191004,000000,11.383,11.383,11.383,11.383,17,0
ARH,D,20191007,000000,11.383,11.383,11.383,11.383,580,0
ARH,D,20191008,000000,11.383,11.383,11.383,11.383,233,0
ARH,D,20191009,000000,11.383,11.383,11.383,11.383,39,0
ARH,D,20191010,000000,11.383,11.383,11.383,11.383,26,0
ARH,D,20191011,000000,11.346,11.346,11.346,11.346,217,0
ARH,D,20191014,000000,11.346,11.346,11.27,11.307,1007,0
ARH,D,20191015,000000,11.307,11.307,11.307,11.307,420,0
ARH,D,20191016,000000,11.383,11.383,11.307,11.307,954,0
ARH,D,20191017,000000,11.383,11.46,11.383,11.383,2561,0
ARH,D,20191018,000000,11.383,11.535,11.307,11.307,2394,0
ARH,D,20191021,000000,11.383,11.383,11.27,11.307,4833,0
ARH,D,20191022,000000,11.307,11.383,11.307,11.383,426,0
ARH,D,20191023,000000,11.535,11.612,11.535,11.612,387,0
ARH,D,20191024,000000,11.686,11.686,11.686,11.686,177,0
ARH,D,20191025,000000,11.612,11.612,11.307,11.612,1388,0
ARH,D,20191028,000000,11.612,11.612,11.307,11.535,1998,0
ARH,D,20191029,000000,11.694,11.694,11.575,11.615,431,0
ARH,D,20191030,000000,11.615,12.011,11.575,11.813,2067,0
ARH,D,20191031,000000,11.971,12.011,11.892,11.932,1084,0
ARH,D,20191104,000000,11.971,12.011,11.733,11.733,1424,0
ARH,D,20191105,000000,12.051,12.051,12.051,12.051,81,0
ARH,D,20191106,000000,11.892,11.892,11.813,11.892,3698,0
ARH,D,20191107,000000,11.892,11.892,11.615,11.813,3406,0
ARH,D,20191108,000000,11.892,11.892,11.813,11.813,5703,0
ARH,D,20191112,000000,11.813,11.852,11.813,11.852,406,0
ARH,D,20191113,000000,11.852,12.051,11.852,12.051,1422,0
ARH,D,20191114,000000,12.09,12.09,11.971,11.971,1332,0
ARH,D,20191115,000000,12.051,12.051,11.971,11.971,39,0
ARH,D,20191118,000000,11.971,11.971,11.892,11.892,1413,0
ARH,D,20191120,000000,12.051,12.051,11.892,11.892,406,0
ARH,D,20191122,000000,12.09,12.09,11.892,11.971,503,0
ARH,D,20191125,000000,12.051,12.051,11.892,12.011,926,0
ARH,D,20191126,000000,11.892,12.011,11.892,11.892,509,0
ARH,D,20191127,000000,12.051,12.169,11.932,11.932,77086,0
ARH,D,20191128,000000,12.051,12.051,11.813,11.813,1310,0
ARH,D,20191129,000000,11.932,11.932,11.733,11.892,1710,0
ARH,D,20191202,000000,11.892,11.932,11.892,11.932,1590,0
ARH,D,20191203,000000,11.932,11.932,11.892,11.892,742,0
ARH,D,20191204,000000,11.892,11.892,11.892,11.892,2396,0
ARH,D,20191205,000000,11.932,11.932,11.932,11.932,644,0
ARH,D,20191206,000000,11.892,12.051,11.892,12.051,3739,0
ARH,D,20191209,000000,12.051,12.249,11.772,12.249,1894,0
ARH,D,20191210,000000,12.13,13.081,12.13,13.081,425644,0
ARH,D,20191211,000000,13.081,13.477,13.081,13.398,23136,0
ARH,D,20191212,000000,13.398,13.398,13.081,13.081,12871,0
ARH,D,20191213,000000,13.279,13.319,13.081,13.319,6960,0
ARH,D,20191216,000000,13.319,13.319,13.16,13.279,818,0
ARH,D,20191217,000000,13.319,13.398,13.081,13.319,4812,0
ARH,D,20191218,000000,13.319,13.358,13.24,13.358,1435,0
ARH,D,20191219,000000,13.398,13.398,13.002,13.081,1426,0
ARH,D,20191220,000000,13.002,13.081,13.002,13.081,1567,0
ARH,D,20191223,000000,13.002,13.319,13.002,13.121,3385,0
ARH,D,20191227,000000,13.121,13.319,13.081,13.319,2663,0
ARH,D,20191230,000000,13.398,13.557,13.398,13.557,2463,0
ARH,D,20200102,000000,13.716,14.509,13.716,14.509,6494,0
ARH,D,20200103,000000,14.429,14.509,14.27,14.35,2154,0
ARH,D,20200107,000000,14.27,14.429,14.072,14.27,3441,0
ARH,D,20200108,000000,14.429,14.429,13.953,13.953,3856,0
ARH,D,20200109,000000,14.072,14.27,14.072,14.191,1136,0
ARH,D,20200110,000000,14.35,14.429,14.27,14.27,1591,0
ARH,D,20200113,000000,14.35,14.35,14.27,14.35,4208,0
ARH,D,20200114,000000,14.429,14.587,14.27,14.35,2668,0
ARH,D,20200115,000000,14.27,14.628,14.27,14.27,4789,0
ARH,D,20200116,000000,14.666,14.666,14.27,14.27,1903,0
ARH,D,20200117,000000,14.27,14.468,14.27,14.468,2954,0
ARH,D,20200120,000000,14.27,14.666,14.191,14.468,22927,0
ARH,D,20200121,000000,14.666,15.182,14.666,14.825,55195,0
ARH,D,20200122,000000,14.825,15.539,14.825,15.102,2716,0
ARH,D,20200123,000000,15.143,15.301,14.747,14.747,4343,0
ARH,D,20200124,000000,14.825,15.301,14.747,15.182,3220,0
ARH,D,20200127,000000,15.221,15.221,14.032,14.35,6052,0
ARH,D,20200128,000000,14.35,15.34,14.35,14.666,96529,0
ARH,D,20200129,000000,14.747,14.747,14.747,14.747,568,0
ARH,D,20200130,000000,15.221,15.221,14.905,15.063,929,0
ARH,D,20200131,000000,15.143,15.221,14.587,14.747,3584,0
ARH,D,20200203,000000,14.905,15.459,14.905,15.459,4187,0
ARH,D,20200204,000000,15.539,15.539,15.063,15.34,1882,0
ARH,D,20200205,000000,15.063,15.539,15.063,15.539,2375,0
ARH,D,20200206,000000,15.539,15.539,15.063,15.063,1492,0
ARH,D,20200207,000000,15.063,15.063,14.666,14.666,26951,0
ARH,D,20200210,000000,14.666,15.063,14.666,15.063,621,0
ARH,D,20200211,000000,15.063,15.539,14.983,15.143,39434,0
ARH,D,20200212,000000,15.459,15.459,15.221,15.381,22050,0
ARH,D,20200213,000000,15.459,15.459,15.221,15.221,599,0
ARH,D,20200214,000000,15.221,15.459,15.221,15.459,22923,0
ARH,D,20200217,000000,15.459,15.459,15.381,15.459,2252,0
ARH,D,20200218,000000,15.459,15.459,15.381,15.381,553,0
ARH,D,20200219,000000,15.381,15.459,14.666,15.102,5580,0
ARH,D,20200220,000000,15.143,15.459,15.143,15.182,4900,0
ARH,D,20200221,000000,15.182,15.182,15.143,15.143,828,0
ARH,D,20200224,000000,15.143,15.143,14.666,14.666,2818,0
ARH,D,20200225,000000,14.628,14.666,14.27,14.509,5350,0
ARH,D,20200226,000000,14.112,14.35,13.716,14.27,6369,0
ARH,D,20200227,000000,14.151,14.151,13.755,13.755,9585,0
ARH,D,20200228,000000,13.477,13.636,11.099,13.16,21097,0
ARH,D,20200302,000000,12.526,14.112,12.526,13.279,11691,0
ARH,D,20200303,000000,13.835,14.112,13.835,14.112,2828,0
ARH,D,20200304,000000,14.112,14.27,13.477,14.27,3600,0
ARH,D,20200305,000000,14.231,14.905,14.112,14.112,10461,0
ARH,D,20200306,000000,14.112,14.191,13.438,13.716,12987,0
ARH,D,20200309,000000,13.319,13.319,12.764,12.764,4128,0
ARH,D,20200310,000000,12.843,13.081,12.843,12.843,16876,0
ARH,D,20200311,000000,13.081,13.081,12.368,12.368,2055,0
ARH,D,20200312,000000,11.892,11.892,10.703,10.782,5295,0
ARH,D,20200313,000000,11.733,11.733,9.553,9.553,7970,0
ARH,D,20200316,000000,8.7209,9.711,8.3243,8.3243,10390,0
ARH,D,20200317,000000,9.1177,9.99,9.1177,9.99,2119,0
ARH,D,20200318,000000,10.703,10.703,9.752,10.386,1282,0
ARH,D,20200319,000000,9.672,12.209,9.672,12.169,6324,0
ARH,D,20200320,000000,11.257,12.287,11.099,11.575,2474,0
ARH,D,20200323,000000,11.257,11.257,11.257,11.257,404,0
ARH,D,20200324,000000,11.257,11.257,10.148,10.148,7424,0
ARH,D,20200325,000000,10.307,10.464,10.307,10.345,703,0
ARH,D,20200326,000000,10.345,11.06,10.148,11.06,3962,0
ARH,D,20200327,000000,10.624,10.703,10.624,10.703,400,0
ARH,D,20200330,000000,10.941,10.941,10.148,10.307,2670,0
ARH,D,20200331,000000,10.307,10.544,10.307,10.426,2936,0
ARH,D,20200401,000000,10.307,10.386,9.99,10.307,1364,0
ARH,D,20200402,000000,10.068,10.226,9.91,10.068,2094,0
ARH,D,20200403,000000,10.068,10.068,9.91,9.949,644,0
ARH,D,20200406,000000,9.83,10.068,9.3942,9.3942,13390,0
ARH,D,20200407,000000,10.068,10.068,9.3149,9.514,10095,0
ARH,D,20200408,000000,9.4338,9.514,9.2366,9.514,3995,0
ARH,D,20200409,000000,9.514,9.514,9.3942,9.514,27145,0
ARH,D,20200414,000000,9.553,10.148,9.3555,9.79,19045,0
ARH,D,20200415,000000,10.187,10.307,9.83,9.91,13436,0
ARH,D,20200416,000000,10.068,10.307,10.068,10.307,285,0
ARH,D,20200417,000000,10.307,10.464,10.226,10.226,6236,0
ARH,D,20200420,000000,10.307,10.624,10.226,10.624,3054,0
ARH,D,20200421,000000,10.861,10.861,9.949,10.226,4544,0
ARH,D,20200422,000000,10.226,10.345,10.226,10.345,677,0
ARH,D,20200423,000000,10.464,10.464,10.068,10.464,490,0
ARH,D,20200424,000000,10.148,10.226,10.068,10.148,1932,0
ARH,D,20200427,000000,10.148,10.226,9.752,10.068,2134,0
ARH,D,20200428,000000,9.91,10.148,9.672,10.148,3087,0
ARH,D,20200429,000000,10.267,10.267,9.83,10.068,452,0
ARH,D,20200430,000000,10.068,10.426,10.068,10.068,26156,0
ARH,D,20200504,000000,9.752,9.752,9.3149,9.3555,12726,0
ARH,D,20200505,000000,9.3555,9.711,9.3555,9.711,727,0
ARH,D,20200506,000000,9.3555,9.672,9.3149,9.3942,924,0
ARH,D,20200507,000000,9.672,10.148,9.3942,10.148,3273,0
ARH,D,20200508,000000,9.99,9.99,9.752,9.91,1374,0
ARH,D,20200511,000000,9.91,10.068,9.91,10.029,913,0
ARH,D,20200512,000000,9.949,11.733,9.949,10.941,81431,0
ARH,D,20200513,000000,11.615,11.615,10.98,11.257,2053,0
ARH,D,20200514,000000,11.257,11.376,10.901,11.218,2556,0
ARH,D,20200515,000000,11.218,11.218,10.703,11.179,9016,0
ARH,D,20200518,000000,11.257,11.257,10.861,10.941,1876,0
ARH,D,20200519,000000,10.861,10.861,10.703,10.861,15400,0
ARH,D,20200520,000000,11.099,11.099,10.742,10.742,773,0
ARH,D,20200521,000000,10.742,11.099,10.742,11.099,90,0
ARH,D,20200522,000000,11.099,11.376,11.02,11.376,25500,0
ARH,D,20200525,000000,11.376,11.575,11.337,11.575,6657,0
ARH,D,20200526,000000,11.575,12.051,11.179,11.932,8290,0
ARH,D,20200527,000000,12.051,12.09,11.932,11.932,2621,0
ARH,D,20200528,000000,12.209,12.645,12.209,12.249,4809,0
ARH,D,20200529,000000,12.605,12.645,12.407,12.605,12939,0
ARH,D,20200601,000000,12.605,13.319,12.605,13.24,8585,0
ARH,D,20200602,000000,12.051,13.557,12.051,13.557,33454,0
ARH,D,20200603,000000,13.636,14.231,13.557,14.231,6301,0
ARH,D,20200604,000000,14.231,14.905,14.151,14.429,17239,0
ARH,D,20200605,000000,14.27,14.666,14.032,14.666,4867,0
ARH,D,20200608,000000,14.587,14.706,14.112,14.468,4912,0
ARH,D,20200609,000000,14.191,14.35,13.755,14.27,1741,0
ARH,D,20200610,000000,13.755,13.835,13.319,13.636,2383,0
ARH,D,20200612,000000,13.319,13.319,12.764,13.319,4654,0
ARH,D,20200615,000000,13.16,13.319,13.081,13.24,414,0
ARH,D,20200616,000000,13.319,13.874,13.319,13.874,1459,0
ARH,D,20200617,000000,13.794,13.874,13.794,13.835,460,0
ARH,D,20200618,000000,13.835,13.835,13.477,13.835,605,0
ARH,D,20200619,000000,13.398,13.794,13.24,13.716,895,0
ARH,D,20200622,000000,13.636,14.429,13.16,14.35,16731,0
ARH,D,20200623,000000,13.953,14.35,13.953,14.112,367,0
ARH,D,20200624,000000,14.509,14.587,14.032,14.191,4263,0
ARH,D,20200625,000000,14.27,14.27,13.794,13.913,3487,0
ARH,D,20200626,000000,13.874,14.072,13.517,13.755,3272,0
ARH,D,20200629,000000,13.557,13.557,13.517,13.557,1309,0
ARH,D,20200630,000000,13.557,13.874,13.477,13.874,1878,0
ARH,D,20200701,000000,13.874,13.874,13.319,13.874,320,0
ARH,D,20200702,000000,13.477,13.794,13.477,13.794,94,0
ARH,D,20200703,000000,13.557,13.794,13.557,13.755,1805,0
ARH,D,20200706,000000,13.636,13.794,13.477,13.794,752,0
ARH,D,20200707,000000,13.794,13.794,13.794,13.794,101,0
ARH,D,20200708,000000,13.794,13.794,13.24,13.794,472,0
ARH,D,20200709,000000,13.477,14.666,13.477,14.35,1199,0
ARH,D,20200710,000000,14.35,14.35,13.874,14.151,564,0
ARH,D,20200713,000000,13.557,14.27,13.477,13.794,2638,0
ARH,D,20200714,000000,13.477,13.755,13.398,13.636,4290,0
ARH,D,20200715,000000,13.477,13.636,13.398,13.636,1455,0
ARH,D,20200716,000000,13.716,13.716,13.24,13.24,4253,0
ARH,D,20200717,000000,13.081,13.319,12.764,13.319,3089,0
ARH,D,20200720,000000,13.319,14.983,12.724,14.587,40144,0
ARH,D,20200721,000000,14.747,14.944,14.27,14.944,27392,0
ARH,D,20200722,000000,14.944,14.944,14.509,14.666,5563,0
ARH,D,20200723,000000,14.905,14.905,14.666,14.905,25785,0
ARH,D,20200724,000000,14.905,14.905,14.429,14.747,1867,0
ARH,D,20200727,000000,14.825,14.983,14.389,14.429,4660,0
ARH,D,20200728,000000,14.389,14.905,13.557,14.429,4428,0
ARH,D,20200729,000000,14.509,14.509,13.398,13.874,5974,0
ARH,D,20200730,000000,13.636,13.636,12.526,13.477,9015,0
ARH,D,20200731,000000,13.16,14.389,12.685,14.389,12502,0
ARH,D,20200803,000000,14.389,14.587,14.27,14.429,4767,0
ARH,D,20200804,000000,14.429,14.866,14.27,14.785,6296,0
ARH,D,20200805,000000,14.983,15.301,14.983,15.063,6312,0
ARH,D,20200806,000000,15.182,15.777,14.666,15.737,19199,0
ARH,D,20200807,000000,15.777,15.777,15.221,15.459,13562,0
ARH,D,20200810,000000,15.221,15.698,15.143,15.381,5757,0
ARH,D,20200811,000000,15.381,15.539,15.221,15.539,920,0
ARH,D,20200812,000000,15.539,15.539,14.983,15.143,2230,0
ARH,D,20200813,000000,14.983,14.983,14.747,14.747,5820,0
ARH,D,20200814,000000,14.666,14.666,14.666,14.666,239,0
ARH,D,20200817,000000,14.666,15.143,14.666,14.747,576,0
ARH,D,20200818,000000,14.747,14.825,14.666,14.825,2746,0
ARH,D,20200819,000000,14.825,14.825,14.666,14.785,24107,0
ARH,D,20200820,000000,14.747,14.983,14.747,14.905,893,0
ARH,D,20200821,000000,14.785,14.785,14.785,14.785,202,0
ARH,D,20200824,000000,14.747,15.063,14.747,15.063,467,0
ARH,D,20200825,000000,15.063,15.063,14.905,14.905,1004,0
ARH,D,20200826,000000,14.905,15.063,14.628,15.063,725,0
ARH,D,20200827,000000,15.063,15.063,14.747,15.063,301,0
ARH,D,20200828,000000,14.905,14.983,14.905,14.983,253,0
ARH,D,20200831,000000,14.983,14.983,14.706,14.706,2472,0
ARH,D,20200901,000000,14.429,14.785,14.27,14.666,1098,0
ARH,D,20200902,000000,14.666,14.666,14.27,14.468,149,0
ARH,D,20200903,000000,14.27,14.27,13.716,14.032,69782,0
ARH,D,20200904,000000,14.032,14.032,13.716,13.953,393,0
ARH,D,20200907,000000,13.794,13.953,13.794,13.953,107,0
ARH,D,20200908,000000,13.755,14.191,13.477,13.835,1906,0
ARH,D,20200909,000000,13.398,13.835,13.398,13.835,487,0
ARH,D,20200910,000000,13.835,13.835,13.835,13.835,8,0
ARH,D,20200911,000000,13.794,13.794,13.477,13.477,594,0
ARH,D,20200914,000000,13.398,13.557,13.24,13.557,4440,0
ARH,D,20200915,000000,13.557,13.557,13.201,13.557,200,0
ARH,D,20200916,000000,13.081,13.477,13.081,13.477,594,0
ARH,D,20200917,000000,13.557,14.866,13.557,14.666,37185,0
ARH,D,20200918,000000,14.666,15.024,14.27,14.825,63970,0
ARH,D,20200921,000000,14.825,14.825,14.032,14.825,2148,0
ARH,D,20200922,000000,14.785,14.825,14.785,14.825,326,0
ARH,D,20200923,000000,14.429,14.785,14.27,14.27,3689,0
ARH,D,20200924,000000,14.072,14.072,13.557,13.953,991,0
ARH,D,20200925,000000,13.794,14.191,13.794,14.191,5643,0
ARH,D,20200928,000000,14.27,14.429,13.953,14.429,484,0
ARH,D,20200929,000000,14.27,14.389,14.27,14.389,6657,0
ARH,D,20200930,000000,14.35,14.389,13.794,14.35,170,0
ARH,D,20201001,000000,14.35,14.429,14.35,14.429,423,0
ARH,D,20201002,000000,14.429,14.429,14.151,14.151,485,0
ARH,D,20201005,000000,13.953,14.151,13.794,13.794,3552,0
ARH,D,20201006,000000,13.953,14.112,13.477,13.477,4261,0
ARH,D,20201007,000000,13.716,13.716,13.279,13.279,3198,0
ARH,D,20201008,000000,13.279,14.032,13.279,13.953,43284,0
ARH,D,20201009,000000,14.587,14.785,14.429,14.706,19837,0
ARH,D,20201012,000000,14.747,14.983,14.666,14.983,98411,0
ARH,D,20201013,000000,15.024,15.024,14.944,14.944,4779,0
ARH,D,20201014,000000,14.944,14.983,14.785,14.866,6533,0
ARH,D,20201015,000000,14.866,14.983,14.666,14.866,3674,0
ARH,D,20201016,000000,14.866,14.983,14.785,14.983,5430,0
ARH,D,20201019,000000,15.024,15.024,14.905,14.983,4280,0
ARH,D,20201020,000000,14.983,14.983,14.785,14.983,4397,0
ARH,D,20201021,000000,14.944,14.983,14.747,14.983,6424,0
ARH,D,20201022,000000,14.983,14.983,14.666,14.706,8628,0
ARH,D,20201023,000000,14.825,15.063,14.825,14.983,4360,0
ARH,D,20201026,000000,15.063,15.301,14.825,14.905,19040,0
ARH,D,20201027,000000,14.905,14.983,14.785,14.866,19050,0
ARH,D,20201028,000000,14.866,14.905,13.874,14.191,10735,0
ARH,D,20201029,000000,14.032,14.112,13.676,13.874,10753,0
ARH,D,20201030,000000,13.953,14.547,13.874,14.35,4548,0
ARH,D,20201102,000000,14.547,15.063,14.468,14.666,3330,0
ARH,D,20201103,000000,15.063,15.063,14.389,14.509,8324,0
ARH,D,20201104,000000,14.628,15.063,14.628,15.063,1241,0
ARH,D,20201105,000000,15.063,15.063,15.024,15.024,4964,0
ARH,D,20201106,000000,15.024,15.102,15.024,15.063,4267,0
ARH,D,20201109,000000,15.102,16.49,15.102,15.936,20097,0
ARH,D,20201110,000000,15.936,16.252,15.777,16.252,32877,0
ARH,D,20201112,000000,16.252,16.252,16.173,16.252,13396,0
ARH,D,20201113,000000,16.252,16.252,16.173,16.252,25963,0
ARH,D,20201116,000000,16.252,17.044,16.173,17.044,47834,0
ARH,D,20201117,000000,17.125,17.838,17.125,17.6,65052,0
ARH,D,20201118,000000,18.075,18.075,17.6,17.759,32311,0
ARH,D,20201119,000000,17.893,18.43,16.193,18.072,107604,0
ARH,D,20201120,000000,18.34,18.34,17.848,18.072,29152,0
ARH,D,20201123,000000,17.803,18.787,16.73,18.34,64556,0
ARH,D,20201124,000000,18.34,18.34,18.072,18.34,10953,0
ARH,D,20201125,000000,18.34,18.43,17.893,18.43,15233,0
ARH,D,20201126,000000,18.161,18.43,17.982,18.072,3799,0
ARH,D,20201127,000000,17.982,18.43,17.893,18.34,24680,0
ARH,D,20201130,000000,18.34,18.34,17.893,18.25,3057,0
ARH,D,20201201,000000,18.25,18.25,17.625,18.072,5774,0
ARH,D,20201202,000000,17.893,18.161,17.893,17.982,2016,0
ARH,D,20201203,000000,17.893,18.072,17.713,17.982,1054,0
ARH,D,20201204,000000,18.072,18.519,17.893,18.43,6978,0
ARH,D,20201207,000000,18.519,18.519,17.893,18.25,3365,0
ARH,D,20201208,000000,17.982,18.519,17.982,18.34,13407,0
ARH,D,20201209,000000,18.34,18.43,18.161,18.34,20632,0
ARH,D,20201210,000000,18.43,18.43,18.072,18.34,28171,0
ARH,D,20201211,000000,18.25,18.25,17.982,18.25,5541,0
ARH,D,20201214,000000,17.982,18.34,17.982,18.34,35061,0
ARH,D,20201215,000000,18.34,18.34,17.982,18.34,79008,0
ARH,D,20201216,000000,18.34,19.592,18.161,18.967,17440,0
ARH,D,20201217,000000,19.235,19.324,18.967,19.145,4929,0
ARH,D,20201218,000000,19.056,19.504,18.967,19.504,10653,0
ARH,D,20201221,000000,19.235,19.504,18.877,19.504,5377,0
ARH,D,20201222,000000,19.504,19.682,19.504,19.682,9953,0
ARH,D,20201223,000000,19.682,19.772,19.592,19.772,18237,0
ARH,D,20201228,000000,19.772,21.024,19.772,20.666,7879,0
ARH,D,20201229,000000,21.024,21.024,20.577,20.934,6592,0
ARH,D,20201230,000000,20.577,20.934,20.398,20.666,4899,0
ARH,D,20210104,000000,21.024,21.024,20.398,20.398,5231,0
ARH,D,20210105,000000,20.309,20.487,20.309,20.487,2804,0
ARH,D,20210107,000000,20.487,20.934,20.398,20.577,13756,0
ARH,D,20210108,000000,20.577,21.471,20.219,21.381,35584,0
ARH,D,20210111,000000,21.203,23.26,20.577,22.276,13006,0
ARH,D,20210112,000000,22.276,22.455,21.203,21.918,52747,0
ARH,D,20210113,000000,21.918,21.918,20.309,21.203,9553,0
ARH,D,20210114,000000,21.203,21.829,21.203,21.471,1191,0
ARH,D,20210115,000000,21.74,21.74,20.577,20.845,6593,0
ARH,D,20210118,000000,21.113,21.829,20.845,21.74,4057,0
ARH,D,20210119,000000,21.74,21.74,21.203,21.65,1144,0
ARH,D,20210120,000000,21.293,21.65,21.293,21.471,1498,0
ARH,D,20210121,000000,21.74,21.829,21.471,21.65,1547,0
ARH,D,20210122,000000,21.65,21.829,21.471,21.829,3413,0
ARH,D,20210125,000000,21.918,22.366,20.934,21.471,5194,0
ARH,D,20210126,000000,21.381,21.471,21.293,21.471,607,0
ARH,D,20210127,000000,21.293,21.293,20.398,20.577,2283,0
ARH,D,20210128,000000,20.129,20.934,18.877,20.487,14719,0
ARH,D,20210129,000000,20.129,20.309,19.861,20.309,5391,0
ARH,D,20210201,000000,20.129,20.577,20.129,20.577,2648,0
ARH,D,20210202,000000,20.756,20.934,20.129,20.577,5434,0
ARH,D,20210203,000000,20.577,20.756,20.129,20.577,2306,0
ARH,D,20210204,000000,20.219,20.577,20.219,20.577,2308,0
ARH,D,20210205,000000,20.577,21.024,20.487,20.934,6416,0
ARH,D,20210208,000000,21.024,21.65,21.024,21.65,2602,0
ARH,D,20210209,000000,21.74,21.918,21.471,21.74,4932,0
ARH,D,20210210,000000,21.918,22.187,21.203,21.471,17669,0
ARH,D,20210211,000000,21.113,22.008,21.024,22.008,10016,0
ARH,D,20210212,000000,21.74,21.918,21.293,21.74,15588,0
ARH,D,20210215,000000,21.561,21.74,21.113,21.74,4048,0
ARH,D,20210216,000000,22.008,22.276,21.829,21.918,4616,0
ARH,D,20210217,000000,22.008,22.008,21.381,21.918,9847,0
ARH,D,20210218,000000,22.008,22.008,20.934,21.203,31349,0
ARH,D,20210219,000000,20.934,20.934,20.129,20.129,13079,0
ARH,D,20210222,000000,20.129,20.398,19.861,20.398,12749,0
ARH,D,20210223,000000,20.487,20.845,20.129,20.845,7141,0
ARH,D,20210224,000000,20.398,21.293,20.398,21.293,20824,0
ARH,D,20210225,000000,21.293,21.381,20.845,21.293,600,0
ARH,D,20210226,000000,20.398,20.756,19.951,20.577,4261,0
ARH,D,20210301,000000,20.219,20.577,19.951,20.309,4999,0
ARH,D,20210302,000000,20.309,20.577,20.04,20.577,2564,0
ARH,D,20210303,000000,20.577,20.577,20.309,20.398,11037,0
ARH,D,20210304,000000,20.309,20.309,19.772,20.219,4326,0
ARH,D,20210305,000000,20.129,20.219,19.772,20.129,1517,0
ARH,D,20210308,000000,20.309,20.934,20.129,20.934,2634,0
ARH,D,20210309,000000,20.845,21.113,20.129,20.845,4579,0
ARH,D,20210310,000000,20.398,20.934,20.398,20.845,686,0
ARH,D,20210311,000000,20.845,20.845,20.219,20.487,1079,0
ARH,D,20210312,000000,20.219,20.934,20.219,20.577,4339,0
ARH,D,20210315,000000,20.577,20.934,20.398,20.934,1925,0
ARH,D,20210316,000000,21.024,21.113,20.756,21.113,7686,0
ARH,D,20210317,000000,21.113,21.113,20.487,20.756,5491,0
ARH,D,20210318,000000,21.113,21.113,20.666,21.024,973,0
ARH,D,20210319,000000,20.666,21.024,20.577,20.845,312,0
ARH,D,20210322,000000,20.845,20.934,20.487,20.845,1111,0
ARH,D,20210323,000000,21.024,21.024,20.398,20.756,2473,0
ARH,D,20210324,000000,20.845,20.845,19.772,20.577,2843,0
ARH,D,20210325,000000,19.951,20.577,19.861,20.487,998,0
ARH,D,20210326,000000,20.487,20.577,19.951,20.487,1549,0
ARH,D,20210329,000000,20.487,20.487,19.951,20.129,7022,0
ARH,D,20210330,000000,19.861,20.129,19.861,19.861,2815,0
ARH,D,20210331,000000,20.129,20.129,19.951,20.129,9510,0
ARH,D,20210401,000000,20.129,20.129,19.861,20.129,3123,0
ARH,D,20210406,000000,19.682,19.682,18.072,19.235,83993,0
ARH,D,20210407,000000,19.235,19.682,19.235,19.235,8710,0
ARH,D,20210408,000000,19.235,19.682,19.235,19.682,12690,0
ARH,D,20210409,000000,19.682,19.682,19.414,19.414,10667,0
ARH,D,20210412,000000,19.682,19.682,19.324,19.682,10496,0
ARH,D,20210413,000000,19.682,19.682,19.504,19.504,26469,0
ARH,D,20210414,000000,19.682,20.756,19.504,20.487,23133,0
ARH,D,20210415,000000,20.487,20.487,20.309,20.309,8930,0
ARH,D,20210416,000000,20.309,20.398,20.219,20.219,1073,0
ARH,D,20210419,000000,20.129,20.487,20.04,20.219,4330,0
ARH,D,20210420,000000,20.219,20.398,19.951,19.951,2683,0
ARH,D,20210421,000000,20.129,20.219,20.129,20.129,3380,0
ARH,D,20210422,000000,20.129,20.398,20.129,20.398,2595,0
ARH,D,20210423,000000,20.309,20.309,20.219,20.309,1359,0
ARH,D,20210426,000000,20.309,20.398,20.219,20.219,1329,0
ARH,D,20210427,000000,20.309,20.398,19.861,20.309,2832,0
ARH,D,20210428,000000,20.309,20.398,19.772,20.309,3230,0
ARH,D,20210429,000000,20.219,20.398,20.04,20.398,1903,0
ARH,D,20210430,000000,20.487,21.024,20.398,21.024,8987,0
ARH,D,20210504,000000,21.024,21.024,19.235,19.682,19883,0
ARH,D,20210505,000000,19.682,20.309,19.504,20.309,2257,0
ARH,D,20210506,000000,20.309,20.398,19.861,20.219,2188,0
ARH,D,20210507,000000,20.219,20.845,20.04,20.577,2954,0
ARH,D,20210510,000000,20.577,21.471,19.951,20.219,14577,0
ARH,D,20210511,000000,19.861,20.219,19.682,19.861,2241,0
ARH,D,20210512,000000,20.219,20.666,20.129,20.666,3619,0
ARH,D,20210513,000000,20.666,20.756,20.129,20.756,2508,0
ARH,D,20210514,000000,20.845,21.203,20.845,21.203,6752,0
ARH,D,20210517,000000,21.561,23.082,21.561,22.098,33396,0
ARH,D,20210518,000000,22.098,22.276,21.65,22.098,11853,0
ARH,D,20210519,000000,22.098,22.276,21.293,21.471,6757,0
ARH,D,20210520,000000,21.471,21.918,21.471,21.918,1788,0
ARH,D,20210521,000000,21.918,22.813,21.561,22.276,9642,0
ARH,D,20210524,000000,22.455,22.813,21.293,21.471,12758,0
ARH,D,20210525,000000,21.65,22.366,21.471,21.74,6857,0
ARH,D,20210526,000000,21.918,21.918,19.861,21.113,11954,0
ARH,D,20210527,000000,21.113,21.113,20.577,20.577,3963,0
ARH,D,20210528,000000,20.577,22.008,20.577,21.471,7649,0
ARH,D,20210531,000000,21.471,22.187,21.471,21.918,5118,0
ARH,D,20210601,000000,22.008,22.008,21.561,21.829,2205,0
ARH,D,20210602,000000,21.829,21.829,21.293,21.471,4842,0
ARH,D,20210604,000000,21.471,21.829,21.381,21.65,7622,0
ARH,D,20210607,000000,21.65,21.74,21.293,21.471,3805,0
ARH,D,20210608,000000,21.471,21.561,20.845,21.471,125118,0
ARH,D,20210609,000000,21.471,21.471,21.024,21.293,34042,0
ARH,D,20210610,000000,21.293,21.381,20.666,21.293,2415,0
ARH,D,20210611,000000,21.293,21.293,20.666,21.024,4473,0
ARH,D,20210614,000000,20.845,21.203,20.845,21.113,2928,0
ARH,D,20210615,000000,20.845,20.934,20.398,20.666,6277,0
ARH,D,20210616,000000,20.577,20.666,20.398,20.666,1195,0
ARH,D,20210617,000000,20.577,22.008,20.129,20.666,42224,0
ARH,D,20210618,000000,20.577,21.024,20.398,20.934,6988,0
ARH,D,20210621,000000,21.113,21.113,20.666,21.024,1952,0
ARH,D,20210622,000000,21.024,21.024,20.666,21.024,172,0
ARH,D,20210623,000000,20.934,21.024,20.845,21.024,342,0
ARH,D,20210624,000000,21.024,21.203,20.487,20.845,1611,0
ARH,D,20210625,000000,20.845,21.471,20.666,21.113,6301,0
ARH,D,20210628,000000,21.113,21.829,21.113,21.65,8912,0
ARH,D,20210629,000000,21.561,21.74,21.561,21.65,3725,0
ARH,D,20210630,000000,21.74,21.74,21.561,21.74,2102,0
ARH,D,20210701,000000,21.829,22.008,21.74,21.829,2456,0
ARH,D,20210702,000000,21.918,21.918,21.65,21.65,857,0
ARH,D,20210705,000000,21.829,21.918,20.577,21.561,5119,0
ARH,D,20210706,000000,21.561,21.74,21.203,21.203,4790,0
ARH,D,20210707,000000,21.203,21.381,21.113,21.113,10135,0
ARH,D,20210708,000000,21.293,21.381,20.577,20.666,9326,0
ARH,D,20210709,000000,21.704,21.704,20.855,21.232,3061,0
ARH,D,20210712,000000,20.761,21.327,20.761,21.232,1714,0
ARH,D,20210713,000000,21.232,21.421,21.138,21.421,908,0
ARH,D,20210714,000000,21.044,21.421,21.044,21.421,1149,0
ARH,D,20210715,000000,21.515,21.61,21.515,21.61,223,0
ARH,D,20210716,000000,21.515,21.515,21.327,21.421,698,0
ARH,D,20210719,000000,21.421,21.515,21.044,21.044,1633,0
ARH,D,20210720,000000,21.044,21.327,21.044,21.044,2675,0
ARH,D,20210721,000000,21.138,21.138,21.044,21.044,2505,0
ARH,D,20210722,000000,21.138,21.232,21.138,21.138,392,0
ARH,D,20210723,000000,21.138,21.327,20.949,21.232,1556,0
ARH,D,20210726,000000,21.232,21.232,21.138,21.232,414,0
ARH,D,20210727,000000,21.138,21.232,21.138,21.232,374,0
ARH,D,20210728,000000,21.232,21.232,21.044,21.044,474,0
ARH,D,20210729,000000,21.232,21.327,21.044,21.327,161,0
ARH,D,20210730,000000,21.232,21.232,21.232,21.232,482,0
ARH,D,20210802,000000,21.232,21.232,21.138,21.138,2450,0
ARH,D,20210803,000000,21.138,21.232,21.138,21.232,8995,0
ARH,D,20210804,000000,21.232,21.232,20.761,20.855,9240,0
ARH,D,20210805,000000,21.044,21.044,20.855,20.949,583,0
ARH,D,20210806,000000,20.855,21.138,20.761,21.138,292,0
ARH,D,20210809,000000,21.138,21.138,20.949,21.138,1697,0
ARH,D,20210810,000000,20.949,21.138,20.949,21.138,1228,0
ARH,D,20210811,000000,21.232,21.232,21.138,21.138,4380,0
ARH,D,20210812,000000,21.138,21.138,21.044,21.044,734,0
ARH,D,20210813,000000,21.138,21.138,21.044,21.138,230,0
ARH,D,20210816,000000,21.044,21.044,20.949,21.044,42069,0
ARH,D,20210817,000000,20.949,21.044,20.949,20.949,2039,0
ARH,D,20210818,000000,21.044,21.044,20.855,21.044,5839,0
ARH,D,20210819,000000,20.949,21.138,20.855,20.855,835,0
ARH,D,20210820,000000,21.044,21.138,20.855,20.855,1605,0
ARH,D,20210823,000000,20.855,21.232,20.855,21.044,1736,0
ARH,D,20210824,000000,20.949,21.138,20.949,21.138,3126,0
ARH,D,20210825,000000,21.138,21.232,21.044,21.138,3321,0
ARH,D,20210826,000000,21.138,21.515,21.138,21.515,7980,0
ARH,D,20210827,000000,21.61,21.61,21.421,21.421,651,0
ARH,D,20210830,000000,21.61,21.61,21.138,21.138,13084,0
ARH,D,20210831,000000,21.138,21.138,20.855,20.855,4042,0
ARH,D,20210901,000000,21.044,21.232,20.477,20.477,13628,0
ARH,D,20210902,000000,20.477,20.572,19.911,20.1,5712,0
ARH,D,20210903,000000,20.477,20.477,19.345,19.345,10556,0
ARH,D,20210906,000000,19.723,20.006,19.628,20.006,6465,0
ARH,D,20210907,000000,20.1,20.1,19.345,19.723,17903,0
ARH,D,20210908,000000,19.723,19.817,19.345,19.534,12809,0
ARH,D,20210909,000000,19.534,19.628,19.251,19.534,5517,0
ARH,D,20210910,000000,19.534,19.534,19.156,19.534,3283,0
ARH,D,20210913,000000,19.156,19.628,19.156,19.534,2594,0
ARH,D,20210914,000000,19.439,19.628,19.439,19.534,4199,0
ARH,D,20210915,000000,19.628,19.628,19.628,19.628,386,0
ARH,D,20210916,000000,19.439,19.439,18.968,19.345,40518,0
ARH,D,20210917,000000,19.723,20.477,19.723,20.289,30416,0
ARH,D,20210920,000000,20.289,20.289,19.817,20.289,9502,0
ARH,D,20210921,000000,20.006,20.477,20.006,20.477,31175,0
ARH,D,20210922,000000,20.194,20.572,20.194,20.289,3090,0
ARH,D,20210923,000000,20.572,20.761,20.1,20.666,1525,0
ARH,D,20210924,000000,20.761,20.855,20.477,20.855,1984,0
ARH,D,20210927,000000,20.666,20.666,20.572,20.572,865,0
ARH,D,20210928,000000,20.477,20.477,20.1,20.194,9889,0
ARH,D,20210929,000000,20.383,20.761,20.289,20.761,4809,0
ARH,D,20210930,000000,20.855,20.855,20.006,20.666,2237,0
ARH,D,20211001,000000,20.289,20.761,20.1,20.1,1914,0
ARH,D,20211004,000000,20.477,20.572,20.1,20.383,760,0
ARH,D,20211005,000000,20.289,20.477,20.194,20.477,437,0
ARH,D,20211006,000000,20.477,20.572,20.194,20.194,829,0
ARH,D,20211007,000000,20.194,20.289,19.911,19.911,587,0
ARH,D,20211008,000000,20.477,21.044,20.477,20.761,20311,0
ARH,D,20211011,000000,20.761,20.761,20.666,20.761,7278,0
ARH,D,20211012,000000,20.761,20.761,20.289,20.477,6344,0
ARH,D,20211013,000000,20.666,21.044,20.666,20.666,47243,0
ARH,D,20211014,000000,20.761,20.949,20.666,20.761,190083,0
ARH,D,20211015,000000,21.044,21.138,20.761,20.949,44518,0
ARH,D,20211018,000000,20.949,21.704,20.761,21.232,11551,0
ARH,D,20211019,000000,21.61,21.704,21.232,21.515,2597,0
ARH,D,20211020,000000,21.61,21.799,20.761,21.327,4682,0
ARH,D,20211021,000000,21.327,21.799,21.327,21.799,5651,0
ARH,D,20211022,000000,21.893,22.459,21.893,22.365,8342,0
ARH,D,20211025,000000,22.27,22.931,22.176,22.931,20446,0
ARH,D,20211026,000000,22.931,23.12,22.648,23.025,4829,0
ARH,D,20211027,000000,23.025,23.025,22.27,22.554,6237,0
ARH,D,20211028,000000,22.648,22.648,22.176,22.176,3434,0
ARH,D,20211029,000000,22.176,22.176,21.893,21.987,5181,0
ARH,D,20211102,000000,22.554,22.648,22.176,22.176,9592,0
ARH,D,20211103,000000,22.27,22.459,22.082,22.082,3272,0
ARH,D,20211104,000000,22.459,22.459,21.987,22.082,16385,0
ARH,D,20211105,000000,22.082,22.082,21.232,21.61,8574,0
ARH,D,20211108,000000,21.893,21.893,21.421,21.704,4060,0
ARH,D,20211109,000000,21.704,21.987,21.421,21.421,6465,0
ARH,D,20211110,000000,21.61,21.61,20.572,20.666,80761,0
ARH,D,20211112,000000,20.949,22.459,20.572,21.044,30543,0
ARH,D,20211115,000000,21.704,21.704,20.855,20.949,18011,0
ARH,D,20211116,000000,21.044,21.232,20.1,20.289,19319,0
ARH,D,20211117,000000,20.289,20.666,20.006,20.1,11716,0
ARH,D,20211118,000000,20.6,20.6,19.6,20,5284,0
ARH,D,20211119,000000,20.2,20.5,19.8,20,5308,0
ARH,D,20211122,000000,20,20,18.4,19.1,11446,0
ARH,D,20211123,000000,19.35,19.35,18.9,18.9,4871,0
ARH,D,20211124,000000,18.8,19.1,18.4,18.4,3452,0
ARH,D,20211125,000000,18.4,18.55,18.15,18.25,3686,0
ARH,D,20211126,000000,18.3,18.45,18.15,18.2,4118,0
ARH,D,20211129,000000,18.2,18.2,17.05,18.2,14109,0
ARH,D,20211130,000000,18.1,18.1,17.4,17.5,2844,0
ARH,D,20211201,000000,17.8,18.85,17.6,18.25,6913,0
ARH,D,20211202,000000,18.4,19.1,18,19.1,4038,0
ARH,D,20211203,000000,19.1,19.4,19,19,1847,0
ARH,D,20211206,000000,19.4,19.6,19.4,19.5,20459,0
ARH,D,20211207,000000,19.65,19.65,19.3,19.6,3098,0
ARH,D,20211208,000000,19.6,19.6,19.3,19.3,4287,0
ARH,D,20211209,000000,19.35,19.75,19.3,19.4,6331,0
ARH,D,20211210,000000,19.9,19.9,19.4,19.5,7495,0
ARH,D,20211213,000000,19.85,19.85,19.4,19.5,3446,0
ARH,D,20211214,000000,19.8,19.8,17.95,19,3730,0
ARH,D,20211215,000000,18.95,18.95,18.6,18.95,439,0
ARH,D,20211216,000000,19,19,18.65,18.65,152,0
ARH,D,20211217,000000,18.65,18.65,18.6,18.6,1717,0
ARH,D,20211220,000000,18.6,19,17.6,18.9,65207,0
ARH,D,20211221,000000,19,19.45,19,19.2,1807,0
ARH,D,20211222,000000,19.4,19.8,19.4,19.8,1923,0
ARH,D,20211223,000000,19.9,20,19.6,20,9613,0
ARH,D,20211227,000000,20.1,20.1,19.8,20,8330,0
ARH,D,20211228,000000,20.2,21.4,20,20.7,22863,0
ARH,D,20211229,000000,21,21.4,21,21.3,4239,0
ARH,D,20211230,000000,21.3,21.3,20.6,20.8,101941,0
ARH,D,20220103,000000,21,21.4,20.9,20.9,1060,0
ARH,D,20220104,000000,21.2,21.2,20.9,21,965,0
ARH,D,20220105,000000,21,21.2,20.9,21.2,661,0
ARH,D,20220107,000000,21.1,21.2,20.9,20.9,665,0
ARH,D,20220110,000000,20.9,21.5,20.7,20.7,1506,0
ARH,D,20220111,000000,20.6,21,20.2,21,1120,0
ARH,D,20220112,000000,21.2,21.5,21,21,2830,0
ARH,D,20220113,000000,21.2,21.4,20.8,21.2,1092,0
ARH,D,20220114,000000,21.2,21.2,20.5,20.8,366,0
ARH,D,20220117,000000,20.8,20.8,20.4,20.5,803,0
ARH,D,20220118,000000,20.5,21,20.5,20.9,774,0
ARH,D,20220119,000000,21,21.4,21,21,1020,0
ARH,D,20220120,000000,21.4,21.4,20.6,21.2,1199,0
ARH,D,20220121,000000,21.3,21.4,20.5,21,2086,0
ARH,D,20220124,000000,20.8,21.2,19.7,19.7,5250,0
ARH,D,20220125,000000,19.6,19.9,19,19.7,1581,0
ARH,D,20220126,000000,19.8,19.8,19.5,19.5,30919,0
ARH,D,20220127,000000,19.5,19.5,19.1,19.3,1586,0
ARH,D,20220128,000000,19.2,19.9,18.8,18.8,2399,0
ARH,D,20220131,000000,19,19.3,18.4,18.8,50263,0
ARH,D,20220201,000000,19.1,19.4,19.1,19.4,2381,0
ARH,D,20220202,000000,19.7,20.1,19.7,20,1681,0
ARH,D,20220203,000000,20,20,19.5,19.6,3601,0
ARH,D,20220204,000000,19.7,20.1,19.45,20.1,1098,0
ARH,D,20220207,000000,20,20.2,19.05,19.8,4000,0
ARH,D,20220208,000000,19.8,20.3,19.25,19.3,3740,0
ARH,D,20220209,000000,19.45,19.45,19.3,19.35,307,0
ARH,D,20220210,000000,19.45,19.8,18.95,18.95,3705,0
ARH,D,20220211,000000,18.95,19,18.05,18.45,8741,0
ARH,D,20220214,000000,18.7,19.2,17.8,18.3,84682,0
ARH,D,20220215,000000,18.4,18.4,17.9,18.25,4870,0
ARH,D,20220216,000000,18.7,18.7,18,18,13827,0
ARH,D,20220217,000000,18.4,18.4,18.2,18.2,534,0
ARH,D,20220218,000000,18.3,18.7,18.15,18.5,1027,0
ARH,D,20220221,000000,18.5,18.5,17.95,17.95,2006,0
ARH,D,20220222,000000,17.65,18.4,17.65,17.7,3095,0
ARH,D,20220223,000000,18.25,18.25,17.7,18.2,1050,0
ARH,D,20220224,000000,17.65,18.2,17.1,17.5,7526,0
ARH,D,20220225,000000,17.5,18.1,17.5,17.9,4302,0
ARH,D,20220228,000000,18.25,18.3,18.15,18.2,1701,0
ARH,D,20220301,000000,18.45,18.8,18.45,18.8,5169,0
ARH,D,20220302,000000,18.75,19,18.45,18.8,2362,0
ARH,D,20220303,000000,18.8,19.4,18.3,19.4,3823,0
ARH,D,20220304,000000,19.4,19.4,19,19.2,255,0
ARH,D,20220307,000000,19.2,19.4,18.4,18.75,3159,0
ARH,D,20220308,000000,18.9,18.9,18,18,4410,0
ARH,D,20220309,000000,18,18.35,17.9,18.3,1749,0
ARH,D,20220310,000000,18.3,18.35,18.15,18.15,1699,0
ARH,D,20220311,000000,18.35,19.35,17.65,18.5,2425,0
ARH,D,20220314,000000,18.5,19.1,18.5,18.55,567,0
ARH,D,20220315,000000,18.55,18.65,18,18.6,6573,0
ARH,D,20220316,000000,18.5,18.9,18.2,18.9,2762,0
ARH,D,20220317,000000,18.9,18.9,18.5,18.5,931,0
ARH,D,20220318,000000,18.95,19,18.4,18.45,9031,0
ARH,D,20220321,000000,18.15,18.75,18.15,18.25,4288,0
ARH,D,20220322,000000,18.4,18.7,18.4,18.55,3788,0
ARH,D,20220323,000000,18.75,18.9,18.4,18.85,8262,0
ARH,D,20220324,000000,18.85,18.85,18.4,18.8,2252,0
ARH,D,20220325,000000,18.8,18.9,18.45,18.5,909,0
ARH,D,20220328,000000,18.8,18.9,18.5,18.5,905,0
ARH,D,20220329,000000,18.75,19,18.5,18.55,1139,0
ARH,D,20220331,000000,18.8,19.25,18.55,19.25,2228,0
ARH,D,20220401,000000,19.1,19.25,19,19.25,256,0
ARH,D,20220404,000000,19.25,19.25,19.2,19.2,670,0
ARH,D,20220405,000000,19.2,19.5,19.2,19.5,1352,0
ARH,D,20220406,000000,19.5,19.7,19.4,19.7,1282,0
ARH,D,20220407,000000,19.7,20.1,19.45,19.8,39218,0
ARH,D,20220408,000000,19.5,19.5,19.4,19.4,600,0
ARH,D,20220411,000000,19.5,20.1,19.5,20,1637,0
ARH,D,20220412,000000,19.45,19.45,19.45,19.45,360,0
ARH,D,20220413,000000,19.45,19.85,19.45,19.85,450,0
ARH,D,20220414,000000,19.9,20.5,19.8,20.5,3530,0
ARH,D,20220419,000000,20.5,20.5,19.9,19.9,550,0
ARH,D,20220420,000000,19.9,19.9,19.3,19.3,2150,0
ARH,D,20220421,000000,19.7,19.7,19.3,19.3,810,0
ARH,D,20220422,000000,19.3,19.45,19.3,19.45,75,0
