<TICKER>,<PER>,<DATE>,<TIME>,<OPEN>,<HIGH>,<LOW>,<CLOSE>,<VOL>,<OPENINT>
BBT,D,20190514,000000,22.402,22.605,20.926,21.519,386078,0
BBT,D,20190515,000000,21.815,26.948,21.815,26.948,329419,0
BBT,D,20190516,000000,28.231,29.218,24.184,24.677,350808,0
BBT,D,20190517,000000,24.677,25.862,22.93,25.072,149543,0
BBT,D,20190520,000000,25.467,25.467,22.999,23.118,49586,0
BBT,D,20190521,000000,23.197,23.986,21.835,22.605,61428,0
BBT,D,20190522,000000,22.289,22.289,19.796,20.403,166150,0
BBT,D,20190523,000000,20.038,21.351,19.762,20.778,32131,0
BBT,D,20190524,000000,20.926,24.381,20.739,24.381,124321,0
BBT,D,20190527,000000,23.888,24.352,22.412,23.098,72643,0
BBT,D,20190528,000000,23.295,24.184,22.723,22.901,35265,0
BBT,D,20190529,000000,23.177,23.295,21.598,22.308,23362,0
BBT,D,20190530,000000,21.519,23.493,20.334,21.825,100636,0
BBT,D,20190531,000000,21.825,22.299,20.966,21.519,25729,0
BBT,D,20190603,000000,21.716,22.052,21.124,21.124,10905,0
BBT,D,20190604,000000,21.223,22.002,21.223,21.469,14235,0
BBT,D,20190605,000000,21.42,22.012,21.134,21.519,10477,0
BBT,D,20190606,000000,21.321,21.321,19.248,20.423,72110,0
BBT,D,20190607,000000,20.226,20.729,19.786,20.038,31424,0
BBT,D,20190610,000000,20.226,20.226,19.248,19.742,23608,0
BBT,D,20190611,000000,19.15,19.742,18.765,18.854,20987,0
BBT,D,20190612,000000,18.765,19.337,17.057,17.373,44525,0
BBT,D,20190613,000000,17.373,18.755,17.175,17.175,22444,0
BBT,D,20190614,000000,17.689,18.163,17.057,18.003,10793,0
BBT,D,20190617,000000,18.261,18.261,17.274,17.866,2804,0
BBT,D,20190618,000000,18.163,18.163,16.978,17.373,8207,0
BBT,D,20190619,000000,17.373,17.373,15.991,16.109,30151,0
BBT,D,20190621,000000,16.188,17.225,16.188,16.787,20043,0
BBT,D,20190624,000000,16.781,16.781,15.912,16.366,6018,0
BBT,D,20190625,000000,16.366,17.462,14.915,16.978,35211,0
BBT,D,20190626,000000,16.702,17.215,16.2,17.027,3932,0
BBT,D,20190627,000000,17.324,17.965,16.836,17.027,13820,0
BBT,D,20190628,000000,17.274,17.639,16.682,17.472,8819,0
BBT,D,20190701,000000,18.155,18.745,17.472,18.261,22582,0
BBT,D,20190702,000000,18.212,20.611,18.212,19.939,54489,0
BBT,D,20190703,000000,19.939,19.939,19.073,19.643,16542,0
BBT,D,20190704,000000,19.683,19.742,18.261,18.755,21059,0
BBT,D,20190705,000000,18.557,18.755,17.866,18.212,22433,0
BBT,D,20190708,000000,18.607,18.755,17.965,18.36,6154,0
BBT,D,20190709,000000,18.557,19.051,18.36,18.755,4973,0
BBT,D,20190710,000000,19.039,19.15,18.557,18.834,4441,0
BBT,D,20190711,000000,19.045,19.045,18.439,19,3048,0
BBT,D,20190712,000000,18.992,18.992,18.755,18.755,2170,0
BBT,D,20190715,000000,19,19.969,18.952,19.296,16470,0
BBT,D,20190716,000000,19.541,20.235,18.952,19.446,20932,0
BBT,D,20190717,000000,19.929,20.038,19.584,19.747,11709,0
BBT,D,20190718,000000,20.127,20.127,19.446,19.885,5075,0
BBT,D,20190719,000000,19.742,20.137,19.485,20.008,3942,0
BBT,D,20190722,000000,20.018,20.087,19.26,19.742,4636,0
BBT,D,20190723,000000,19.949,19.949,19.248,19.545,5678,0
BBT,D,20190724,000000,19.545,19.545,19.248,19.248,3505,0
BBT,D,20190725,000000,19.446,19.446,17.965,18.409,26518,0
BBT,D,20190726,000000,18.409,18.459,18.103,18.425,6980,0
BBT,D,20190729,000000,18.425,18.528,18.064,18.311,6178,0
BBT,D,20190730,000000,18.407,18.755,18.064,18.261,4964,0
BBT,D,20190731,000000,18.686,18.686,17.669,18.261,10921,0
BBT,D,20190801,000000,18.358,18.358,18.163,18.261,3556,0
BBT,D,20190802,000000,18.36,18.36,17.876,18.261,2057,0
BBT,D,20190805,000000,18.261,18.261,17.274,17.568,6112,0
BBT,D,20190806,000000,17.298,20.729,17.298,18.222,94316,0
BBT,D,20190807,000000,18.557,20.186,18.548,19.693,31492,0
BBT,D,20190808,000000,20.132,22.012,20.132,21.617,113203,0
BBT,D,20190809,000000,21.933,22.21,20.877,21.603,36847,0
BBT,D,20190812,000000,21.519,21.711,20.329,21.223,22631,0
BBT,D,20190813,000000,20.729,21.119,20.087,20.729,16932,0
BBT,D,20190814,000000,20.976,20.976,19.742,20.433,16252,0
BBT,D,20190816,000000,19.949,20.917,19.949,20.907,17776,0
BBT,D,20190819,000000,20.926,21.904,20.926,21.617,28505,0
BBT,D,20190820,000000,21.617,21.83,21.282,21.706,16426,0
BBT,D,20190821,000000,21.637,21.687,20.788,21.316,10367,0
BBT,D,20190822,000000,20.926,21.218,20.235,20.867,9681,0
BBT,D,20190823,000000,20.867,21.459,20.384,21.065,6671,0
BBT,D,20190826,000000,21.025,23.582,20.63,23.295,73671,0
BBT,D,20190827,000000,23.049,24.075,22.703,23.098,60419,0
BBT,D,20190828,000000,23.394,23.394,22.348,22.506,17771,0
BBT,D,20190829,000000,22.683,23.389,22.506,22.999,7250,0
BBT,D,20190830,000000,23.197,23.394,22.698,23.167,9409,0
BBT,D,20190902,000000,23.167,23.197,22.703,22.728,9913,0
BBT,D,20190903,000000,22.891,22.989,21.637,22.545,19906,0
BBT,D,20190904,000000,22.683,23.088,22.111,22.851,6590,0
BBT,D,20190905,000000,23.197,23.493,22.22,22.264,17145,0
BBT,D,20190906,000000,22.526,22.683,22.062,22.18,4130,0
BBT,D,20190909,000000,22.21,22.506,21.065,21.371,17475,0
BBT,D,20190910,000000,21.321,21.884,20.334,21.099,14035,0
BBT,D,20190911,000000,20.729,21.696,20.463,21.519,10348,0
BBT,D,20190912,000000,21.519,21.696,20.936,21.519,8135,0
BBT,D,20190913,000000,21.617,22.21,21.617,22.002,13285,0
BBT,D,20190916,000000,22.269,22.299,21.242,21.716,7991,0
BBT,D,20190917,000000,21.716,22.007,20.734,21.321,8154,0
BBT,D,20190918,000000,21.223,21.223,19.347,20.117,58538,0
BBT,D,20190919,000000,20.038,20.532,19.546,20.433,7116,0
BBT,D,20190920,000000,20.532,20.63,19.939,20.038,4880,0
BBT,D,20190923,000000,20.117,20.482,19.88,19.944,4352,0
BBT,D,20190924,000000,19.742,20.132,18.854,19.041,18581,0
BBT,D,20190925,000000,18.863,20.423,18.854,20.423,16090,0
BBT,D,20190926,000000,20.729,21.617,20.433,21.124,18212,0
BBT,D,20190927,000000,19.248,19.702,17.57,17.669,89411,0
BBT,D,20190930,000000,17.274,17.274,13.997,14.264,211716,0
BBT,D,20191001,000000,14.007,14.56,12.753,14.115,136898,0
BBT,D,20191002,000000,14.096,14.658,13.089,13.523,26693,0
BBT,D,20191003,000000,13.819,14.106,13.032,13.74,21958,0
BBT,D,20191004,000000,13.948,15.182,13.721,14.313,22488,0
BBT,D,20191007,000000,14.115,14.293,13.681,13.681,27508,0
BBT,D,20191008,000000,13.997,13.997,13.326,13.77,13823,0
BBT,D,20191009,000000,13.75,13.819,12.734,12.734,41769,0
BBT,D,20191010,000000,12.141,12.437,9.861,9.861,119250,0
BBT,D,20191011,000000,9.575,11.105,9.575,10.169,86204,0
BBT,D,20191014,000000,10.355,10.621,10.019,10.254,12285,0
BBT,D,20191015,000000,10.246,10.246,9.871,10.236,20996,0
BBT,D,20191016,000000,10.029,10.266,9.94,9.94,5845,0
BBT,D,20191017,000000,9.97,10.562,9.97,10.023,9452,0
BBT,D,20191018,000000,10.023,10.163,9.4564,9.831,21128,0
BBT,D,20191021,000000,9.595,10.167,9.595,10.088,12023,0
BBT,D,20191022,000000,10.088,10.562,9.97,10.167,10766,0
BBT,D,20191023,000000,10.315,10.562,10.068,10.246,3412,0
BBT,D,20191024,000000,10.266,10.434,9.95,9.95,4536,0
BBT,D,20191025,000000,9.871,10.118,9.772,9.871,5130,0
BBT,D,20191028,000000,9.871,10.355,8.8839,9.545,20742,0
BBT,D,20191029,000000,9.2294,9.4761,8.3064,8.5581,48749,0
BBT,D,20191030,000000,8.3903,8.489,8.0152,8.0152,11609,0
BBT,D,20191031,000000,7.7388,8.0054,7.3045,7.8356,40424,0
BBT,D,20191104,000000,7.8869,8.568,7.8869,8.1159,19947,0
BBT,D,20191105,000000,8.4298,8.4495,7.6006,8.1337,13844,0
BBT,D,20191106,000000,8.1337,8.2423,7.8079,7.8079,7630,0
BBT,D,20191107,000000,7.6994,8.1732,7.5019,7.7981,15576,0
BBT,D,20191108,000000,7.6994,7.8968,7.6401,7.8869,3623,0
BBT,D,20191112,000000,7.8869,7.8869,7.5217,7.7487,5057,0
BBT,D,20191113,000000,7.7092,7.7487,7.5019,7.5019,4731,0
BBT,D,20191114,000000,7.6006,7.6006,7.3144,7.5809,1710,0
BBT,D,20191115,000000,7.7477,7.7477,7.3243,7.65,3522,0
BBT,D,20191118,000000,7.7477,7.877,7.4032,7.7388,10541,0
BBT,D,20191119,000000,7.7388,7.7388,7.6204,7.6994,413,0
BBT,D,20191120,000000,7.6796,7.6796,7.423,7.65,2014,0
BBT,D,20191121,000000,7.4822,7.8178,7.4822,7.7783,5347,0
BBT,D,20191122,000000,7.7882,7.7882,7.4032,7.5019,4421,0
BBT,D,20191125,000000,7.4822,8.1426,7.4625,7.877,9041,0
BBT,D,20191126,000000,7.6006,7.8968,7.6006,7.8958,1320,0
BBT,D,20191127,000000,7.6994,7.6994,7.5019,7.6994,6304,0
BBT,D,20191128,000000,7.3045,7.344,5.9818,6.1595,129182,0
BBT,D,20191129,000000,6.3352,6.3352,6.2187,6.2187,15472,0
BBT,D,20191202,000000,6.2187,6.2187,5.9423,6.119,17342,0
BBT,D,20191203,000000,6.041,6.041,5.7252,5.7271,19579,0
BBT,D,20191204,000000,5.6857,5.7252,5.1526,5.5771,18728,0
BBT,D,20191205,000000,5.8239,7.3243,5.8239,7.3243,128261,0
BBT,D,20191206,000000,7.1071,7.8178,6.5938,6.9097,97005,0
BBT,D,20191209,000000,6.9097,7.265,6.7123,6.8722,20835,0
BBT,D,20191210,000000,6.8722,6.9195,6.4161,6.7626,7045,0
BBT,D,20191211,000000,6.811,6.8801,6.2483,6.5908,17841,0
BBT,D,20191212,000000,6.5148,6.732,6.0805,6.5346,17034,0
BBT,D,20191213,000000,6.5445,6.7517,6.12,6.3075,19587,0
BBT,D,20191216,000000,6.4063,6.4063,5.9719,6.12,11265,0
BBT,D,20191217,000000,6.12,6.2483,5.7745,5.9127,20605,0
BBT,D,20191218,000000,5.7449,6.0904,5.6363,5.7844,23945,0
BBT,D,20191219,000000,5.8239,6.3569,5.8239,6.0312,29176,0
BBT,D,20191220,000000,6.1003,6.1003,5.8239,5.9117,23799,0
BBT,D,20191223,000000,5.9226,6.0183,5.6265,5.9719,53728,0
BBT,D,20191227,000000,6.0114,6.4161,5.7449,6.2661,21011,0
BBT,D,20191230,000000,6.2187,6.5741,6.12,6.3273,22886,0
BBT,D,20200102,000000,6.6432,6.8603,6.4161,6.7123,22379,0
BBT,D,20200103,000000,6.811,7.4921,6.811,7.2946,44741,0
BBT,D,20200107,000000,7.3045,7.7191,7.3045,7.6994,27318,0
BBT,D,20200108,000000,8.2817,10.167,8.2817,10.167,230220,0
BBT,D,20200109,000000,11.253,13.612,10.858,12.497,313514,0
BBT,D,20200110,000000,12.832,12.931,10.562,11.825,153992,0
BBT,D,20200113,000000,11.845,11.845,10.465,10.712,102980,0
BBT,D,20200114,000000,10.759,11.055,10.059,10.957,71151,0
BBT,D,20200115,000000,11.006,11.006,10.365,10.376,26066,0
BBT,D,20200116,000000,10.376,10.74,10.276,10.601,21525,0
BBT,D,20200117,000000,10.601,10.601,9.595,10.029,29847,0
BBT,D,20200120,000000,10.029,10.266,9.772,10.118,14359,0
BBT,D,20200121,000000,10.266,10.266,9.881,10.068,4066,0
BBT,D,20200122,000000,10.256,12.23,10.068,12.043,154597,0
BBT,D,20200123,000000,11.845,12.418,10.907,11.055,64503,0
BBT,D,20200124,000000,11.352,11.549,10.957,11.055,23532,0
BBT,D,20200127,000000,11.241,11.241,10.365,10.71,31400,0
BBT,D,20200128,000000,10.661,11.006,10.513,10.937,14881,0
BBT,D,20200129,000000,10.937,11.132,10.874,11.006,14857,0
BBT,D,20200130,000000,11.044,11.796,10.562,10.562,43508,0
BBT,D,20200131,000000,10.572,10.858,10.463,10.661,10321,0
BBT,D,20200203,000000,10.957,11.944,10.661,11.462,30597,0
BBT,D,20200204,000000,15.241,16.287,13.717,16.188,289655,0
BBT,D,20200205,000000,15.892,19.229,15.606,15.991,399840,0
BBT,D,20200206,000000,15.794,16.958,15.715,16.445,116260,0
BBT,D,20200207,000000,16.879,16.958,16.218,16.583,27359,0
BBT,D,20200210,000000,16.583,17.067,16.19,16.662,41222,0
BBT,D,20200211,000000,16.879,17.008,15.813,16.366,38628,0
BBT,D,20200212,000000,16.731,17.136,16.287,16.633,47905,0
BBT,D,20200213,000000,16.771,16.978,16.287,16.583,5557,0
BBT,D,20200214,000000,16.583,16.781,16.297,16.781,21365,0
BBT,D,20200217,000000,16.978,16.978,16.336,16.721,17642,0
BBT,D,20200218,000000,16.721,16.858,16.603,16.761,6148,0
BBT,D,20200219,000000,16.761,16.781,16.03,16.277,26445,0
BBT,D,20200220,000000,16.524,16.71,16.386,16.441,12412,0
BBT,D,20200221,000000,16.672,16.672,16.188,16.633,15282,0
BBT,D,20200224,000000,16.712,16.712,15.201,16.485,85617,0
BBT,D,20200225,000000,16.287,16.485,14.907,15.31,48703,0
BBT,D,20200226,000000,15.053,15.784,13.549,15.693,62131,0
BBT,D,20200227,000000,15.675,15.675,14.421,14.806,30593,0
BBT,D,20200228,000000,13.622,14.806,13.049,14.214,82343,0
BBT,D,20200302,000000,14.51,17.018,14.51,16.781,120404,0
BBT,D,20200303,000000,17.274,17.373,16.485,16.978,72144,0
BBT,D,20200304,000000,17.077,18.242,15.399,17.768,181836,0
BBT,D,20200305,000000,20.433,20.704,17.116,17.472,264389,0
BBT,D,20200306,000000,16.633,17.274,15.497,16.948,109300,0
BBT,D,20200309,000000,14.609,15.586,13.346,14.52,140687,0
BBT,D,20200310,000000,15.3,16.09,13.829,14.313,62764,0
BBT,D,20200311,000000,15.093,15.093,12.388,12.734,44425,0
BBT,D,20200312,000000,11.845,11.845,9.741,9.822,47463,0
BBT,D,20200313,000000,10.819,11.895,9.737,10.404,101333,0
BBT,D,20200316,000000,9.891,13.128,9.891,13.03,60633,0
BBT,D,20200317,000000,14.017,15.794,14.017,15.74,157927,0
BBT,D,20200318,000000,15.784,16.485,14.214,15.3,83602,0
BBT,D,20200319,000000,14.806,16.287,14.806,15.744,39265,0
BBT,D,20200320,000000,15.794,16.998,15.794,16.238,90956,0
BBT,D,20200323,000000,16.287,17.314,15.349,16.544,95013,0
BBT,D,20200324,000000,17.373,19.041,17.225,18.755,112566,0
BBT,D,20200325,000000,19.643,20.216,17.274,17.906,209818,0
BBT,D,20200326,000000,17.857,18.459,16.781,17.669,55526,0
BBT,D,20200327,000000,17.768,19.248,17.395,18.942,83382,0
BBT,D,20200330,000000,18.942,20.038,18.163,19.939,39220,0
BBT,D,20200331,000000,20.334,20.63,19.732,19.939,60084,0
BBT,D,20200401,000000,19.545,21.321,18.755,21.321,95791,0
BBT,D,20200402,000000,21.42,24.579,21.371,24.184,153864,0
BBT,D,20200403,000000,21.914,22.605,19.722,20.532,378014,0
BBT,D,20200406,000000,20.729,21.272,19.051,20.038,172884,0
BBT,D,20200407,000000,20.087,20.926,19.248,19.308,82651,0
BBT,D,20200408,000000,19.347,19.89,17.985,19.051,52034,0
BBT,D,20200409,000000,19.545,19.742,18.873,18.873,38764,0
BBT,D,20200414,000000,19.347,19.446,17.472,18.933,61154,0
BBT,D,20200415,000000,19.051,19.248,18.163,18.261,35881,0
BBT,D,20200416,000000,18.36,19.742,18.261,19.248,56329,0
BBT,D,20200417,000000,19.791,20.68,19.248,19.367,43106,0
BBT,D,20200420,000000,19.446,20.532,19.446,19.939,31740,0
BBT,D,20200421,000000,20.482,20.532,17.59,18.36,106033,0
BBT,D,20200422,000000,18.261,18.735,18.143,18.163,56065,0
BBT,D,20200423,000000,18.399,19.248,17.57,18.242,85609,0
BBT,D,20200424,000000,17.353,19.643,16.781,19.545,104892,0
BBT,D,20200427,000000,20.038,22.654,19.604,21.716,154854,0
BBT,D,20200428,000000,21.617,22.21,20.433,20.729,51278,0
BBT,D,20200429,000000,20.235,20.68,19.09,20.532,52265,0
BBT,D,20200430,000000,20.68,20.68,19.15,19.564,72070,0
BBT,D,20200504,000000,19.604,20.235,19.347,20.186,33096,0
BBT,D,20200505,000000,20.581,21.321,19.742,20.137,38181,0
BBT,D,20200506,000000,20.038,20.532,19.347,20.235,17804,0
BBT,D,20200507,000000,20.926,21.223,19.742,20.334,54461,0
BBT,D,20200508,000000,20.68,20.68,19.604,20.087,19586,0
BBT,D,20200511,000000,20.482,20.68,19.367,19.742,24604,0
BBT,D,20200512,000000,19.939,20.087,19.604,20.087,20779,0
BBT,D,20200513,000000,19.742,20.384,19.604,19.989,22955,0
BBT,D,20200514,000000,19.989,19.989,18.557,19.071,42545,0
BBT,D,20200515,000000,19.071,19.939,18.952,19.308,8396,0
BBT,D,20200518,000000,18.814,20.038,18.814,19.939,18378,0
BBT,D,20200519,000000,20.186,20.63,19.89,20.581,35065,0
BBT,D,20200520,000000,20.63,21.321,20.334,21.075,39301,0
BBT,D,20200521,000000,21.223,21.519,20.877,20.926,15051,0
BBT,D,20200522,000000,20.729,21.173,20.334,20.877,12039,0
BBT,D,20200525,000000,20.778,21.963,20.532,21.963,41181,0
BBT,D,20200526,000000,22.012,23.69,22.012,23.345,82101,0
BBT,D,20200527,000000,23.69,24.085,20.729,21.223,78446,0
BBT,D,20200528,000000,21.667,22.358,21.223,21.963,25302,0
BBT,D,20200529,000000,23.789,24.579,22.358,22.901,192082,0
BBT,D,20200601,000000,23.394,23.592,22.16,22.703,54526,0
BBT,D,20200602,000000,22.703,22.753,22.21,22.703,17671,0
BBT,D,20200603,000000,22.703,22.802,22.21,22.703,24857,0
BBT,D,20200604,000000,22.308,22.605,21.371,21.864,87848,0
BBT,D,20200605,000000,21.815,21.815,20.729,21.025,88598,0
BBT,D,20200608,000000,21.223,21.272,20.038,21.124,40461,0
BBT,D,20200609,000000,20.926,21.914,20.433,21.914,33653,0
BBT,D,20200610,000000,22.111,22.111,20.729,21.124,32399,0
BBT,D,20200612,000000,20.137,20.729,19.791,20.384,33161,0
BBT,D,20200615,000000,19.939,20.235,19.791,19.939,12696,0
BBT,D,20200616,000000,20.235,20.926,20.038,20.63,16335,0
BBT,D,20200617,000000,20.729,20.729,20.235,20.532,11171,0
BBT,D,20200618,000000,20.63,20.63,19.939,20.137,17667,0
BBT,D,20200619,000000,19.989,20.532,19.248,20.532,30722,0
BBT,D,20200622,000000,20.532,21.223,20.186,20.63,25575,0
BBT,D,20200623,000000,20.778,22.506,20.384,22.012,89973,0
BBT,D,20200624,000000,22.012,22.012,21.519,21.519,17203,0
BBT,D,20200625,000000,21.469,21.519,20.63,21.223,11947,0
BBT,D,20200626,000000,21.667,22.012,21.223,21.667,8333,0
BBT,D,20200629,000000,21.667,21.963,21.667,21.765,14019,0
BBT,D,20200630,000000,21.914,21.914,20.778,20.926,13335,0
BBT,D,20200701,000000,20.778,21.568,20.778,21.469,10470,0
BBT,D,20200702,000000,21.617,21.914,21.124,21.617,12708,0
BBT,D,20200703,000000,21.716,22.999,21.371,22.456,66303,0
BBT,D,20200706,000000,22.703,22.703,21.321,21.519,63390,0
BBT,D,20200707,000000,21.519,22.308,21.075,21.173,28733,0
BBT,D,20200708,000000,21.667,22.999,20.828,22.654,123754,0
BBT,D,20200709,000000,23.197,23.69,21.223,22.21,71825,0
BBT,D,20200710,000000,22.703,22.753,21.716,22.012,23368,0
BBT,D,20200713,000000,22.605,22.703,21.617,21.914,23641,0
BBT,D,20200714,000000,21.914,21.914,20.926,21.223,25086,0
BBT,D,20200715,000000,21.272,22.111,21.223,21.716,33973,0
BBT,D,20200716,000000,21.716,21.716,21.223,21.667,7210,0
BBT,D,20200717,000000,21.42,22.407,21.075,21.914,39961,0
BBT,D,20200720,000000,21.716,22.21,21.519,21.519,20154,0
BBT,D,20200721,000000,21.519,21.667,21.223,21.321,20901,0
BBT,D,20200722,000000,21.617,21.617,20.976,21.173,14179,0
BBT,D,20200723,000000,21.469,21.519,21.025,21.075,19593,0
BBT,D,20200724,000000,20.976,21.321,19.791,20.828,18446,0
BBT,D,20200727,000000,20.828,20.828,20.334,20.433,22427,0
BBT,D,20200728,000000,20.433,21.42,20.137,20.235,28183,0
BBT,D,20200729,000000,20.729,20.729,19.248,20.482,25978,0
BBT,D,20200730,000000,20.926,20.926,16.188,18.557,32176,0
BBT,D,20200731,000000,19.248,20.235,18.755,20.235,21940,0
BBT,D,20200803,000000,20.433,22.062,20.285,21.963,79841,0
BBT,D,20200804,000000,22.21,22.358,20.778,21.519,23715,0
BBT,D,20200805,000000,20.828,21.617,20.334,20.926,13192,0
BBT,D,20200806,000000,21.025,21.667,19.841,20.235,41926,0
BBT,D,20200807,000000,20.235,20.235,19.742,19.939,11683,0
BBT,D,20200810,000000,20.729,20.926,19.742,20.137,7327,0
BBT,D,20200811,000000,20.532,20.532,19.643,19.939,15419,0
BBT,D,20200812,000000,20.087,20.087,19.209,19.643,16180,0
BBT,D,20200813,000000,19.505,19.643,19.248,19.604,4998,0
BBT,D,20200814,000000,19.545,19.643,19.525,19.643,4680,0
BBT,D,20200817,000000,19.268,19.643,19.11,19.643,6181,0
BBT,D,20200818,000000,19.643,19.643,19.545,19.564,14672,0
BBT,D,20200819,000000,19.623,19.623,19.288,19.347,4026,0
BBT,D,20200820,000000,19.248,19.584,18.064,19.051,21066,0
BBT,D,20200821,000000,18.656,19.11,18.459,18.854,4995,0
BBT,D,20200824,000000,18.755,19.248,18.656,18.952,8076,0
BBT,D,20200825,000000,19.051,19.051,18.261,18.557,8727,0
BBT,D,20200826,000000,18.261,18.755,18.084,18.557,3749,0
BBT,D,20200827,000000,18.755,19.446,18.261,18.952,7158,0
BBT,D,20200828,000000,19.248,19.604,18.755,19.604,17077,0
BBT,D,20200831,000000,19.604,19.604,18.952,19.604,11125,0
BBT,D,20200901,000000,18.972,19.564,18.36,19.545,18374,0
BBT,D,20200902,000000,19.446,19.643,18.893,19.327,12429,0
BBT,D,20200903,000000,19.722,20.235,19.347,19.841,8734,0
BBT,D,20200904,000000,20.235,21.124,19.939,20.285,59163,0
BBT,D,20200907,000000,20.334,20.976,19.939,20.63,23005,0
BBT,D,20200908,000000,20.68,20.68,18.755,19.939,33320,0
BBT,D,20200909,000000,19.347,20.235,19.347,20.038,8635,0
BBT,D,20200910,000000,20.729,21.124,20.038,20.778,43909,0
BBT,D,20200911,000000,20.877,21.815,20.828,21.025,84527,0
BBT,D,20200914,000000,21.568,21.667,21.124,21.371,22177,0
BBT,D,20200915,000000,21.716,21.716,20.828,21.272,13325,0
BBT,D,20200916,000000,21.371,21.716,20.729,21.025,16781,0
BBT,D,20200917,000000,21.025,21.025,20.235,20.68,14261,0
BBT,D,20200918,000000,20.384,21.124,20.285,20.828,9720,0
BBT,D,20200921,000000,21.025,21.568,20.532,20.976,22277,0
BBT,D,20200922,000000,21.272,22.358,21.272,21.617,20434,0
BBT,D,20200923,000000,22.012,22.111,19.89,20.235,73221,0
BBT,D,20200924,000000,19.841,20.137,18.064,19.248,30482,0
BBT,D,20200925,000000,19.643,19.742,19.248,19.545,7031,0
BBT,D,20200928,000000,19.722,20.087,19.268,19.268,23871,0
BBT,D,20200929,000000,19.683,19.683,18.636,19.545,17879,0
BBT,D,20200930,000000,19.545,19.722,18.854,19.722,8926,0
BBT,D,20201001,000000,19.446,19.446,18.952,18.952,6850,0
BBT,D,20201002,000000,18.834,19.15,18.775,19.15,5728,0
BBT,D,20201005,000000,19.15,19.15,18.873,19.13,6384,0
BBT,D,20201006,000000,19.248,19.406,18.755,18.952,9776,0
BBT,D,20201007,000000,19.584,20.729,19.584,20.038,91512,0
BBT,D,20201008,000000,20.729,20.926,20.235,20.235,48851,0
BBT,D,20201009,000000,20.334,20.334,19.545,20.087,18514,0
BBT,D,20201012,000000,20.729,21.075,20.433,20.63,31911,0
BBT,D,20201013,000000,20.877,20.926,20.038,20.581,10416,0
BBT,D,20201014,000000,20.581,20.581,19.841,19.841,15183,0
BBT,D,20201015,000000,19.939,19.939,17.965,18.755,56681,0
BBT,D,20201016,000000,18.755,19.229,18.321,19.229,14348,0
BBT,D,20201019,000000,19.446,19.939,19.229,19.643,14529,0
BBT,D,20201020,000000,19.643,19.939,18.952,19.406,10872,0
BBT,D,20201021,000000,19.406,19.446,18.854,19.446,4180,0
BBT,D,20201022,000000,19.248,19.939,19.248,19.841,8310,0
BBT,D,20201023,000000,19.939,20.137,19.545,19.989,8861,0
BBT,D,20201026,000000,20.334,21.272,19.989,20.926,39476,0
BBT,D,20201027,000000,20.729,21.716,20.729,20.729,28962,0
BBT,D,20201028,000000,20.926,20.926,18.834,19.248,31754,0
BBT,D,20201029,000000,19.248,19.939,18.952,19.841,15533,0
BBT,D,20201030,000000,19.564,19.89,19.189,19.347,6165,0
BBT,D,20201102,000000,19.742,20.235,19.268,19.841,6508,0
BBT,D,20201103,000000,20.137,20.235,19.742,20.087,5001,0
BBT,D,20201104,000000,19.742,20.729,19.742,20.482,7981,0
BBT,D,20201105,000000,20.186,20.433,19.248,20.235,24079,0
BBT,D,20201106,000000,20.235,20.235,19.742,19.841,7524,0
BBT,D,20201109,000000,19.742,19.742,18.952,19.446,39563,0
BBT,D,20201110,000000,19.446,19.446,18.557,19.051,32319,0
BBT,D,20201112,000000,18.952,19.09,18.656,19.051,17525,0
BBT,D,20201113,000000,19.406,19.406,18.755,19.189,7221,0
BBT,D,20201116,000000,19.169,19.169,18.755,18.952,15262,0
BBT,D,20201117,000000,18.854,18.854,18.557,18.715,17634,0
BBT,D,20201118,000000,18.735,18.952,18.498,18.893,14901,0
BBT,D,20201119,000000,18.992,19.051,18.557,19.051,8317,0
BBT,D,20201120,000000,19.051,19.288,18.636,18.755,23962,0
BBT,D,20201123,000000,18.873,18.873,17.965,18.459,52436,0
BBT,D,20201124,000000,18.518,18.696,18.459,18.459,15125,0
BBT,D,20201125,000000,18.459,18.459,17.985,18.084,19047,0
BBT,D,20201126,000000,18.34,18.34,17.294,17.689,19154,0
BBT,D,20201127,000000,17.689,17.768,17.432,17.649,6198,0
BBT,D,20201130,000000,17.333,17.333,16.682,16.761,30280,0
BBT,D,20201201,000000,16.761,17.748,16.228,17.472,27714,0
BBT,D,20201202,000000,17.649,17.649,17.175,17.235,4939,0
BBT,D,20201203,000000,17.235,17.768,17.235,17.669,6741,0
BBT,D,20201204,000000,17.768,17.768,16.8,17.669,2909,0
BBT,D,20201207,000000,16.642,17.175,16.386,16.978,46776,0
BBT,D,20201208,000000,16.978,16.978,16.445,16.8,5131,0
BBT,D,20201209,000000,16.978,16.978,16.642,16.879,11338,0
BBT,D,20201210,000000,16.682,16.919,16.583,16.82,8592,0
BBT,D,20201211,000000,16.86,16.939,16.346,16.583,13044,0
BBT,D,20201214,000000,16.583,16.761,15.103,15.655,29652,0
BBT,D,20201215,000000,15.794,16.09,15.655,15.991,10161,0
BBT,D,20201216,000000,15.991,16.702,15.991,16.682,10007,0
BBT,D,20201217,000000,16.879,17.63,16.879,17.63,17605,0
BBT,D,20201218,000000,17.61,17.61,16.465,17.254,7901,0
BBT,D,20201221,000000,17.235,17.235,15.991,15.991,8138,0
BBT,D,20201222,000000,16.011,16.781,16.011,16.188,7125,0
BBT,D,20201223,000000,16.386,16.485,15.991,16.386,12440,0
BBT,D,20201228,000000,16.011,16.287,15.892,16.248,62746,0
BBT,D,20201229,000000,16.287,17.274,16.287,17.175,16269,0
BBT,D,20201230,000000,17.175,17.175,16.781,16.781,12730,0
BBT,D,20210104,000000,17.866,17.866,16.978,16.978,10440,0
BBT,D,20210105,000000,17.531,18.261,17.531,18.163,21717,0
BBT,D,20210107,000000,18.399,19.209,18.399,18.972,27855,0
BBT,D,20210108,000000,18.952,19.051,18.498,18.794,9191,0
BBT,D,20210111,000000,18.913,19.15,18.656,18.755,7677,0
BBT,D,20210112,000000,19.051,19.15,18.005,18.123,7349,0
BBT,D,20210113,000000,18.064,18.38,18.064,18.084,3338,0
BBT,D,20210114,000000,18.143,18.143,17.57,17.709,6349,0
BBT,D,20210115,000000,17.472,17.985,17.314,17.945,6367,0
BBT,D,20210118,000000,18.242,18.952,17.965,18.261,15322,0
BBT,D,20210119,000000,18.459,18.755,18.064,18.182,6022,0
BBT,D,20210120,000000,18.261,18.281,18.064,18.261,5852,0
BBT,D,20210121,000000,18.103,18.459,18.103,18.242,2186,0
BBT,D,20210122,000000,18.498,18.498,18.084,18.163,1801,0
BBT,D,20210125,000000,17.59,18.143,17.59,17.768,4064,0
BBT,D,20210126,000000,17.669,17.669,16.011,17.274,13667,0
BBT,D,20210127,000000,17.551,18.024,17.294,17.294,12706,0
BBT,D,20210128,000000,17.077,18.143,16.8,17.768,14255,0
BBT,D,20210129,000000,17.768,17.965,17.333,17.965,4609,0
BBT,D,20210201,000000,18.123,18.143,17.393,17.787,3569,0
BBT,D,20210202,000000,18.005,18.005,17.57,17.945,733,0
BBT,D,20210203,000000,17.866,17.965,17.59,17.945,4817,0
BBT,D,20210204,000000,17.689,17.748,16.899,16.978,22036,0
BBT,D,20210205,000000,16.82,17.551,16.82,17.254,4465,0
BBT,D,20210208,000000,17.551,18.163,17.551,17.926,22030,0
BBT,D,20210209,000000,17.965,18.854,17.965,18.834,32491,0
BBT,D,20210210,000000,18.893,19.13,18.656,18.913,23996,0
BBT,D,20210211,000000,18.913,18.913,18.498,18.696,5721,0
BBT,D,20210212,000000,18.755,18.893,18.419,18.794,28861,0
BBT,D,20210215,000000,19.051,19.545,18.952,19.15,20857,0
BBT,D,20210216,000000,19.248,19.288,18.854,19.011,9741,0
BBT,D,20210217,000000,19.011,19.229,18.854,18.854,7558,0
BBT,D,20210218,000000,19.13,19.13,18.36,18.656,13657,0
BBT,D,20210219,000000,18.755,18.854,18.38,18.38,5158,0
BBT,D,20210222,000000,18.656,18.696,18.261,18.261,7374,0
BBT,D,20210223,000000,18.301,18.498,17.274,17.649,15925,0
BBT,D,20210224,000000,17.294,18.064,17.294,17.748,3480,0
BBT,D,20210225,000000,17.965,18.064,17.412,17.57,4158,0
BBT,D,20210226,000000,17.294,17.669,17.294,17.294,9208,0
BBT,D,20210301,000000,17.728,17.728,17.294,17.709,3095,0
BBT,D,20210302,000000,17.412,17.768,17.393,17.768,2907,0
BBT,D,20210303,000000,17.768,18.064,17.314,17.59,8888,0
BBT,D,20210304,000000,18.103,18.103,17.472,17.669,17688,0
BBT,D,20210305,000000,17.866,18.261,17.57,18.123,8215,0
BBT,D,20210308,000000,18.301,18.952,18.281,18.755,13775,0
BBT,D,20210309,000000,18.854,18.952,18.36,18.755,8489,0
BBT,D,20210310,000000,18.735,18.834,18.557,18.755,5859,0
BBT,D,20210311,000000,18.36,18.755,18.36,18.38,3413,0
BBT,D,20210312,000000,18.459,18.557,18.36,18.498,1998,0
BBT,D,20210315,000000,18.498,18.498,17.373,18.242,8682,0
BBT,D,20210316,000000,18.064,18.064,17.432,17.768,8283,0
BBT,D,20210317,000000,17.768,18.242,15.991,17.235,66190,0
BBT,D,20210318,000000,17.373,18.242,16.939,17.866,10265,0
BBT,D,20210319,000000,17.866,21.321,17.314,21.321,120769,0
BBT,D,20210322,000000,21.914,22.111,19.989,20.729,97507,0
BBT,D,20210323,000000,20.285,20.63,19.643,20.087,15163,0
BBT,D,20210324,000000,19.791,19.841,18.873,19.248,15511,0
BBT,D,20210325,000000,19.248,19.248,18.577,19.09,6986,0
BBT,D,20210326,000000,18.854,20.137,18.794,20.137,10398,0
BBT,D,20210329,000000,20.235,21.815,20.235,21.321,63620,0
BBT,D,20210330,000000,21.173,22.21,20.433,20.532,62177,0
BBT,D,20210331,000000,21.42,21.519,20.63,21.519,10063,0
BBT,D,20210401,000000,21.223,22.21,20.877,21.617,25505,0
BBT,D,20210406,000000,23.049,24.184,22.703,23.789,110452,0
BBT,D,20210407,000000,23.937,25.023,23.838,24.875,64085,0
BBT,D,20210408,000000,24.924,24.924,23.789,24.579,29797,0
BBT,D,20210409,000000,24.579,24.579,23.937,24.381,10813,0
BBT,D,20210412,000000,24.677,24.776,24.085,24.48,20463,0
BBT,D,20210413,000000,24.579,26.849,24.48,26.849,71783,0
BBT,D,20210414,000000,26.652,26.997,25.961,26.652,24267,0
BBT,D,20210415,000000,26.454,26.652,25.862,26.405,9854,0
BBT,D,20210416,000000,26.059,26.652,26.059,26.306,7258,0
BBT,D,20210419,000000,26.553,28.034,25.615,25.615,50936,0
BBT,D,20210420,000000,25.665,26.355,24.085,25.665,31526,0
BBT,D,20210421,000000,25.418,26.454,24.381,25.418,22922,0
BBT,D,20210422,000000,25.467,26.652,25.27,26.158,10236,0
BBT,D,20210423,000000,26.553,26.948,25.319,26.059,27882,0
BBT,D,20210426,000000,26.849,29.021,26.75,29.021,43669,0
BBT,D,20210427,000000,29.021,29.119,27.688,28.626,10640,0
BBT,D,20210428,000000,28.823,29.218,28.33,28.626,10996,0
BBT,D,20210429,000000,28.626,28.873,28.132,28.478,7532,0
BBT,D,20210430,000000,28.626,30.008,28.231,29.021,18331,0
BBT,D,20210504,000000,30.304,32.426,30.106,32.179,60272,0
BBT,D,20210505,000000,32.229,32.229,30.699,31.39,11460,0
BBT,D,20210506,000000,29.317,29.317,25.072,26.059,100941,0
BBT,D,20210507,000000,26.059,27.046,24.677,26.8,38070,0
BBT,D,20210510,000000,26.158,26.355,23.789,23.789,81356,0
BBT,D,20210511,000000,23.986,24.184,22.901,23.69,24072,0
BBT,D,20210512,000000,23.69,24.184,23.147,23.147,11864,0
BBT,D,20210513,000000,23.147,24.381,22.21,24.085,26853,0
BBT,D,20210514,000000,24.727,24.727,23.394,23.74,17367,0
BBT,D,20210517,000000,23.838,24.776,23.69,23.888,11625,0
BBT,D,20210518,000000,23.69,24.184,23.197,23.69,13539,0
BBT,D,20210519,000000,23.246,24.233,22.703,23.69,15973,0
BBT,D,20210520,000000,23.69,24.825,23.641,24.825,14209,0
BBT,D,20210521,000000,25.023,26.849,24.283,26.405,45436,0
BBT,D,20210524,000000,26.652,26.652,25.961,26.355,9303,0
BBT,D,20210525,000000,26.355,26.75,26.059,26.158,8646,0
BBT,D,20210526,000000,26.158,26.602,25.961,26.602,2689,0
BBT,D,20210527,000000,26.355,26.355,24.184,24.974,34410,0
BBT,D,20210528,000000,25.023,25.368,24.233,24.579,15163,0
BBT,D,20210531,000000,24.677,26.059,24.677,25.665,11543,0
BBT,D,20210601,000000,26.059,27.145,25.665,26.405,14860,0
BBT,D,20210602,000000,26.849,26.997,26.405,26.652,8388,0
BBT,D,20210604,000000,26.602,26.602,24.875,25.961,10677,0
BBT,D,20210607,000000,28.626,29.317,27.244,27.589,79931,0
BBT,D,20210608,000000,27.639,27.639,26.701,27.244,8016,0
BBT,D,20210609,000000,27.293,28.527,27.195,28.132,21610,0
BBT,D,20210610,000000,28.132,28.527,27.441,27.441,7637,0
BBT,D,20210611,000000,27.54,28.034,27.145,27.441,5174,0
BBT,D,20210614,000000,27.343,27.343,25.862,26.355,13638,0
BBT,D,20210615,000000,26.898,26.898,25.023,25.566,11621,0
BBT,D,20210616,000000,25.911,26.059,25.319,25.566,5115,0
BBT,D,20210617,000000,25.319,25.813,24.875,25.615,4395,0
BBT,D,20210618,000000,25.665,25.961,25.27,25.368,3530,0
BBT,D,20210621,000000,25.862,25.862,24.974,25.467,6592,0
BBT,D,20210622,000000,24.875,25.615,24.875,25.27,10275,0
BBT,D,20210623,000000,25.27,25.516,25.023,25.22,2281,0
BBT,D,20210624,000000,24.924,26.059,24.875,24.974,5926,0
BBT,D,20210625,000000,25.072,25.319,24.825,25.22,2750,0
BBT,D,20210628,000000,25.122,25.122,23.74,24.233,24315,0
BBT,D,20210629,000000,24.283,24.431,23.789,23.937,10742,0
BBT,D,20210630,000000,24.431,24.48,23.937,24.431,2901,0
BBT,D,20210701,000000,23.69,24.332,23.197,23.937,8007,0
BBT,D,20210702,000000,23.888,24.135,23.789,23.789,2979,0
BBT,D,20210705,000000,23.986,23.986,23.098,23.345,18354,0
BBT,D,20210706,000000,23.345,23.493,23.147,23.345,4953,0
BBT,D,20210707,000000,23.444,24.381,23.246,24.233,8513,0
BBT,D,20210708,000000,24.184,24.48,23.888,23.986,4140,0
BBT,D,20210709,000000,24.135,24.135,23.592,23.592,6136,0
BBT,D,20210712,000000,23.69,23.986,23.592,23.592,3291,0
BBT,D,20210713,000000,23.69,23.69,23.197,23.592,2691,0
BBT,D,20210714,000000,23.345,23.542,22.703,23.444,7629,0
BBT,D,20210715,000000,23.098,23.444,22.999,23.147,1965,0
BBT,D,20210716,000000,23.098,23.394,22.851,23.098,3847,0
BBT,D,20210719,000000,23.049,23.049,21.223,22.456,20292,0
BBT,D,20210720,000000,22.407,22.407,21.568,21.914,11902,0
BBT,D,20210721,000000,22.111,22.753,21.716,21.864,15181,0
BBT,D,20210722,000000,21.914,22.21,21.914,21.963,1329,0
BBT,D,20210723,000000,21.963,22.703,21.716,22.703,14886,0
BBT,D,20210726,000000,22.21,23.049,22.21,22.703,6651,0
BBT,D,20210727,000000,23.295,23.789,22.999,23.789,6481,0
BBT,D,20210728,000000,23.74,23.937,23.197,23.937,4127,0
BBT,D,20210729,000000,23.69,23.69,22.506,23.197,9780,0
BBT,D,20210730,000000,23.197,23.197,21.914,22.703,9772,0
BBT,D,20210802,000000,22.407,22.703,22.407,22.654,4276,0
BBT,D,20210803,000000,22.654,22.703,22.407,22.555,1438,0
BBT,D,20210804,000000,22.802,22.802,22.358,22.555,6982,0
BBT,D,20210805,000000,22.703,23.74,22.506,23.74,6204,0
BBT,D,20210806,000000,23.592,23.641,22.308,22.703,24716,0
BBT,D,20210809,000000,22.999,23.493,21.963,22.753,20239,0
BBT,D,20210810,000000,22.753,23.69,22.753,23.295,8997,0
BBT,D,20210811,000000,23.295,23.295,22.703,23.049,3383,0
BBT,D,20210812,000000,23.888,23.888,22.753,23.493,8662,0
BBT,D,20210813,000000,23.444,23.493,22.21,22.901,4718,0
BBT,D,20210816,000000,22.999,23.197,20.729,22.012,33926,0
BBT,D,20210817,000000,21.864,22.111,21.321,22.012,11656,0
BBT,D,20210818,000000,21.963,22.111,21.519,22.062,6219,0
BBT,D,20210819,000000,21.716,22.111,21.025,21.469,7163,0
BBT,D,20210820,000000,21.223,21.963,21.223,21.617,3792,0
BBT,D,20210823,000000,21.568,22.012,21.568,21.716,5133,0
BBT,D,20210824,000000,21.617,22.506,21.617,22.308,2102,0
BBT,D,20210825,000000,22.308,22.555,21.716,22.555,4739,0
BBT,D,20210826,000000,22.506,23.246,22.308,22.654,15556,0
BBT,D,20210827,000000,22.456,22.901,22.407,22.506,2136,0
BBT,D,20210830,000000,22.506,22.851,21.568,21.667,10605,0
BBT,D,20210831,000000,21.716,22.062,21.568,22.062,3304,0
BBT,D,20210901,000000,21.716,22.456,21.568,22.308,7675,0
BBT,D,20210902,000000,21.914,22.259,21.815,22.012,5051,0
BBT,D,20210903,000000,21.963,22.21,21.765,22.21,3809,0
BBT,D,20210906,000000,22.506,22.703,22.012,22.308,6339,0
BBT,D,20210907,000000,22.111,22.407,21.617,22.111,6370,0
BBT,D,20210908,000000,22.308,22.308,21.617,22.259,3883,0
BBT,D,20210909,000000,22.012,22.259,21.716,22.111,1097,0
BBT,D,20210910,000000,22.111,22.111,21.223,21.716,7096,0
BBT,D,20210913,000000,21.617,21.914,21.568,21.617,13944,0
BBT,D,20210914,000000,21.914,21.914,21.568,21.716,3178,0
BBT,D,20210915,000000,21.914,22.16,21.617,21.716,2301,0
BBT,D,20210916,000000,22.062,22.062,21.469,21.815,3237,0
BBT,D,20210917,000000,21.716,22.21,21.716,22.16,4381,0
BBT,D,20210920,000000,21.765,22.062,21.173,21.321,10150,0
BBT,D,20210921,000000,21.321,21.815,20.926,21.617,3152,0
BBT,D,20210922,000000,21.371,21.765,20.926,21.469,15825,0
BBT,D,20210923,000000,21.42,21.914,21.42,21.815,10530,0
BBT,D,20210924,000000,21.716,22.062,19.742,19.841,119471,0
BBT,D,20210927,000000,19.742,19.742,19.071,19.742,18446,0
BBT,D,20210928,000000,19.545,20.334,19.545,19.643,8469,0
BBT,D,20210929,000000,19.545,20.186,19.505,19.989,7742,0
BBT,D,20210930,000000,19.742,19.742,19.15,19.545,9936,0
BBT,D,20211001,000000,19.643,19.702,19.446,19.643,21125,0
BBT,D,20211004,000000,20.087,20.137,19.446,19.525,29162,0
BBT,D,20211005,000000,19.643,20.038,19.525,19.525,27340,0
BBT,D,20211006,000000,19.742,20.087,19.446,19.545,24901,0
BBT,D,20211007,000000,19.742,19.939,19.406,19.841,5740,0
BBT,D,20211008,000000,19.742,19.841,19.15,19.248,23615,0
BBT,D,20211011,000000,19.367,20.038,19.367,20.038,10339,0
BBT,D,20211012,000000,19.939,20.038,19.683,20.038,6166,0
BBT,D,20211013,000000,19.989,19.989,19.643,19.742,4405,0
BBT,D,20211014,000000,19.989,20.038,19.268,19.702,3623,0
BBT,D,20211015,000000,19.702,19.89,19.545,19.742,5173,0
BBT,D,20211018,000000,19.643,19.643,18.952,19.248,10669,0
BBT,D,20211019,000000,19.071,19.15,18.182,18.656,17002,0
BBT,D,20211020,000000,18.557,18.656,17.965,18.103,21302,0
BBT,D,20211021,000000,18.656,18.735,18.182,18.735,4930,0
BBT,D,20211022,000000,18.755,19.229,18.755,19.229,5998,0
BBT,D,20211025,000000,19.229,19.229,18.36,18.755,14456,0
BBT,D,20211026,000000,18.656,18.735,18.182,18.656,2347,0
BBT,D,20211027,000000,18.735,18.735,16.978,18.439,12724,0
BBT,D,20211028,000000,18.36,18.439,18.084,18.419,3181,0
BBT,D,20211029,000000,18.34,18.459,18.163,18.36,6400,0
BBT,D,20211102,000000,18.7,19,18.64,18.8,3814,0
BBT,D,20211103,000000,18.94,19.4,18.94,19.4,3487,0
BBT,D,20211104,000000,19,19.28,19,19.16,3161,0
BBT,D,20211105,000000,19.56,19.86,18.8,19.22,11259,0
BBT,D,20211108,000000,19.02,19.04,18.5,18.98,5785,0
BBT,D,20211109,000000,18.98,18.98,18.4,18.5,3128,0
BBT,D,20211110,000000,18.4,18.5,17.8,17.8,6807,0
BBT,D,20211112,000000,18,18.36,17.84,18.14,6323,0
BBT,D,20211115,000000,18.14,18.14,17.34,17.42,14179,0
BBT,D,20211116,000000,17.88,17.88,17.14,17.5,4536,0
BBT,D,20211117,000000,17.5,17.5,17.1,17.1,4398,0
BBT,D,20211118,000000,16.26,17,16,16.66,12129,0
BBT,D,20211119,000000,16.94,17.5,16.5,16.92,10191,0
BBT,D,20211122,000000,17.56,17.56,16.4,16.4,9028,0
BBT,D,20211123,000000,17,17.04,16,16.96,16042,0
BBT,D,20211124,000000,16.98,17,16.24,16.62,4363,0
BBT,D,20211125,000000,16.82,17.44,16.44,16.44,12886,0
BBT,D,20211126,000000,16.22,16.74,15.82,16.16,25406,0
BBT,D,20211129,000000,16.48,16.48,15.84,16.2,3249,0
BBT,D,20211130,000000,16.04,16.38,16.02,16.36,4625,0
BBT,D,20211201,000000,16.34,16.88,16.34,16.84,5420,0
BBT,D,20211202,000000,16.86,17.66,16.66,17.3,13825,0
BBT,D,20211203,000000,17.34,17.8,16.9,17.8,10915,0
BBT,D,20211206,000000,18,18.38,17.8,18,10746,0
BBT,D,20211207,000000,18,18.1,17.86,17.86,3482,0
BBT,D,20211208,000000,18.1,18.1,17.32,17.66,2645,0
BBT,D,20211209,000000,17.48,17.76,17.48,17.76,2461,0
BBT,D,20211210,000000,17.52,17.52,17.2,17.52,2843,0
BBT,D,20211213,000000,17.52,17.52,16.9,16.98,7368,0
BBT,D,20211214,000000,17.26,17.26,16.5,16.5,14189,0
BBT,D,20211215,000000,17.02,17.68,17.02,17.26,15766,0
BBT,D,20211216,000000,16.94,17.4,16.94,17.4,4132,0
BBT,D,20211217,000000,17.4,17.5,17.16,17.42,3218,0
BBT,D,20211220,000000,17.22,17.4,16.9,17.2,9856,0
BBT,D,20211221,000000,17,17.26,16.9,17.26,9238,0
BBT,D,20211222,000000,17.4,18.04,17.1,18,25270,0
BBT,D,20211223,000000,18.02,19.3,18.02,19.12,44141,0
BBT,D,20211227,000000,19.12,19.3,18.5,18.96,15534,0
BBT,D,20211228,000000,18.8,19.7,18.66,19.3,22619,0
BBT,D,20211229,000000,19.7,20.3,19.12,20,16252,0
BBT,D,20211230,000000,20.35,20.4,19.9,20.25,20348,0
BBT,D,20220103,000000,20.2,21,19.7,20.2,15114,0
BBT,D,20220104,000000,20.9,20.9,19.84,20.35,15998,0
BBT,D,20220105,000000,20.35,20.35,19.8,20.25,6863,0
BBT,D,20220107,000000,20.25,20.75,20.2,20.2,4473,0
BBT,D,20220110,000000,20.35,20.35,19.54,19.8,8727,0
BBT,D,20220111,000000,19.8,20.2,19.34,20.2,11669,0
BBT,D,20220112,000000,20,20.7,19.78,20.45,11152,0
BBT,D,20220113,000000,20.5,20.5,19.74,20.2,4430,0
BBT,D,20220114,000000,20,20,19.74,19.98,2917,0
BBT,D,20220117,000000,20,20,19.78,20,2320,0
BBT,D,20220118,000000,19.82,20.4,19.7,19.9,4185,0
BBT,D,20220119,000000,19.6,20,19.5,20,5291,0
BBT,D,20220120,000000,20.3,20.3,19.16,19.7,7842,0
BBT,D,20220121,000000,19.42,19.74,18.2,19.46,18728,0
BBT,D,20220124,000000,19.46,19.46,17.6,18.8,12927,0
BBT,D,20220125,000000,18,18.7,18,18.48,5104,0
BBT,D,20220126,000000,18.48,18.6,18.2,18.6,4468,0
BBT,D,20220127,000000,18.62,18.7,18.42,18.42,4966,0
BBT,D,20220128,000000,18.42,18.42,17.6,17.62,3935,0
BBT,D,20220131,000000,18,18.64,18,18.2,2727,0
BBT,D,20220201,000000,17.8,18.38,17.8,18.38,8485,0
BBT,D,20220202,000000,17.88,18.38,17.88,18.38,4227,0
BBT,D,20220203,000000,18.04,18.34,17.8,18.3,8626,0
BBT,D,20220204,000000,18.3,18.6,18.1,18.1,2257,0
BBT,D,20220207,000000,18.48,18.6,17.96,18.4,3681,0
BBT,D,20220208,000000,18.2,18.56,17.8,17.8,3362,0
BBT,D,20220209,000000,18.1,18.4,18,18,1795,0
BBT,D,20220210,000000,18.02,18.2,17.94,18.18,1129,0
BBT,D,20220211,000000,18,18.4,17.88,18.38,3098,0
BBT,D,20220214,000000,18.02,18.02,17.5,17.96,5016,0
BBT,D,20220215,000000,17.9,18.1,17.6,18.02,5397,0
BBT,D,20220216,000000,18.08,18.1,17.8,18,1841,0
BBT,D,20220217,000000,17.72,18,17.5,17.8,3598,0
BBT,D,20220218,000000,17.5,17.78,17.04,17.4,4516,0
BBT,D,20220221,000000,17.1,17.1,16.5,17.1,9415,0
BBT,D,20220222,000000,16.58,17.1,16.4,17.1,3253,0
BBT,D,20220223,000000,17.1,17.1,16.64,16.68,3349,0
BBT,D,20220224,000000,16,16.5,14.5,15.7,28863,0
BBT,D,20220225,000000,14.72,17.44,14.72,17.44,8322,0
BBT,D,20220228,000000,16.9,17.6,16.9,17.2,4966,0
BBT,D,20220301,000000,17.18,17.58,16.06,17.1,12098,0
BBT,D,20220302,000000,16.56,17.16,16.56,16.8,4209,0
BBT,D,20220303,000000,16.6,16.8,16.02,16.3,3474,0
BBT,D,20220304,000000,16.04,16.6,16,16.6,3614,0
BBT,D,20220307,000000,16.16,16.4,13.22,15,34516,0
BBT,D,20220308,000000,15.26,15.72,14.3,15.32,2009,0
BBT,D,20220309,000000,14.86,15.7,14.86,15.7,2566,0
BBT,D,20220310,000000,16,16,15.02,15.8,2325,0
BBT,D,20220311,000000,15.4,15.72,14.6,15.72,17895,0
BBT,D,20220314,000000,15.7,15.7,14.96,15.1,11827,0
BBT,D,20220315,000000,15.1,15.48,15,15.24,3702,0
BBT,D,20220316,000000,15.12,15.46,15,15.44,9996,0
BBT,D,20220317,000000,15.44,15.44,14.98,15.2,13140,0
BBT,D,20220318,000000,15.32,15.32,14.8,14.94,8069,0
BBT,D,20220321,000000,14.9,15.2,14.8,15,3978,0
BBT,D,20220322,000000,14.84,14.98,14.7,14.9,4939,0
BBT,D,20220323,000000,15,15.2,14.7,14.76,3669,0
BBT,D,20220324,000000,15.08,15.18,14.9,15.1,4163,0
BBT,D,20220325,000000,15.24,15.3,15.1,15.1,1586,0
BBT,D,20220328,000000,15.1,15.32,15.1,15.16,889,0
BBT,D,20220329,000000,15.4,15.4,15.22,15.4,1308,0
BBT,D,20220330,000000,15.44,15.44,15.26,15.38,1113,0
BBT,D,20220331,000000,15.44,15.44,15.18,15.18,2041,0
BBT,D,20220401,000000,15.18,15.18,14.82,14.92,1575,0
BBT,D,20220404,000000,14.92,15.38,14.4,15.08,4311,0
BBT,D,20220405,000000,15,15.76,15,15.5,6935,0
BBT,D,20220406,000000,15.5,15.5,14.8,15.06,4631,0
BBT,D,20220407,000000,15,15,14.82,15,866,0
BBT,D,20220408,000000,14.82,14.98,14.66,14.98,1385,0
BBT,D,20220411,000000,14.72,14.72,14.7,14.72,1101,0
BBT,D,20220412,000000,14.58,14.9,14.52,14.52,1240,0
BBT,D,20220413,000000,14.52,14.52,14.2,14.5,3750,0
BBT,D,20220414,000000,14.52,15.3,14.52,15.3,1754,0
BBT,D,20220419,000000,15.5,15.5,14.62,15.2,596,0
BBT,D,20220420,000000,15,15,14.72,14.82,925,0
BBT,D,20220421,000000,14.9,15.26,14.8,14.88,1059,0
BBT,D,20220422,000000,14.8,14.8,14.62,14.62,918,0
