<TICKER>,<PER>,<DATE>,<TIME>,<OPEN>,<HIGH>,<LOW>,<CLOSE>,<VOL>,<OPENINT>
BIP,D,20150401,000000,7.036,7.6487,6.3181,6.3852,14682,0
BIP,D,20150402,000000,6.9882,8.271,6.9882,7.6392,15064,0
BIP,D,20150407,000000,8.6156,8.6156,7.7444,7.821,2284,0
BIP,D,20150408,000000,8.0412,8.0412,8.0125,8.0412,2327,0
BIP,D,20150409,000000,7.8497,7.8497,7.8497,7.8497,397,0
BIP,D,20150410,000000,7.6679,7.6679,7.6583,7.6583,565,0
BIP,D,20150413,000000,7.6583,7.6583,7.6296,7.6296,521,0
BIP,D,20150414,000000,7.3233,7.3233,7.3233,7.3233,345,0
BIP,D,20150415,000000,7.0073,7.3712,7.0073,7.3712,616,0
BIP,D,20150416,000000,7.6392,7.6392,7.6392,7.6392,10,0
BIP,D,20150417,000000,7.5626,7.5626,7.5052,7.5052,361,0
BIP,D,20150420,000000,7.2084,7.6487,7.2084,7.6487,2634,0
BIP,D,20150422,000000,7.4668,7.4668,7.4668,7.4668,2152,0
BIP,D,20150423,000000,7.4668,7.4668,7.4668,7.4668,313,0
BIP,D,20150424,000000,7.5147,7.5147,7.5147,7.5147,96,0
BIP,D,20150427,000000,7.5913,7.5913,7.5913,7.5913,334,0
BIP,D,20150428,000000,7.5626,7.5626,7.5626,7.5626,334,0
BIP,D,20150429,000000,7.1892,7.1892,7.1797,7.1797,4826,0
BIP,D,20150505,000000,7.553,7.553,7.553,7.553,112,0
BIP,D,20150507,000000,7.5147,7.5147,7.1797,7.1797,1286,0
BIP,D,20150508,000000,7.1797,7.1797,7.1797,7.1797,6429,0
BIP,D,20150511,000000,7.6105,7.6105,7.6105,7.6105,734,0
BIP,D,20150514,000000,7.486,8.0412,7.486,8.0412,5460,0
BIP,D,20150515,000000,8.3284,8.5868,8.3189,8.5868,677,0
BIP,D,20150518,000000,8.6156,8.6156,7.8307,8.3954,742,0
BIP,D,20150519,000000,8.3954,8.3954,8.0412,8.0412,522,0
BIP,D,20150521,000000,8.0412,8.0412,8.0412,8.0412,835,0
BIP,D,20150522,000000,8.0412,8.0412,8.0412,8.0412,543,0
BIP,D,20150525,000000,8.137,8.137,8.137,8.137,52,0
BIP,D,20150526,000000,8.137,8.137,7.9455,7.9455,366,0
BIP,D,20150527,000000,8.0412,8.0412,8.0412,8.0412,157,0
BIP,D,20150601,000000,8.1274,8.1274,8.1274,8.1274,25,0
BIP,D,20150603,000000,7.9742,7.9742,7.9455,7.9455,1697,0
BIP,D,20150605,000000,7.6679,7.6679,7.6679,7.6679,77,0
BIP,D,20150608,000000,7.9742,7.9742,7.9742,7.9742,21,0
BIP,D,20150610,000000,7.9455,7.9455,7.9455,7.9455,313,0
BIP,D,20150611,000000,8.0412,8.2231,8.0412,8.2231,187,0
BIP,D,20150612,000000,8.2326,8.2326,8.2326,8.2326,61,0
BIP,D,20150615,000000,7.9455,8.1752,7.9455,8.1752,345,0
BIP,D,20150616,000000,7.9455,7.9455,7.9455,7.9455,345,0
BIP,D,20150617,000000,7.687,7.687,7.687,7.687,784,0
BIP,D,20150618,000000,7.6966,7.6966,7.6966,7.6966,209,0
BIP,D,20150622,000000,7.6966,7.6966,7.6966,7.6966,324,0
BIP,D,20150624,000000,7.7062,7.7062,7.6775,7.6966,1271,0
BIP,D,20150625,000000,7.5721,7.9551,7.5721,7.6583,689,0
BIP,D,20150629,000000,7.6105,7.6105,7.5721,7.5818,2418,0
BIP,D,20150709,000000,7.5339,7.5339,7.5339,7.5339,334,0
BIP,D,20150714,000000,7.5434,7.6679,7.5339,7.6583,6539,0
BIP,D,20150716,000000,7.419,7.419,7.419,7.419,83,0
BIP,D,20150720,000000,7.553,7.553,7.553,7.553,209,0
BIP,D,20150722,000000,7.553,7.553,7.5147,7.5147,454,0
BIP,D,20150723,000000,7.6583,7.6583,7.6583,7.6583,1045,0
BIP,D,20150724,000000,7.5147,7.6583,7.5147,7.6583,835,0
BIP,D,20150727,000000,7.6679,7.6679,7.6679,7.6679,188,0
BIP,D,20150728,000000,7.6679,7.6679,7.6679,7.6679,2298,0
BIP,D,20150730,000000,7.7062,7.7541,7.7062,7.7541,1301,0
BIP,D,20150731,000000,7.8497,7.8497,7.8497,7.8497,522,0
BIP,D,20150803,000000,7.9455,8.2039,7.9455,8.2039,3954,0
BIP,D,20150804,000000,8.2326,8.2326,8.2326,8.2326,897,0
BIP,D,20150805,000000,8.606,8.606,8.606,8.606,52,0
BIP,D,20150807,000000,8.606,8.9028,8.606,8.9028,2780,0
BIP,D,20150810,000000,9.0847,9.3722,9.0847,9.3722,63,0
BIP,D,20150811,000000,9.3051,10.818,9.3051,10.53,1458,0
BIP,D,20150812,000000,10.53,10.721,10.042,10.721,759,0
BIP,D,20150813,000000,10.721,11.487,10.721,11.392,2330,0
BIP,D,20150814,000000,11.44,11.487,11.44,11.487,264,0
BIP,D,20150817,000000,11.487,11.487,11.487,11.487,127,0
BIP,D,20150818,000000,11.382,11.382,11.382,11.382,209,0
BIP,D,20150820,000000,11.392,11.487,11.392,11.487,238,0
BIP,D,20150828,000000,10.492,10.98,10.492,10.98,241,0
BIP,D,20150831,000000,10.483,11.382,10.473,11.382,586,0
BIP,D,20150901,000000,11.382,11.392,11.382,11.392,171,0
BIP,D,20150902,000000,11.382,11.382,11.382,11.382,14,0
BIP,D,20150903,000000,11.382,11.392,11.382,11.392,208,0
BIP,D,20150904,000000,11.392,12.445,11.287,11.966,971,0
BIP,D,20150907,000000,11.918,11.918,11.871,11.871,209,0
BIP,D,20150908,000000,11.918,11.966,11.918,11.966,276,0
BIP,D,20150910,000000,11.966,11.966,11.966,11.966,331,0
BIP,D,20150911,000000,11.487,11.487,11.487,11.487,105,0
BIP,D,20150914,000000,11.478,11.487,11.229,11.487,32,0
BIP,D,20150915,000000,11.966,11.966,11.344,11.774,358,0
BIP,D,20150918,000000,11.966,11.966,11.105,11.105,339,0
BIP,D,20150921,000000,11.966,11.966,11.966,11.966,1,0
BIP,D,20150922,000000,11.487,11.497,11.487,11.487,15878,0
BIP,D,20150923,000000,11.966,11.966,11.487,11.487,1568,0
BIP,D,20150924,000000,11.956,11.956,11.956,11.956,140,0
BIP,D,20150929,000000,11.947,11.947,11.947,11.947,111,0
BIP,D,20151006,000000,11.487,11.487,11.487,11.487,522,0
BIP,D,20151007,000000,11.487,12.445,11.487,12.445,11389,0
BIP,D,20151008,000000,10.549,12.445,10.549,12.445,311,0
BIP,D,20151009,000000,12.445,12.445,12.445,12.445,105,0
BIP,D,20151013,000000,12.388,13.402,12.388,13.402,1276,0
BIP,D,20151015,000000,13.402,14.36,13.402,14.263,2481,0
BIP,D,20151016,000000,14.36,14.36,14.36,14.36,10,0
BIP,D,20151019,000000,14.36,14.36,13.402,13.402,2280,0
BIP,D,20151022,000000,14.36,14.36,14.36,14.36,1,0
BIP,D,20151026,000000,14.36,15.316,14.36,14.398,541,0
BIP,D,20151027,000000,15.298,15.298,15.24,15.24,158,0
BIP,D,20151029,000000,14.36,14.36,14.36,14.36,1018,0
BIP,D,20151030,000000,14.36,15.298,14.35,15.298,113,0
BIP,D,20151104,000000,14.829,14.829,14.829,14.829,7,0
BIP,D,20151105,000000,14.838,14.838,14.838,14.838,130,0
BIP,D,20151106,000000,13.402,14.838,13.402,14.838,3487,0
BIP,D,20151109,000000,15.298,15.298,14.55,14.55,104,0
BIP,D,20151110,000000,14.55,14.55,13.881,13.881,276,0
BIP,D,20151112,000000,14.55,15.298,14.55,15.298,8,0
BIP,D,20151113,000000,13.881,15.298,13.881,15.298,86,0
BIP,D,20151116,000000,14.36,15.298,11.487,14.158,1129,0
BIP,D,20151118,000000,13.392,13.392,11.487,11.487,237,0
BIP,D,20151119,000000,11.487,13.392,11.487,11.487,428,0
BIP,D,20151120,000000,13.392,14.809,13.392,14.36,66,0
BIP,D,20151124,000000,13.402,13.594,13.354,13.594,128,0
BIP,D,20151127,000000,13.115,13.392,11.564,13.392,113,0
BIP,D,20151130,000000,11.966,13.306,11.966,13.306,106,0
BIP,D,20151203,000000,12.923,12.923,12.923,12.923,209,0
BIP,D,20151204,000000,11.966,13.306,11.966,13.306,428,0
BIP,D,20151208,000000,12.923,13.306,12.923,13.306,83,0
BIP,D,20151209,000000,13.776,13.776,13.776,13.776,1,0
BIP,D,20151210,000000,12.445,13.641,12.445,13.641,509,0
BIP,D,20151215,000000,12.445,12.445,12.445,12.445,140,0
BIP,D,20151221,000000,12.445,12.445,12.445,12.445,21,0
BIP,D,20151222,000000,11.42,12.34,10.147,12.34,1561,0
BIP,D,20151223,000000,11.44,11.44,11.44,11.44,42,0
BIP,D,20151228,000000,11.44,12.445,11.44,12.445,82,0
BIP,D,20151229,000000,10.588,10.588,10.588,10.588,100,0
BIP,D,20151230,000000,12.445,12.445,9.0942,9.0942,493,0
BIP,D,20160104,000000,10.052,10.53,10.052,10.53,105,0
BIP,D,20160105,000000,10.53,10.53,10.53,10.53,42,0
BIP,D,20160107,000000,10.53,10.53,10.53,10.53,54,0
BIP,D,20160108,000000,10.052,10.521,10.052,10.521,942,0
BIP,D,20160111,000000,9.573,9.573,9.573,9.573,388,0
BIP,D,20160112,000000,10.052,10.052,10.052,10.052,222,0
BIP,D,20160113,000000,10.052,10.052,10.052,10.052,209,0
BIP,D,20160114,000000,10.052,10.53,10.052,10.53,527,0
BIP,D,20160119,000000,10.53,10.53,10.53,10.53,95,0
BIP,D,20160120,000000,10.53,10.53,10.53,10.53,105,0
BIP,D,20160121,000000,10.53,10.53,9.573,9.573,1080,0
BIP,D,20160122,000000,10.53,10.53,10.53,10.53,1,0
BIP,D,20160125,000000,10.052,10.052,10.052,10.052,68,0
BIP,D,20160126,000000,10.53,10.53,9.573,9.573,53,0
BIP,D,20160127,000000,10.53,10.53,9.573,9.573,107,0
BIP,D,20160201,000000,10.53,10.53,10.53,10.53,51,0
BIP,D,20160202,000000,9.717,9.717,9.573,9.573,342,0
BIP,D,20160203,000000,9.573,9.573,9.573,9.573,75,0
BIP,D,20160204,000000,9.86,9.86,9.573,9.573,157,0
BIP,D,20160205,000000,9.86,10.53,9.86,10.53,106,0
BIP,D,20160210,000000,9.573,9.573,9.573,9.573,157,0
BIP,D,20160211,000000,9.4773,9.4773,9.4773,9.4773,105,0
BIP,D,20160212,000000,9.4773,9.4773,9.4773,9.4773,10,0
BIP,D,20160215,000000,9.573,10.434,9.573,10.052,419,0
BIP,D,20160216,000000,9.659,9.659,9.4102,9.4102,445,0
BIP,D,20160218,000000,9.4579,9.4579,9.4579,9.4579,32,0
BIP,D,20160219,000000,9.4579,9.659,9.4579,9.659,167,0
BIP,D,20160222,000000,9.659,10.052,9.573,9.573,209,0
BIP,D,20160223,000000,9.573,9.573,9.4773,9.573,1274,0
BIP,D,20160302,000000,9.573,9.573,9.0942,9.2856,1396,0
BIP,D,20160303,000000,9.2856,9.2856,9.0942,9.0942,306,0
BIP,D,20160304,000000,9.4773,9.4773,9.4773,9.4773,110,0
BIP,D,20160307,000000,9.525,9.573,9.525,9.525,1264,0
BIP,D,20160308,000000,9.4958,9.4958,9.2856,9.2856,214,0
BIP,D,20160309,000000,9.0942,9.0942,9.0942,9.0942,153,0
BIP,D,20160314,000000,9.2856,9.573,9.2378,9.573,1243,0
BIP,D,20160315,000000,9.956,10.434,9.956,10.434,783,0
BIP,D,20160317,000000,10.004,10.014,10.004,10.014,113,0
BIP,D,20160318,000000,10.014,10.014,10.014,10.014,835,0
BIP,D,20160323,000000,9.908,10.339,9.908,10.339,106,0
BIP,D,20160324,000000,9.908,9.908,9.908,9.908,10,0
BIP,D,20160329,000000,10.291,10.339,10.291,10.339,824,0
BIP,D,20160331,000000,10.339,10.377,9.764,9.764,508,0
BIP,D,20160404,000000,10.386,10.386,10.386,10.386,50,0
BIP,D,20160406,000000,10.052,10.052,10.052,10.052,102,0
BIP,D,20160411,000000,10.386,10.655,10.386,10.53,420,0
BIP,D,20160412,000000,10.53,10.53,10.53,10.53,295,0
BIP,D,20160413,000000,10.53,10.53,10.061,10.099,707,0
BIP,D,20160414,000000,10.099,10.53,10.08,10.147,1552,0
BIP,D,20160415,000000,10.339,10.339,10.301,10.301,773,0
BIP,D,20160418,000000,10.319,10.319,10.301,10.301,388,0
BIP,D,20160419,000000,10.301,10.53,10.301,10.53,632,0
BIP,D,20160421,000000,10.53,10.894,10.53,10.894,895,0
BIP,D,20160422,000000,10.894,10.894,10.492,10.492,380,0
BIP,D,20160425,000000,11.057,11.057,11.057,11.057,15,0
BIP,D,20160426,000000,10.53,11.105,10.53,11.105,836,0
BIP,D,20160427,000000,11.105,11.105,10.53,10.53,517,0
BIP,D,20160428,000000,10.53,10.53,10.53,10.53,101,0
BIP,D,20160504,000000,11.057,11.057,10.53,10.53,830,0
BIP,D,20160506,000000,11.057,11.057,11.057,11.057,21,0
BIP,D,20160509,000000,10.53,10.53,10.53,10.53,342,0
BIP,D,20160511,000000,10.549,10.559,10.549,10.559,193,0
BIP,D,20160512,000000,10.626,10.626,10.626,10.626,17,0
BIP,D,20160513,000000,10.808,10.808,10.339,10.53,1866,0
BIP,D,20160516,000000,10.339,10.339,10.339,10.339,293,0
BIP,D,20160519,000000,10.53,10.53,10.53,10.53,324,0
BIP,D,20160523,000000,10.339,10.339,10.195,10.195,103,0
BIP,D,20160524,000000,10.195,10.195,10.147,10.147,350,0
BIP,D,20160525,000000,10.147,10.147,9.4199,9.4199,669,0
BIP,D,20160601,000000,9.573,9.573,8.8549,8.8549,1703,0
BIP,D,20160602,000000,8.9028,8.9028,8.9028,8.9028,178,0
BIP,D,20160609,000000,9.4579,9.4579,9.4579,9.4579,167,0
BIP,D,20160613,000000,9.381,9.381,9.381,9.381,188,0
BIP,D,20160624,000000,8.9507,9.381,8.7688,9.381,805,0
BIP,D,20160708,000000,9.3722,9.381,9.3722,9.381,1533,0
BIP,D,20160711,000000,8.9986,8.9986,8.9986,8.9986,65,0
BIP,D,20160712,000000,9.2378,9.2378,9.2378,9.2378,42,0
BIP,D,20160714,000000,9.4773,9.4773,9.0942,9.381,334,0
BIP,D,20160715,000000,9.381,9.381,9.381,9.381,42,0
BIP,D,20160720,000000,8.6156,9.0368,8.6156,9.0368,53,0
BIP,D,20160725,000000,9.0368,9.0368,9.0368,9.0368,18,0
BIP,D,20160726,000000,8.6156,8.6156,8.137,8.137,432,0
BIP,D,20160727,000000,8.137,8.137,7.8881,8.1274,516,0
BIP,D,20160728,000000,7.8594,8.0891,7.8594,8.0891,283,0
BIP,D,20160804,000000,7.8307,8.0891,7.7062,8.0891,2568,0
BIP,D,20160808,000000,7.7732,7.7732,7.7732,7.7732,136,0
BIP,D,20160809,000000,7.7253,7.7253,7.7253,7.7253,136,0
BIP,D,20160810,000000,8.0604,8.0604,8.0604,8.0604,522,0
BIP,D,20160812,000000,7.8976,8.0604,7.5626,7.7636,1722,0
BIP,D,20160816,000000,7.9934,7.9934,7.9934,7.9934,105,0
BIP,D,20160824,000000,7.7541,7.7541,7.7541,7.7541,436,0
BIP,D,20160826,000000,7.7636,7.7636,7.7541,7.7541,645,0
BIP,D,20160829,000000,7.7253,7.7253,7.7253,7.7253,5,0
BIP,D,20160830,000000,7.7253,7.7253,7.7253,7.7253,59,0
BIP,D,20160831,000000,7.7253,7.7253,7.5626,7.5626,1513,0
BIP,D,20160902,000000,7.7349,8.0795,7.7349,7.9551,459,0
BIP,D,20160905,000000,8.0699,8.0699,8.0699,8.0699,157,0
BIP,D,20160909,000000,8.4241,8.4241,8.4241,8.4241,20,0
BIP,D,20160913,000000,8.4241,8.4241,8.4241,8.4241,55,0
BIP,D,20160914,000000,8.0604,8.0604,8.0604,8.0604,75,0
BIP,D,20160919,000000,8.0795,9.563,8.0795,8.8071,249,0
BIP,D,20160920,000000,8.8071,8.8071,8.4241,8.4241,379,0
BIP,D,20160921,000000,8.4337,8.4337,8.4337,8.4337,125,0
BIP,D,20160923,000000,8.4241,8.4241,8.2805,8.2805,125,0
BIP,D,20160927,000000,8.3284,8.3284,8.0412,8.0412,1008,0
BIP,D,20160930,000000,8.271,8.6156,8.271,8.3284,1023,0
BIP,D,20161003,000000,8.2326,8.2326,8.2326,8.2326,130,0
BIP,D,20161004,000000,8.0412,8.0412,8.0125,8.0125,950,0
BIP,D,20161006,000000,8.2518,8.2518,8.2518,8.2518,125,0
BIP,D,20161011,000000,8.606,8.606,8.606,8.606,26,0
BIP,D,20161012,000000,8.606,8.606,8.606,8.606,32,0
BIP,D,20161013,000000,8.606,8.606,8.606,8.606,42,0
BIP,D,20161017,000000,8.6156,8.7113,8.6156,8.7113,1317,0
BIP,D,20161018,000000,8.7975,8.7975,8.7975,8.7975,201,0
BIP,D,20161019,000000,9.0081,9.0081,9.0081,9.0081,41,0
BIP,D,20161103,000000,8.7209,8.7209,8.2326,8.2326,598,0
BIP,D,20161104,000000,8.2326,8.2423,8.2326,8.2423,279,0
BIP,D,20161107,000000,8.2326,8.2326,8.2326,8.2326,285,0
BIP,D,20161110,000000,8.2326,8.2326,8.2326,8.2326,1045,0
BIP,D,20161116,000000,7.8594,7.8594,7.8594,7.8594,36,0
BIP,D,20161117,000000,7.8594,7.8594,7.8594,7.8594,325,0
BIP,D,20161121,000000,7.8497,7.8497,7.8497,7.8497,368,0
BIP,D,20161124,000000,7.5243,7.5243,7.5243,7.5243,209,0
BIP,D,20161128,000000,7.1892,7.1988,7.1892,7.1892,459,0
BIP,D,20161205,000000,7.0839,7.2275,6.8925,7.2275,1431,0
BIP,D,20161206,000000,7.4668,7.4668,7.4668,7.4668,63,0
BIP,D,20161207,000000,7.4381,7.4381,7.4381,7.4381,157,0
BIP,D,20161208,000000,7.2754,7.2754,7.2754,7.2754,32,0
BIP,D,20161209,000000,7.4668,7.4765,7.4668,7.4765,2600,0
BIP,D,20161212,000000,7.419,7.6105,7.419,7.419,2502,0
BIP,D,20161214,000000,7.4765,7.4765,7.4765,7.4765,1045,0
BIP,D,20161215,000000,7.7541,7.7541,7.7541,7.7541,37,0
BIP,D,20161216,000000,7.7541,7.7541,7.4765,7.4765,1762,0
BIP,D,20161221,000000,7.7541,7.7732,7.7541,7.7732,474,0
BIP,D,20161222,000000,8.0317,8.0317,8.0029,8.0029,267,0
BIP,D,20161223,000000,8.0221,8.0221,8.0029,8.0029,798,0
BIP,D,20161228,000000,8.0029,8.0029,8.0029,8.0029,238,0
BIP,D,20161230,000000,8.1849,8.3284,8.1849,8.3284,659,0
BIP,D,20170102,000000,8.0412,8.0412,8.0412,8.0412,740,0
BIP,D,20170103,000000,8.0604,8.2326,8.0604,8.2326,603,0
BIP,D,20170104,000000,8.1944,8.2326,8.1849,8.2326,1024,0
BIP,D,20170105,000000,8.5007,8.6156,8.5007,8.6156,2421,0
BIP,D,20170109,000000,8.5294,8.7209,8.5294,8.7209,397,0
BIP,D,20170110,000000,8.9986,8.9986,8.6252,8.6252,630,0
BIP,D,20170116,000000,8.9028,8.9028,8.9028,8.9028,230,0
BIP,D,20170117,000000,9.2378,9.2856,9.2378,9.2856,334,0
BIP,D,20170118,000000,8.9986,8.9986,8.9986,8.9986,408,0
BIP,D,20170119,000000,8.9028,9.0942,8.9028,9.0942,178,0
BIP,D,20170120,000000,9.0942,9.0942,9.0942,9.0942,950,0
BIP,D,20170123,000000,8.8549,8.8549,8.8549,8.8549,32,0
BIP,D,20170124,000000,8.8549,8.8549,8.6156,8.6156,992,0
BIP,D,20170127,000000,8.9028,10.386,8.9028,10.386,231,0
BIP,D,20170130,000000,9.3148,9.3148,9.3148,9.3148,335,0
BIP,D,20170201,000000,9.3051,9.3051,9.3051,9.3051,240,0
BIP,D,20170202,000000,9.2953,9.2953,9.2953,9.2953,220,0
BIP,D,20170203,000000,9.3333,9.3333,9.3333,9.3333,437,0
BIP,D,20170206,000000,9.2378,9.2378,9.2378,9.2378,439,0
BIP,D,20170207,000000,9.381,9.381,9.381,9.381,162,0
BIP,D,20170209,000000,9.2378,9.2378,9.2378,9.2378,125,0
BIP,D,20170210,000000,9.2378,9.2378,8.9028,8.9028,952,0
BIP,D,20170213,000000,8.9028,8.9028,8.6156,8.6156,418,0
BIP,D,20170216,000000,8.7592,8.7592,8.6156,8.6156,105,0
BIP,D,20170221,000000,8.6156,8.6156,8.6156,8.6156,325,0
BIP,D,20170227,000000,8.6634,8.6634,8.6634,8.6634,95,0
BIP,D,20170303,000000,8.9602,8.9602,8.9602,8.9602,230,0
BIP,D,20170306,000000,9.2856,9.2856,8.8549,8.8549,232,0
BIP,D,20170307,000000,8.9028,9.573,8.8262,8.8262,955,0
BIP,D,20170308,000000,8.8549,8.8549,8.8549,8.8549,5,0
BIP,D,20170317,000000,9.2856,9.2856,9.2856,9.2856,42,0
BIP,D,20170327,000000,9.4384,9.4384,9.4384,9.4384,21,0
BIP,D,20170328,000000,9.0942,9.0942,9.0942,9.0942,579,0
BIP,D,20170330,000000,9.0942,9.0942,9.0942,9.0942,230,0
BIP,D,20170404,000000,9.0942,9.0942,9.0655,9.0655,300,0
BIP,D,20170407,000000,9.056,9.056,9.056,9.056,230,0
BIP,D,20170418,000000,9.0942,9.0942,9.056,9.056,369,0
BIP,D,20170420,000000,9.0942,9.0942,8.9507,8.9507,501,0
BIP,D,20170425,000000,8.941,8.941,8.941,8.941,230,0
BIP,D,20170428,000000,9.563,10.53,9.563,9.573,632,0
BIP,D,20170502,000000,9.573,10.004,9.573,10.004,749,0
BIP,D,20170504,000000,10.004,10.032,9.582,9.582,1936,0
BIP,D,20170509,000000,10.099,10.099,10.099,10.099,8,0
BIP,D,20170510,000000,10.147,10.176,9.764,9.764,1316,0
BIP,D,20170511,000000,10.473,10.483,10.473,10.483,21,0
BIP,D,20170512,000000,10.473,10.483,10.473,10.483,63,0
BIP,D,20170522,000000,10.483,10.483,9.573,10.483,163,0
BIP,D,20170523,000000,10.483,11.679,10.483,10.913,313,0
BIP,D,20170524,000000,11.449,11.449,9.602,10.052,659,0
BIP,D,20170530,000000,10.052,10.052,10.052,10.052,439,0
BIP,D,20170601,000000,9.4579,10.052,9.4579,10.052,518,0
BIP,D,20170605,000000,10.052,10.052,10.052,10.052,95,0
BIP,D,20170607,000000,9.573,9.573,9.573,9.573,209,0
BIP,D,20170626,000000,9.764,9.764,9.573,9.573,576,0
BIP,D,20170627,000000,9.573,9.573,9.573,9.573,1264,0
BIP,D,20170628,000000,9.573,9.573,9.573,9.573,313,0
BIP,D,20170629,000000,9.573,9.573,9.573,9.573,187,0
BIP,D,20170703,000000,9.573,9.573,9.573,9.573,255,0
BIP,D,20170705,000000,9.602,9.602,9.573,9.573,511,0
BIP,D,20170710,000000,9.774,9.774,9.774,9.774,8132,0
BIP,D,20170711,000000,9.573,9.573,9.573,9.573,220,0
BIP,D,20170712,000000,9.0942,9.0942,9.0942,9.0942,14,0
BIP,D,20170720,000000,9.0942,9.0942,9.0942,9.0942,225,0
BIP,D,20170822,000000,9.0942,9.0942,9.0942,9.0942,4,0
BIP,D,20170830,000000,8.4241,8.4241,8.4241,8.4241,313,0
BIP,D,20170831,000000,8.4241,8.4241,7.9072,7.9072,125,0
BIP,D,20170904,000000,8.0029,8.0029,8.0029,8.0029,78,0
BIP,D,20170915,000000,8.0029,8.0029,7.9072,7.9072,393,0
BIP,D,20170918,000000,7.9072,8.0412,7.6583,7.6583,1734,0
BIP,D,20170919,000000,7.6583,7.6583,7.6583,7.6583,1917,0
BIP,D,20170921,000000,7.6583,7.6583,7.62,7.62,627,0
BIP,D,20170926,000000,7.7541,7.7541,7.6583,7.6583,574,0
BIP,D,20170927,000000,7.6583,7.6583,7.6583,7.6583,2141,0
BIP,D,20170928,000000,7.6583,7.6583,7.6583,7.6583,2454,0
BIP,D,20170929,000000,7.6583,7.6583,7.6583,7.6583,371,0
BIP,D,20171002,000000,7.6583,7.6583,7.6583,7.6583,339,0
BIP,D,20171006,000000,7.6679,7.6679,7.6583,7.6583,334,0
BIP,D,20171012,000000,7.6583,7.6583,7.6583,7.6583,182,0
BIP,D,20171107,000000,7.62,7.62,7.62,7.62,105,0
BIP,D,20171108,000000,7.5147,7.5147,7.3328,7.3328,1084,0
BIP,D,20171117,000000,6.9882,7.036,6.9882,7.036,365,0
BIP,D,20171120,000000,7.036,7.5626,6.9882,7.5626,345,0
BIP,D,20171205,000000,7.2945,7.5626,7.2945,7.5626,481,0
BIP,D,20171206,000000,7.1605,7.1605,7.1605,7.1605,1388,0
BIP,D,20171207,000000,7.5626,7.5626,7.5626,7.5626,26,0
BIP,D,20171212,000000,7.1797,7.1797,6.9595,7.1701,381,0
BIP,D,20171218,000000,7.1797,7.1797,7.1797,7.1797,10,0
BIP,D,20171220,000000,7.5626,7.5626,7.5626,7.5626,10,0
BIP,D,20171222,000000,7.1797,7.1797,6.9882,7.1797,2286,0
BIP,D,20171227,000000,5.7437,5.7437,5.7437,5.7437,1242,0
BIP,D,20171229,000000,6.8446,7.5626,6.8446,7.553,195,0
BIP,D,20180104,000000,7.5147,7.5147,7.5147,7.5147,211,0
BIP,D,20180105,000000,7.5147,7.5147,7.5147,7.5147,537,0
BIP,D,20180108,000000,7.5147,7.6583,7.2754,7.6583,479,0
BIP,D,20180111,000000,7.3712,7.6583,7.3712,7.6583,290,0
BIP,D,20180123,000000,6.8446,6.8925,6.8446,6.8925,214,0
BIP,D,20180124,000000,6.701,6.8925,6.6053,6.8925,1813,0
BIP,D,20180129,000000,6.7968,6.8925,6.7968,6.8925,32,0
BIP,D,20180130,000000,6.8925,6.8925,6.8925,6.8925,10,0
BIP,D,20180201,000000,6.8925,6.8925,6.8925,6.8925,35,0
BIP,D,20180205,000000,6.6053,6.6053,6.6053,6.6053,313,0
BIP,D,20180212,000000,6.6053,6.6053,6.5096,6.5096,1567,0
BIP,D,20180214,000000,6.6053,6.6053,6.2702,6.5096,1244,0
BIP,D,20180221,000000,6.5096,6.5096,6.5096,6.5096,266,0
BIP,D,20180226,000000,6.4617,6.5096,6.4617,6.5096,267,0
BIP,D,20180228,000000,6.6053,6.701,6.6053,6.701,801,0
BIP,D,20180305,000000,6.701,6.701,6.701,6.701,492,0
BIP,D,20180306,000000,6.8925,6.8925,6.8925,6.8925,264,0
BIP,D,20180307,000000,7.8019,7.8019,7.7541,7.7541,1160,0
BIP,D,20180312,000000,7.0839,7.9934,7.0839,7.9934,337,0
BIP,D,20180313,000000,7.0839,7.0839,7.0839,7.0839,189,0
BIP,D,20180314,000000,7.9455,7.9455,7.9455,7.9455,1124,0
BIP,D,20180316,000000,7.2754,7.8976,7.2754,7.8976,372,0
BIP,D,20180321,000000,7.419,7.419,7.419,7.419,181,0
BIP,D,20180326,000000,7.2754,7.2754,7.2754,7.2754,313,0
BIP,D,20180328,000000,7.3233,7.3233,7.0839,7.0839,361,0
BIP,D,20180406,000000,7.0839,7.0839,7.0839,7.0839,313,0
BIP,D,20180410,000000,7.0839,7.0839,7.0839,7.0839,1045,0
BIP,D,20180411,000000,7.0839,7.0839,7.0839,7.0839,732,0
BIP,D,20180417,000000,7.0839,7.0839,7.0839,7.0839,2090,0
BIP,D,20180420,000000,7.0839,7.0839,7.0839,7.0839,983,0
BIP,D,20180425,000000,7.0839,7.0839,7.0839,7.0839,944,0
BIP,D,20180426,000000,7.0839,7.0839,7.0839,7.0839,311,0
BIP,D,20180427,000000,7.0839,7.0839,7.0839,7.0839,313,0
BIP,D,20180430,000000,7.0839,7.0839,7.0839,7.0839,1201,0
BIP,D,20180502,000000,7.0839,7.0839,7.0839,7.0839,408,0
BIP,D,20180509,000000,6.9882,6.9882,6.9882,6.9882,15669,0
BIP,D,20180516,000000,6.8446,6.8446,6.8446,6.8446,293,0
BIP,D,20180525,000000,6.701,6.701,6.701,6.701,2090,0
BIP,D,20180530,000000,6.6053,6.6053,6.6053,6.6053,327,0
BIP,D,20180601,000000,6.5574,6.5574,6.5574,6.5574,90,0
BIP,D,20180605,000000,6.3181,6.3181,6.3181,6.3181,125,0
BIP,D,20180608,000000,6.366,6.366,6.0788,6.0788,366,0
BIP,D,20180611,000000,6.366,6.701,6.366,6.701,4492,0
BIP,D,20180615,000000,6.5574,6.5574,6.5574,6.5574,345,0
BIP,D,20180618,000000,6.8446,6.8446,6.8446,6.8446,2,0
BIP,D,20180720,000000,6.5574,6.5574,6.2702,6.2702,330,0
BIP,D,20180808,000000,6.031,7.9455,6.031,7.9455,408,0
BIP,D,20180831,000000,6.5096,6.5096,6.5096,6.5096,313,0
BIP,D,20180910,000000,6.6531,6.6531,6.6531,6.6531,8,0
BIP,D,20181008,000000,6.366,6.366,6.366,6.366,345,0
BIP,D,20181009,000000,6.0788,6.0788,6.0788,6.0788,32,0
BIP,D,20181012,000000,6.0788,6.0788,6.0788,6.0788,52,0
BIP,D,20181015,000000,5.7916,5.7916,5.7437,5.7437,471,0
BIP,D,20181108,000000,5.5044,5.5044,5.5044,5.5044,381,0
BIP,D,20181115,000000,5.2651,5.2651,5.2651,5.2651,105,0
BIP,D,20181116,000000,5.2651,5.2651,5.2651,5.2651,95,0
BIP,D,20181203,000000,5.0736,5.0736,5.0736,5.0736,418,0
BIP,D,20181206,000000,4.8821,4.8821,4.8344,4.8344,449,0
BIP,D,20181207,000000,4.93,4.93,4.93,4.93,418,0
BIP,D,20181210,000000,5.0736,5.0736,5.0736,5.0736,196,0
BIP,D,20181213,000000,5.0258,5.0258,4.7865,5.0258,627,0
BIP,D,20181217,000000,4.595,4.595,4.4992,4.4992,429,0
BIP,D,20181219,000000,4.4992,4.4992,4.4992,4.4992,105,0
BIP,D,20181221,000000,4.4992,4.4992,4.4992,4.4992,449,0
BIP,D,20181227,000000,5.8873,5.8873,5.8873,5.8873,105,0
BIP,D,20181228,000000,5.8873,6.1266,5.5523,6.1266,558,0
BIP,D,20190104,000000,4.9779,4.9779,4.9779,4.9779,637,0
BIP,D,20190107,000000,4.93,4.93,4.93,4.93,209,0
BIP,D,20190111,000000,4.9779,4.9779,4.9779,4.9779,21,0
BIP,D,20190131,000000,4.7865,4.7865,4.7865,4.7865,217,0
BIP,D,20190204,000000,4.7865,4.7865,4.7865,4.7865,39,0
BIP,D,20190212,000000,4.7865,4.7865,4.7865,4.7865,22,0
BIP,D,20190219,000000,4.7865,4.7865,4.7865,4.7865,178,0
BIP,D,20190228,000000,4.7865,4.7865,4.7865,4.7865,209,0
BIP,D,20190305,000000,5.2651,5.2651,5.2651,5.2651,2193,0
BIP,D,20190311,000000,5.0736,5.0736,5.0258,5.0258,378,0
BIP,D,20190312,000000,4.9779,4.9779,4.9779,4.9779,157,0
BIP,D,20190313,000000,4.9779,4.9779,4.9779,4.9779,52,0
BIP,D,20190315,000000,4.9779,4.9779,4.9779,4.9779,1045,0
BIP,D,20190319,000000,4.9779,4.9779,4.9779,4.9779,891,0
BIP,D,20190327,000000,5.0736,5.0736,5.0736,5.0736,397,0
BIP,D,20190328,000000,5.0736,5.0736,5.0736,5.0736,105,0
BIP,D,20190405,000000,5.2173,5.7437,5.2173,5.7437,413,0
BIP,D,20190408,000000,5.7437,5.7437,5.2651,5.2651,3280,0
BIP,D,20190411,000000,5.7437,5.7437,5.7437,5.7437,124,0
BIP,D,20190418,000000,5.6002,6.701,5.6002,6.701,385,0
BIP,D,20190423,000000,5.7437,5.7437,5.7437,5.7437,32,0
BIP,D,20190514,000000,5.7916,5.7916,5.7916,5.7916,86,0
BIP,D,20190515,000000,6.701,6.701,6.701,6.701,67,0
BIP,D,20190516,000000,6.701,6.701,6.5096,6.5096,375,0
BIP,D,20190520,000000,6.6053,6.6053,6.6053,6.6053,105,0
BIP,D,20190522,000000,6.6053,6.6053,6.6053,6.6053,308,0
BIP,D,20190523,000000,6.701,6.701,6.701,6.701,475,0
BIP,D,20190528,000000,6.5096,6.5096,6.5096,6.5096,366,0
BIP,D,20190529,000000,6.2224,6.2224,6.2224,6.2224,324,0
BIP,D,20190604,000000,6.6053,6.7489,6.6053,6.7489,522,0
BIP,D,20190610,000000,6.6053,6.6053,6.6053,6.6053,522,0
BIP,D,20190613,000000,6.701,6.701,6.701,6.701,201,0
BIP,D,20190618,000000,6.5574,6.9882,6.5574,6.9882,792,0
BIP,D,20190619,000000,7.1318,7.1318,6.8925,6.8925,152,0
BIP,D,20190624,000000,7.1318,7.3233,7.1318,7.3233,186,0
BIP,D,20190625,000000,7.6583,7.6583,7.6583,7.6583,222,0
BIP,D,20190626,000000,7.7541,8.137,7.7541,8.137,1055,0
BIP,D,20190628,000000,8.137,8.137,8.137,8.137,1045,0
BIP,D,20190701,000000,8.2326,8.2805,8.137,8.137,220,0
BIP,D,20190702,000000,8.9507,9.573,8.9507,9.573,66,0
BIP,D,20190703,000000,9.1421,9.1421,9.1421,9.1421,220,0
BIP,D,20190704,000000,8.9028,8.9028,8.9028,8.9028,214,0
BIP,D,20190711,000000,8.9507,8.9507,8.9507,8.9507,235,0
BIP,D,20190715,000000,8.9507,8.9507,8.9507,8.9507,295,0
BIP,D,20190718,000000,8.8549,8.8549,8.5199,8.5199,471,0
BIP,D,20190730,000000,8.1849,8.5199,6.5574,7.5626,1180,0
BIP,D,20190912,000000,7.5626,7.5626,7.5626,7.5626,2090,0
BIP,D,20190913,000000,7.5626,7.5626,7.5626,7.5626,808,0
BIP,D,20190917,000000,7.5626,7.5626,7.5626,7.5626,313,0
BIP,D,20191001,000000,7.6583,7.6583,7.6583,7.6583,209,0
BIP,D,20191003,000000,7.6583,7.6583,7.6583,7.6583,1880,0
BIP,D,20191008,000000,7.8019,7.8019,7.8019,7.8019,8,0
BIP,D,20191010,000000,7.6583,7.6583,7.6583,7.6583,2090,0
BIP,D,20191011,000000,7.6583,7.6583,7.6583,7.6583,2090,0
BIP,D,20191016,000000,7.6583,7.6583,7.6583,7.6583,261,0
BIP,D,20191017,000000,7.8019,7.8019,7.8019,7.8019,261,0
BIP,D,20191028,000000,8.0891,8.0891,8.0891,8.0891,251,0
BIP,D,20191106,000000,8.0891,8.0891,8.0412,8.0412,261,0
BIP,D,20191120,000000,8.2326,8.2326,8.2326,8.2326,293,0
BIP,D,20191127,000000,8.137,8.137,8.137,8.137,463,0
BIP,D,20191129,000000,8.4241,8.4241,8.4241,8.4241,10,0
BIP,D,20191202,000000,8.4241,8.4241,8.4241,8.4241,240,0
BIP,D,20191209,000000,8.3284,8.3284,8.3284,8.3284,261,0
BIP,D,20191213,000000,8.3284,8.3763,8.3284,8.3284,283,0
BIP,D,20191220,000000,8.3284,8.3284,8.3284,8.3284,522,0
BIP,D,20200113,000000,8.2326,8.2326,8.2326,8.2326,240,0
BIP,D,20200114,000000,8.2326,8.2326,8.2326,8.2326,324,0
BIP,D,20200115,000000,8.2326,8.2326,8.2326,8.2326,522,0
BIP,D,20200127,000000,8.4241,8.4241,8.4241,8.4241,240,0
BIP,D,20200129,000000,8.2805,8.2805,8.2805,8.2805,24,0
BIP,D,20200131,000000,8.6634,8.6634,8.6634,8.6634,240,0
BIP,D,20200204,000000,9.0464,9.3333,9.0464,9.3333,355,0
BIP,D,20200206,000000,9.573,10.53,9.573,10.53,627,0
BIP,D,20200207,000000,10.53,10.53,9.956,9.956,366,0
BIP,D,20200210,000000,11.487,11.487,11.487,11.487,10,0
BIP,D,20200212,000000,13.785,15.316,13.785,15.316,21,0
BIP,D,20200213,000000,15.221,15.221,15.221,15.221,313,0
BIP,D,20200214,000000,15.316,15.316,15.221,15.316,371,0
BIP,D,20200217,000000,14.55,14.55,14.55,14.55,146,0
BIP,D,20200220,000000,13.881,13.881,13.881,13.881,146,0
BIP,D,20200221,000000,13.785,13.785,13.785,13.785,95,0
BIP,D,20200226,000000,13.785,13.785,13.785,13.785,2868,0
BIP,D,20200302,000000,13.402,13.402,13.402,13.402,146,0
BIP,D,20200304,000000,12.923,12.923,12.923,12.923,157,0
BIP,D,20200309,000000,12.253,12.253,10.53,10.53,240,0
BIP,D,20200311,000000,10.243,10.243,10.243,10.243,154,0
BIP,D,20200312,000000,9.764,9.764,9.764,9.764,44,0
BIP,D,20200313,000000,9.4773,9.4773,9.4773,9.4773,543,0
BIP,D,20200317,000000,10.721,10.721,10.721,10.721,188,0
BIP,D,20200318,000000,10.052,12.445,10.052,12.445,409,0
BIP,D,20200319,000000,10.147,13.402,10.147,13.402,408,0
BIP,D,20200320,000000,15.987,15.987,15.987,15.987,105,0
BIP,D,20200323,000000,15.316,15.316,15.316,15.316,10,0
BIP,D,20200327,000000,10.53,10.53,10.53,10.53,198,0
BIP,D,20200330,000000,10.818,11.2,10.721,10.721,383,0
BIP,D,20200331,000000,11.2,11.2,11.2,11.2,188,0
BIP,D,20200401,000000,11.679,11.679,11.679,11.679,522,0
BIP,D,20200402,000000,11.296,11.296,11.296,11.296,52,0
BIP,D,20200403,000000,10.913,10.913,10.913,10.913,52,0
BIP,D,20200406,000000,11.392,11.392,11.392,11.392,178,0
BIP,D,20200407,000000,12.636,12.636,12.636,12.636,3,0
BIP,D,20200408,000000,12.636,12.636,12.636,12.636,15,0
BIP,D,20200414,000000,11.871,15.221,11.871,15.221,949,0
BIP,D,20200415,000000,15.316,17.136,14.742,17.136,895,0
BIP,D,20200416,000000,14.742,14.742,13.689,13.689,172,0
BIP,D,20200417,000000,14.934,16.274,14.934,16.274,119,0
BIP,D,20200420,000000,16.274,16.274,14.838,14.838,355,0
BIP,D,20200421,000000,14.36,14.36,13.498,13.498,1513,0
BIP,D,20200422,000000,13.402,13.402,13.402,13.402,73,0
BIP,D,20200424,000000,13.019,13.019,11.966,11.966,950,0
BIP,D,20200427,000000,12.349,12.349,12.349,12.349,40,0
BIP,D,20200428,000000,12.445,13.881,12.445,13.402,613,0
BIP,D,20200429,000000,12.828,15.316,12.062,13.785,1015,0
BIP,D,20200430,000000,12.54,12.54,12.54,12.54,271,0
BIP,D,20200504,000000,13.211,15.604,13.211,15.413,1441,0
BIP,D,20200505,000000,15.126,15.604,15.126,15.604,240,0
BIP,D,20200506,000000,15.316,21.252,15.316,21.252,5883,0
BIP,D,20200507,000000,23.932,28.718,19.145,22.4,6833,0
BIP,D,20200508,000000,22.4,22.784,19.145,22.018,140,0
BIP,D,20200511,000000,20.103,22.784,17.231,21.444,1109,0
BIP,D,20200512,000000,19.145,21.06,19.145,20.103,180,0
BIP,D,20200513,000000,18.571,18.571,15.316,17.04,1382,0
BIP,D,20200514,000000,16.657,21.06,16.561,19.72,869,0
BIP,D,20200515,000000,17.231,20.869,17.231,20.869,3035,0
BIP,D,20200518,000000,20.103,20.103,20.103,20.103,42,0
BIP,D,20200519,000000,19.05,19.05,19.05,19.05,105,0
BIP,D,20200520,000000,18.189,18.38,17.997,18.38,78,0
BIP,D,20200521,000000,18.476,18.476,17.997,17.997,522,0
BIP,D,20200522,000000,18.189,18.189,17.518,18.189,162,0
BIP,D,20200525,000000,17.327,17.327,17.327,17.327,257,0
BIP,D,20200526,000000,17.231,18.189,17.231,18.189,471,0
BIP,D,20200527,000000,17.71,17.71,17.71,17.71,198,0
BIP,D,20200528,000000,17.805,17.805,17.04,17.805,128,0
BIP,D,20200601,000000,16.561,17.231,16.561,17.231,132,0
BIP,D,20200602,000000,17.231,17.231,17.231,17.231,28,0
BIP,D,20200604,000000,16.561,16.944,16.465,16.944,183,0
BIP,D,20200605,000000,16.657,17.231,16.657,17.231,188,0
BIP,D,20200608,000000,15.795,17.136,15.795,17.136,251,0
BIP,D,20200610,000000,16.465,17.136,16.465,17.136,539,0
BIP,D,20200612,000000,16.944,17.136,16.944,17.136,288,0
BIP,D,20200615,000000,17.231,18.092,15.891,15.891,136,0
BIP,D,20200616,000000,15.891,17.136,15.891,16.848,66,0
BIP,D,20200618,000000,16.082,17.136,16.082,17.136,261,0
BIP,D,20200623,000000,16.657,17.997,16.657,17.997,454,0
BIP,D,20200624,000000,17.327,17.327,17.231,17.231,168,0
BIP,D,20200625,000000,15.891,17.04,14.168,17.04,945,0
BIP,D,20200626,000000,16.274,17.805,14.647,17.805,610,0
BIP,D,20200629,000000,17.231,18.092,17.231,18.092,629,0
BIP,D,20200630,000000,17.902,17.902,17.902,17.902,10,0
BIP,D,20200702,000000,18.092,18.955,18.092,18.955,230,0
BIP,D,20200703,000000,18.955,19.145,18.955,19.145,438,0
BIP,D,20200706,000000,18.955,22.018,16.274,22.018,777,0
BIP,D,20200707,000000,21.826,26.421,21.826,22.018,487,0
BIP,D,20200708,000000,23.741,23.741,22.018,23.55,366,0
BIP,D,20200709,000000,23.741,23.741,21.06,23.166,459,0
BIP,D,20200710,000000,21.634,21.826,20.869,21.826,279,0
BIP,D,20200713,000000,19.911,19.911,19.337,19.911,180,0
BIP,D,20200714,000000,21.444,21.444,19.145,19.529,1249,0
BIP,D,20200715,000000,19.911,21.444,19.911,21.444,251,0
BIP,D,20200716,000000,21.252,21.252,20.295,21.06,163,0
BIP,D,20200717,000000,20.677,20.677,20.677,20.677,105,0
BIP,D,20200720,000000,20.295,21.444,20.295,21.444,820,0
BIP,D,20200721,000000,20.869,21.444,20.869,21.444,125,0
BIP,D,20200722,000000,20.869,20.869,20.869,20.869,52,0
BIP,D,20200723,000000,21.06,21.06,21.06,21.06,55,0
BIP,D,20200724,000000,20.295,21.06,20.295,20.677,355,0
BIP,D,20200727,000000,20.103,20.869,20.103,20.869,176,0
BIP,D,20200728,000000,20.103,21.444,20.103,21.444,1986,0
BIP,D,20200729,000000,20.486,21.06,20.295,20.486,623,0
BIP,D,20200730,000000,20.677,20.677,20.103,20.103,744,0
BIP,D,20200731,000000,21.444,21.444,20.103,20.486,75,0
BIP,D,20200803,000000,21.444,21.444,21.06,21.444,225,0
BIP,D,20200804,000000,21.444,21.444,20.677,21.444,373,0
BIP,D,20200805,000000,20.295,20.295,19.337,19.337,546,0
BIP,D,20200806,000000,19.145,19.145,17.327,18.38,625,0
BIP,D,20200807,000000,18.189,19.05,17.231,19.05,187,0
BIP,D,20200810,000000,17.327,17.518,17.327,17.518,263,0
BIP,D,20200811,000000,17.423,17.902,17.423,17.902,59,0
BIP,D,20200812,000000,17.423,17.902,17.231,17.902,320,0
BIP,D,20200813,000000,17.997,17.997,17.997,17.997,8,0
BIP,D,20200814,000000,17.997,20.103,17.231,20.103,2196,0
BIP,D,20200817,000000,21.252,21.252,19.529,19.72,804,0
BIP,D,20200818,000000,19.145,19.337,18.189,19.337,529,0
BIP,D,20200819,000000,19.145,19.145,17.518,18.955,756,0
BIP,D,20200820,000000,18.38,18.476,18.38,18.476,130,0
BIP,D,20200824,000000,18.476,18.476,17.614,17.614,278,0
BIP,D,20200826,000000,18.476,19.145,18.476,19.145,115,0
BIP,D,20200827,000000,19.05,19.05,19.05,19.05,18,0
BIP,D,20200831,000000,18.955,18.955,18.955,18.955,10,0
BIP,D,20200901,000000,18.955,18.955,18.955,18.955,3,0
BIP,D,20200904,000000,18.189,18.668,18.189,18.668,84,0
BIP,D,20200907,000000,17.71,18.571,14.36,18.571,1326,0
BIP,D,20200908,000000,17.805,17.805,17.423,17.423,118,0
BIP,D,20200909,000000,17.715,17.715,17.715,17.715,113,0
BIP,D,20200910,000000,17.715,20.051,16.547,19.856,2402,0
BIP,D,20200911,000000,19.661,23.165,19.661,23.165,414,0
BIP,D,20200914,000000,23.36,23.36,21.997,22.387,868,0
BIP,D,20200915,000000,22.387,22.387,21.413,22.387,85,0
BIP,D,20200916,000000,22.387,23.749,22.387,23.749,1378,0
BIP,D,20200917,000000,23.749,26.085,23.749,24.333,3282,0
BIP,D,20200918,000000,24.333,26.28,24.333,25.307,4511,0
BIP,D,20200921,000000,24.917,26.085,24.917,26.085,215,0
BIP,D,20200923,000000,25.112,29.2,25.112,27.253,855,0
BIP,D,20200924,000000,27.253,27.253,25.501,26.28,593,0
BIP,D,20200925,000000,25.696,26.28,25.696,26.085,112,0
BIP,D,20200928,000000,26.085,26.28,25.696,25.696,193,0
BIP,D,20200929,000000,26.085,26.085,26.085,26.085,21,0
BIP,D,20200930,000000,26.085,26.085,23.36,26.085,266,0
BIP,D,20201001,000000,26.085,31.147,26.085,28.811,1099,0
BIP,D,20201002,000000,28.227,28.227,27.059,27.059,120,0
BIP,D,20201005,000000,28.227,28.227,25.891,28.227,222,0
BIP,D,20201006,000000,28.227,28.227,27.253,28.227,324,0
BIP,D,20201007,000000,28.227,28.227,28.227,28.227,175,0
BIP,D,20201008,000000,27.059,28.227,26.28,26.28,224,0
BIP,D,20201009,000000,26.28,31.147,26.28,28.227,3855,0
BIP,D,20201012,000000,28.227,31.147,28.227,30.173,972,0
BIP,D,20201013,000000,30.952,31.147,29.2,31.147,560,0
BIP,D,20201014,000000,30.952,30.952,29.2,29.2,345,0
BIP,D,20201015,000000,29.2,30.952,29.2,29.2,160,0
BIP,D,20201016,000000,28.227,28.227,26.28,26.28,216,0
BIP,D,20201019,000000,29.2,29.2,27.253,27.253,117,0
BIP,D,20201020,000000,28.227,28.227,25.307,26.28,311,0
BIP,D,20201021,000000,26.28,28.032,26.28,28.032,139,0
BIP,D,20201022,000000,26.28,26.28,22.776,26.28,1662,0
BIP,D,20201023,000000,28.032,28.032,23.555,25.112,425,0
BIP,D,20201026,000000,24.333,27.059,24.333,27.059,113,0
BIP,D,20201027,000000,24.333,25.696,23.555,25.696,291,0
BIP,D,20201028,000000,25.307,25.307,23.36,25.307,465,0
BIP,D,20201029,000000,24.139,24.139,24.139,24.139,92,0
BIP,D,20201030,000000,23.749,23.749,22.776,22.776,133,0
BIP,D,20201102,000000,23.555,26.28,23.555,26.28,185,0
BIP,D,20201103,000000,24.528,26.864,24.528,24.528,200,0
BIP,D,20201104,000000,25.501,25.696,24.528,25.696,109,0
BIP,D,20201105,000000,24.528,27.059,24.528,27.059,516,0
BIP,D,20201106,000000,27.059,27.059,27.059,27.059,96,0
BIP,D,20201109,000000,26.864,28.227,25.696,27.837,815,0
BIP,D,20201112,000000,27.837,30.173,27.837,30.173,748,0
BIP,D,20201113,000000,28.811,29.784,25.307,29.2,1039,0
BIP,D,20201116,000000,29.395,31.147,24.917,30.757,647,0
BIP,D,20201117,000000,30.173,32.12,25.307,31.925,1797,0
BIP,D,20201118,000000,31.147,31.147,31.147,31.147,13,0
BIP,D,20201119,000000,28.811,32.12,25.307,26.085,4261,0
BIP,D,20201120,000000,26.669,28.616,26.669,27.837,663,0
BIP,D,20201123,000000,28.227,28.421,25.307,27.253,601,0
BIP,D,20201125,000000,25.112,29.979,24.333,27.448,5434,0
BIP,D,20201126,000000,24.917,31.925,24.139,30.173,2879,0
BIP,D,20201127,000000,29.2,31.147,26.28,30.952,1486,0
BIP,D,20201130,000000,30.173,32.12,30.173,32.12,2937,0
BIP,D,20201201,000000,31.925,31.925,27.253,31.147,369,0
BIP,D,20201202,000000,29.395,31.147,29.395,31.147,100,0
BIP,D,20201204,000000,31.147,31.147,31.147,31.147,6,0
BIP,D,20201207,000000,30.173,32.899,28.032,32.12,717,0
BIP,D,20201208,000000,29.784,31.925,29.784,31.925,144,0
BIP,D,20201209,000000,30.563,32.899,29.2,32.899,742,0
BIP,D,20201210,000000,29.784,30.173,29.2,29.784,354,0
BIP,D,20201211,000000,29.784,32.899,29.2,32.899,1702,0
BIP,D,20201214,000000,31.731,34.456,29.589,33.677,3311,0
BIP,D,20201215,000000,30.173,34.456,30.173,32.315,5241,0
BIP,D,20201216,000000,31.925,34.456,31.925,33.093,2051,0
BIP,D,20201217,000000,33.288,34.456,31.731,33.093,229,0
BIP,D,20201218,000000,33.677,34.456,31.536,33.093,935,0
BIP,D,20201221,000000,30.368,34.456,30.368,34.456,92,0
BIP,D,20201222,000000,34.456,34.456,31.925,32.12,509,0
BIP,D,20201223,000000,32.12,32.12,31.925,31.925,168,0
BIP,D,20201228,000000,33.093,35.04,33.093,35.04,1513,0
BIP,D,20201229,000000,34.845,36.013,33.093,35.819,689,0
BIP,D,20201230,000000,34.651,35.624,33.483,33.483,142,0
BIP,D,20210104,000000,34.067,48.667,34.067,40.88,2070,0
BIP,D,20210105,000000,38.933,40.685,38.933,39.517,911,0
BIP,D,20210107,000000,39.712,41.853,36.013,41.853,1422,0
BIP,D,20210108,000000,41.659,49.64,41.659,45.552,1443,0
BIP,D,20210111,000000,45.747,45.747,38.544,41.659,5807,0
BIP,D,20210112,000000,38.933,45.747,38.933,42.827,1512,0
BIP,D,20210113,000000,43.021,45.747,41.269,43.8,705,0
BIP,D,20210114,000000,44.189,44.773,42.827,44.579,1079,0
BIP,D,20210115,000000,43.8,44.579,39.128,44.384,2325,0
BIP,D,20210118,000000,44.773,44.773,38.933,40.296,2460,0
BIP,D,20210119,000000,39.907,41.464,36.208,40.88,6164,0
BIP,D,20210120,000000,39.907,46.525,39.907,45.747,3818,0
BIP,D,20210121,000000,45.747,48.472,38.933,44.773,3952,0
BIP,D,20210122,000000,42.632,46.72,42.437,46.72,701,0
BIP,D,20210125,000000,46.72,48.667,43.411,46.72,2199,0
BIP,D,20210126,000000,44.773,46.525,43.8,46.331,792,0
BIP,D,20210127,000000,46.331,48.472,42.827,44.773,2338,0
BIP,D,20210128,000000,43.021,46.72,41.853,45.747,3064,0
BIP,D,20210129,000000,44.579,44.579,42.827,44.579,28,0
BIP,D,20210201,000000,44.579,46.525,43.8,43.8,606,0
BIP,D,20210202,000000,43.8,45.941,41.269,45.747,1726,0
BIP,D,20210203,000000,45.357,45.552,40.88,41.464,2400,0
BIP,D,20210204,000000,43.216,45.747,38.933,44.773,3517,0
BIP,D,20210205,000000,45.163,45.357,44.773,45.357,232,0
BIP,D,20210208,000000,44.384,46.331,44.384,46.331,1210,0
BIP,D,20210209,000000,46.331,46.525,44.579,45.747,538,0
BIP,D,20210210,000000,43.8,46.525,43.8,46.331,982,0
BIP,D,20210211,000000,43.995,53.047,41.853,53.047,3712,0
BIP,D,20210212,000000,49.153,52.56,42.827,44.773,10217,0
BIP,D,20210215,000000,44.773,45.747,43.411,45.357,2031,0
BIP,D,20210216,000000,44.773,44.773,41.853,43.8,3193,0
BIP,D,20210217,000000,43.605,43.8,38.933,38.933,5676,0
BIP,D,20210218,000000,39.907,41.853,39.907,41.659,1396,0
BIP,D,20210219,000000,42.632,42.827,41.659,42.827,1099,0
BIP,D,20210222,000000,40.88,41.853,38.739,38.739,3288,0
BIP,D,20210223,000000,39.517,39.517,36.403,37.376,2723,0
BIP,D,20210224,000000,37.376,40.685,35.429,37.376,1808,0
BIP,D,20210225,000000,36.792,38.933,36.792,38.933,586,0
BIP,D,20210226,000000,38.544,38.544,36.013,37.376,766,0
BIP,D,20210301,000000,36.987,39.517,36.403,36.987,444,0
BIP,D,20210302,000000,37.376,39.712,37.181,39.517,1341,0
BIP,D,20210303,000000,39.517,40.88,39.517,39.907,785,0
BIP,D,20210304,000000,40.88,41.269,39.907,41.075,237,0
BIP,D,20210305,000000,41.075,41.075,40.88,41.075,36,0
BIP,D,20210308,000000,40.685,40.685,37.96,40.685,1327,0
BIP,D,20210309,000000,38.349,39.907,36.208,37.96,1657,0
BIP,D,20210310,000000,37.96,37.96,37.376,37.376,643,0
BIP,D,20210311,000000,37.376,37.765,37.181,37.765,392,0
BIP,D,20210312,000000,37.571,37.96,36.013,37.96,2014,0
BIP,D,20210315,000000,36.208,39.907,36.208,37.96,723,0
BIP,D,20210316,000000,37.96,38.933,36.987,36.987,747,0
BIP,D,20210317,000000,36.403,39.517,35.04,36.013,1441,0
BIP,D,20210319,000000,35.819,36.013,35.819,36.013,425,0
BIP,D,20210322,000000,35.04,39.712,34.067,39.712,4825,0
BIP,D,20210323,000000,37.96,38.544,37.571,38.544,70,0
BIP,D,20210324,000000,37.376,39.712,36.987,38.544,635,0
BIP,D,20210325,000000,36.987,36.987,36.987,36.987,127,0
BIP,D,20210326,000000,36.792,37.571,36.792,37.571,153,0
BIP,D,20210329,000000,37.571,37.571,35.04,37.181,480,0
BIP,D,20210330,000000,35.624,36.013,35.624,35.624,234,0
BIP,D,20210331,000000,36.013,36.013,35.04,35.624,293,0
BIP,D,20210401,000000,36.013,36.987,35.04,36.013,641,0
BIP,D,20210406,000000,36.208,37.96,36.208,36.987,420,0
BIP,D,20210407,000000,37.96,37.96,35.819,37.96,236,0
BIP,D,20210408,000000,37.765,37.765,37.765,37.765,51,0
BIP,D,20210409,000000,36.403,37.96,36.403,36.403,73,0
BIP,D,20210413,000000,36.987,39.517,36.597,39.128,1026,0
BIP,D,20210414,000000,38.933,39.712,36.987,38.739,1173,0
BIP,D,20210415,000000,37.96,38.155,37.376,37.96,382,0
BIP,D,20210416,000000,37.376,37.96,36.987,37.96,165,0
BIP,D,20210419,000000,37.96,38.155,36.987,38.155,92,0
BIP,D,20210420,000000,37.571,37.571,36.987,36.987,155,0
BIP,D,20210421,000000,36.987,38.544,36.987,37.376,205,0
BIP,D,20210422,000000,37.376,37.376,37.376,37.376,41,0
BIP,D,20210423,000000,36.987,36.987,36.987,36.987,41,0
BIP,D,20210426,000000,36.403,37.571,36.013,37.571,430,0
BIP,D,20210427,000000,37.571,37.765,35.235,35.235,539,0
BIP,D,20210428,000000,35.235,37.571,35.235,37.571,184,0
BIP,D,20210429,000000,37.376,38.933,36.013,38.933,1233,0
BIP,D,20210430,000000,38.933,39.907,37.96,39.712,1104,0
BIP,D,20210504,000000,38.933,38.933,36.013,37.765,975,0
BIP,D,20210505,000000,37.96,37.96,36.987,36.987,252,0
BIP,D,20210506,000000,36.013,36.987,36.013,36.987,148,0
BIP,D,20210507,000000,36.987,36.987,36.987,36.987,161,0
BIP,D,20210510,000000,37.376,37.376,36.987,36.987,99,0
BIP,D,20210512,000000,35.819,36.013,34.067,36.013,971,0
BIP,D,20210513,000000,35.819,35.819,35.235,35.819,103,0
BIP,D,20210514,000000,36.013,37.96,33.288,37.96,989,0
BIP,D,20210517,000000,37.571,37.571,36.013,36.013,108,0
BIP,D,20210518,000000,36.208,37.765,36.208,37.376,668,0
BIP,D,20210520,000000,36.987,36.987,34.067,36.013,445,0
BIP,D,20210521,000000,35.624,36.403,35.429,36.403,157,0
BIP,D,20210524,000000,36.013,36.987,35.04,36.987,250,0
BIP,D,20210525,000000,35.04,36.792,35.04,35.624,360,0
BIP,D,20210526,000000,36.013,36.792,36.013,36.792,49,0
BIP,D,20210527,000000,36.597,36.987,36.208,36.987,197,0
BIP,D,20210528,000000,36.597,36.597,36.013,36.013,186,0
BIP,D,20210531,000000,36.792,36.987,36.792,36.987,75,0
BIP,D,20210601,000000,36.597,36.597,34.067,36.013,416,0
BIP,D,20210602,000000,36.792,36.792,36.792,36.792,257,0
BIP,D,20210607,000000,36.013,36.013,34.067,35.819,398,0
BIP,D,20210608,000000,35.235,35.819,35.04,35.819,109,0
BIP,D,20210610,000000,35.04,35.04,33.872,33.872,446,0
BIP,D,20210611,000000,34.845,35.04,34.845,35.04,172,0
BIP,D,20210614,000000,35.04,35.04,35.04,35.04,397,0
BIP,D,20210615,000000,35.429,35.429,35.04,35.04,55,0
BIP,D,20210616,000000,35.429,35.819,34.456,35.819,621,0
BIP,D,20210617,000000,36.013,36.013,36.013,36.013,207,0
BIP,D,20210621,000000,35.04,36.013,34.651,36.013,160,0
BIP,D,20210623,000000,35.04,36.013,34.456,34.651,1158,0
BIP,D,20210624,000000,34.651,36.597,31.731,34.456,1458,0
BIP,D,20210625,000000,34.456,34.456,31.536,33.093,539,0
BIP,D,20210628,000000,32.509,33.677,31.925,33.677,478,0
BIP,D,20210629,000000,32.315,35.04,32.12,35.04,295,0
BIP,D,20210630,000000,33.093,35.04,33.093,35.04,418,0
BIP,D,20210701,000000,34.261,34.261,34.067,34.067,197,0
BIP,D,20210702,000000,33.677,36.208,31.536,36.208,2141,0
BIP,D,20210705,000000,36.013,36.013,35.04,35.04,164,0
BIP,D,20210707,000000,35.04,36.013,35.04,36.013,292,0
BIP,D,20210708,000000,35.429,35.819,34.067,35.819,474,0
BIP,D,20210709,000000,35.624,35.819,32.315,35.819,572,0
BIP,D,20210712,000000,34.067,34.067,31.147,32.12,1392,0
BIP,D,20210713,000000,32.12,32.12,31.536,32.12,308,0
BIP,D,20210714,000000,32.12,33.093,31.147,33.093,303,0
BIP,D,20210715,000000,32.12,32.704,29.395,29.395,2556,0
BIP,D,20210716,000000,30.952,30.952,29.395,30.173,588,0
BIP,D,20210719,000000,30.173,30.173,28.227,28.421,1799,0
BIP,D,20210720,000000,28.421,28.616,28.032,28.616,528,0
BIP,D,20210721,000000,28.811,29.005,28.811,29.005,189,0
BIP,D,20210722,000000,29.005,29.005,28.227,28.227,57,0
BIP,D,20210723,000000,29.005,29.005,29.005,29.005,79,0
BIP,D,20210726,000000,29.589,30.563,29.2,29.784,1082,0
BIP,D,20210727,000000,29.784,29.784,29.784,29.784,213,0
BIP,D,20210728,000000,29.784,29.784,29.395,29.395,481,0
BIP,D,20210729,000000,30.173,30.173,29.589,29.589,242,0
BIP,D,20210730,000000,30.173,30.173,29.2,29.2,1347,0
BIP,D,20210802,000000,29.979,29.979,29.979,29.979,11,0
BIP,D,20210803,000000,29.979,29.979,29.2,29.2,258,0
BIP,D,20210804,000000,29.2,29.2,28.811,29.2,1042,0
BIP,D,20210805,000000,30,30.8,30,30.8,333,0
BIP,D,20210809,000000,30,30,30,30,179,0
BIP,D,20210810,000000,30,30,30,30,97,0
BIP,D,20210811,000000,29.8,29.8,29.8,29.8,198,0
BIP,D,20210812,000000,30.2,33,30,31.4,260,0
BIP,D,20210813,000000,30.8,32.8,30,32.8,470,0
BIP,D,20210816,000000,30,31.4,30,31.4,185,0
BIP,D,20210817,000000,30,30.2,30,30.2,250,0
BIP,D,20210818,000000,30.2,30.2,30.2,30.2,25,0
BIP,D,20210819,000000,30,31,28.8,30,435,0
BIP,D,20210820,000000,29,30.8,29,30.8,187,0
BIP,D,20210823,000000,30.8,31,30.8,31,15,0
BIP,D,20210824,000000,30,30.8,30,30.8,835,0
BIP,D,20210825,000000,30,30,30,30,75,0
BIP,D,20210826,000000,29.8,29.8,29.6,29.6,156,0
BIP,D,20210827,000000,29,30.8,29,30.8,334,0
BIP,D,20210831,000000,30,30,29,29,350,0
BIP,D,20210901,000000,29,31,28,28,2772,0
BIP,D,20210902,000000,28.2,28.2,28,28,410,0
BIP,D,20210903,000000,28,29.6,27.2,29.6,378,0
BIP,D,20210906,000000,29.2,30.6,29.2,30.6,220,0
BIP,D,20210907,000000,30.8,30.8,29.8,29.8,1250,0
BIP,D,20210908,000000,31,31,30.4,30.8,260,0
BIP,D,20210909,000000,30,30.2,28,30.2,552,0
BIP,D,20210910,000000,29,31.2,27.6,31.2,2841,0
BIP,D,20210913,000000,30,31.2,30,30,666,0
BIP,D,20210914,000000,29.2,31.2,29,31.2,1580,0
BIP,D,20210915,000000,29.2,32.4,29,31.8,1915,0
BIP,D,20210916,000000,30,30,28,29.4,2903,0
BIP,D,20210917,000000,29.4,31.8,29.4,31,3320,0
BIP,D,20210920,000000,31,33.8,31,32,1912,0
BIP,D,20210921,000000,32.2,33.2,31,31.2,519,0
BIP,D,20210922,000000,32.2,33.8,31,33.8,638,0
BIP,D,20210923,000000,33.2,33.2,33.2,33.2,32,0
BIP,D,20210924,000000,32,33.8,30.2,33.8,1023,0
BIP,D,20210927,000000,32.2,32.2,32.2,32.2,30,0
BIP,D,20210928,000000,31,31,31,31,48,0
BIP,D,20210929,000000,32.2,33,31,33,161,0
BIP,D,20210930,000000,32,33.2,32,33.2,215,0
BIP,D,20211004,000000,31,31.2,31,31.2,381,0
BIP,D,20211005,000000,31,33,31,33,161,0
BIP,D,20211006,000000,32.2,32.6,31,32.2,649,0
BIP,D,20211007,000000,31,32,29,31.6,566,0
BIP,D,20211008,000000,29.6,31,27.4,28.8,4966,0
BIP,D,20211011,000000,28.8,30.4,28,29,2482,0
BIP,D,20211012,000000,28,29.8,27,29.4,1844,0
BIP,D,20211013,000000,28.8,30,27.6,30,650,0
BIP,D,20211014,000000,29.2,33,29.2,31,2395,0
BIP,D,20211015,000000,32,32,31,32,325,0
BIP,D,20211018,000000,32,32.2,31.8,32.2,350,0
BIP,D,20211019,000000,32,32.2,31,32.2,188,0
BIP,D,20211020,000000,32.2,32.8,32.2,32.8,78,0
BIP,D,20211021,000000,32.4,32.4,31,32.2,261,0
BIP,D,20211022,000000,31.2,32,29.6,32,552,0
BIP,D,20211025,000000,32,32.4,30.8,32.4,457,0
BIP,D,20211027,000000,31,31.2,31,31.2,195,0
BIP,D,20211029,000000,31.8,32,31.8,32,300,0
BIP,D,20211102,000000,31,32.8,29.6,31.2,1440,0
BIP,D,20211103,000000,31.8,31.8,31,31.8,483,0
BIP,D,20211104,000000,31.8,32.8,31.8,32.2,497,0
BIP,D,20211105,000000,31.6,31.6,31,31,489,0
BIP,D,20211108,000000,31.6,32.2,31.6,32.2,448,0
BIP,D,20211109,000000,32.2,32.6,32.2,32.6,362,0
BIP,D,20211110,000000,32,32.6,32,32,506,0
BIP,D,20211112,000000,31.2,32,31.2,32,128,0
BIP,D,20211115,000000,31.6,31.6,30,31,550,0
BIP,D,20211117,000000,31,31.6,31,31.4,170,0
BIP,D,20211118,000000,31.4,31.4,29,30.2,744,0
BIP,D,20211119,000000,29,29.2,28.2,28.4,327,0
BIP,D,20211122,000000,28.4,28.4,28.4,28.4,3,0
BIP,D,20211123,000000,28.8,30,28.8,30,215,0
BIP,D,20211126,000000,29,29.8,27.2,29.2,1660,0
BIP,D,20211129,000000,28.2,31.2,27.2,31,1276,0
BIP,D,20211201,000000,30.2,31.2,28,30,2856,0
BIP,D,20211202,000000,29,29.8,28,29.8,1445,0
BIP,D,20211203,000000,29.2,31,28,31,330,0
BIP,D,20211206,000000,30,30,27.8,28,1317,0
BIP,D,20211207,000000,28.8,29,28,28,1359,0
BIP,D,20211208,000000,28,28.8,27,27.8,1867,0
BIP,D,20211209,000000,27.2,27.8,26.6,27,1324,0
BIP,D,20211210,000000,27,27,27,27,10,0
BIP,D,20211213,000000,27,27,26,27,385,0
BIP,D,20211214,000000,26.8,26.8,26.8,26.8,56,0
BIP,D,20211215,000000,26.8,27.8,26,27,820,0
BIP,D,20211216,000000,27.6,27.8,27,27.6,893,0
BIP,D,20211217,000000,28,28,26,26.8,831,0
BIP,D,20211220,000000,27,27.8,26,26.6,3119,0
BIP,D,20211221,000000,27.2,27.2,26,26,1419,0
BIP,D,20211222,000000,26,28.6,25,25,4094,0
BIP,D,20211223,000000,25.2,26,23.6,23.6,1486,0
BIP,D,20211227,000000,24,24,23,23.6,1150,0
BIP,D,20211228,000000,23.6,24,22,23.8,3214,0
BIP,D,20211229,000000,22.8,27,22.8,26.8,3859,0
BIP,D,20211230,000000,26,26.4,25,26.4,1065,0
BIP,D,20220103,000000,26.4,26.4,25,26,1298,0
BIP,D,20220104,000000,25.6,27.6,25,27.6,2052,0
BIP,D,20220105,000000,25.8,26.6,25.6,26,2824,0
BIP,D,20220107,000000,26.6,26.6,26.4,26.4,124,0
BIP,D,20220110,000000,26.4,26.4,26.2,26.2,178,0
BIP,D,20220111,000000,26.2,26.8,26.2,26.4,22,0
BIP,D,20220112,000000,26.4,26.8,26.4,26.8,264,0
BIP,D,20220113,000000,26.8,26.8,26.2,26.2,125,0
BIP,D,20220114,000000,26.2,26.8,26.2,26.6,180,0
BIP,D,20220117,000000,26.6,26.6,26,26,464,0
BIP,D,20220118,000000,26,26,26,26,1004,0
BIP,D,20220119,000000,26.8,26.8,26.8,26.8,140,0
BIP,D,20220120,000000,26.2,26.2,26.2,26.2,50,0
BIP,D,20220121,000000,26,26,26,26,188,0
BIP,D,20220124,000000,26,26,25,25.8,491,0
BIP,D,20220125,000000,25,25.6,25,25.4,234,0
BIP,D,20220126,000000,25,25,24.8,24.8,444,0
BIP,D,20220128,000000,24,24,24,24,80,0
BIP,D,20220131,000000,24.8,25,24,25,200,0
BIP,D,20220201,000000,25,25,25,25,20,0
BIP,D,20220202,000000,25,25,24.4,24.4,47,0
BIP,D,20220203,000000,25,25,24,24.8,155,0
BIP,D,20220204,000000,24.8,24.8,24.8,24.8,17,0
BIP,D,20220207,000000,24,24,23.8,23.8,453,0
BIP,D,20220209,000000,23.6,23.6,22.8,22.8,856,0
BIP,D,20220210,000000,23,23,23,23,100,0
BIP,D,20220214,000000,22,22,22,22,220,0
BIP,D,20220215,000000,22.8,22.8,22.8,22.8,50,0
BIP,D,20220216,000000,22.8,22.8,22.8,22.8,1050,0
BIP,D,20220217,000000,22.2,22.2,22,22.2,172,0
BIP,D,20220218,000000,22,23,22,23,357,0
BIP,D,20220221,000000,22,22,21.8,21.8,823,0
BIP,D,20220222,000000,22,22,22,22,900,0
BIP,D,20220223,000000,22,22,22,22,605,0
BIP,D,20220224,000000,20,21.6,20,21,360,0
BIP,D,20220225,000000,21.2,22,21.2,22,955,0
BIP,D,20220228,000000,22.2,22.2,22.2,22.2,104,0
BIP,D,20220301,000000,23,24,22.8,22.8,836,0
BIP,D,20220302,000000,22.8,23,22.8,22.8,480,0
BIP,D,20220303,000000,23,23,23,23,549,0
BIP,D,20220304,000000,23,23,23,23,1591,0
BIP,D,20220307,000000,23,23,22.6,22.6,625,0
BIP,D,20220308,000000,22.4,22.4,22.4,22.4,213,0
BIP,D,20220309,000000,22,22,21.2,22,1435,0
BIP,D,20220310,000000,22,22,22,22,590,0
BIP,D,20220311,000000,21,21,21,21,710,0
BIP,D,20220314,000000,21,21,21,21,380,0
BIP,D,20220315,000000,21,21,21,21,460,0
BIP,D,20220316,000000,21,21,20,20,555,0
BIP,D,20220317,000000,20,20,20,20,243,0
BIP,D,20220318,000000,21,21,19.5,20,1071,0
BIP,D,20220322,000000,20,20,20,20,130,0
BIP,D,20220323,000000,20,20,20,20,450,0
BIP,D,20220324,000000,21,21,21,21,400,0
BIP,D,20220325,000000,22,24.2,22,22,921,0
BIP,D,20220328,000000,22,22,21,21,610,0
BIP,D,20220329,000000,21,21,21,21,468,0
BIP,D,20220331,000000,21,21,21,21,430,0
BIP,D,20220404,000000,22,22,21.4,21.4,635,0
BIP,D,20220406,000000,21.4,21.4,21.4,21.4,35,0
BIP,D,20220407,000000,22,22,22,22,100,0
BIP,D,20220408,000000,22,22,22,22,1,0
BIP,D,20220411,000000,22,22,22,22,508,0
BIP,D,20220412,000000,22.2,22.2,22.2,22.2,100,0
BIP,D,20220413,000000,22,22,22,22,407,0
BIP,D,20220414,000000,21.4,21.4,20,21,961,0
BIP,D,20220419,000000,20,20,19,19.2,2440,0
BIP,D,20220420,000000,19.4,19.4,18.9,18.9,456,0
BIP,D,20220421,000000,19,19,18.9,18.9,50,0
BIP,D,20220422,000000,19,19,18.9,18.9,198,0
