<TICKER>,<PER>,<DATE>,<TIME>,<OPEN>,<HIGH>,<LOW>,<CLOSE>,<VOL>,<OPENINT>
CLN,D,20161017,000000,18.892,20.332,18.147,19.048,1817498,0
CLN,D,20161018,000000,18.999,19.077,18.275,18.618,228584,0
CLN,D,20161019,000000,18.618,18.657,18.225,18.559,357966,0
CLN,D,20161020,000000,18.519,18.843,18.333,18.725,821146,0
CLN,D,20161021,000000,18.765,19.322,18.765,19.107,158858,0
CLN,D,20161024,000000,19.255,19.891,19.156,19.402,304007,0
CLN,D,20161025,000000,19.794,19.794,19.097,19.176,57347,0
CLN,D,20161026,000000,19.176,19.205,18.961,18.961,28198,0
CLN,D,20161027,000000,19.008,19.205,18.961,18.961,28092,0
CLN,D,20161028,000000,19.018,19.087,18.589,18.715,30100,0
CLN,D,20161031,000000,18.715,18.941,18.569,18.715,32214,0
CLN,D,20161102,000000,18.715,18.715,17.982,17.99,66534,0
CLN,D,20161103,000000,18.118,18.372,17.196,17.344,149612,0
CLN,D,20161104,000000,17.139,18.608,16.893,17.883,108822,0
CLN,D,20161107,000000,18.118,18.598,18.118,18.441,30678,0
CLN,D,20161108,000000,18.441,18.559,17.962,17.962,21972,0
CLN,D,20161109,000000,17.932,18.421,17.648,18.304,70918,0
CLN,D,20161110,000000,18.391,19.038,18.323,18.519,40848,0
CLN,D,20161114,000000,18.265,18.471,17.962,18.421,13032,0
CLN,D,20161115,000000,18.089,18.421,18.089,18.372,3902,0
CLN,D,20161116,000000,18.372,18.912,18.323,18.323,14581,0
CLN,D,20161117,000000,18.265,18.765,18.156,18.421,211322,0
CLN,D,20161118,000000,18.275,18.813,18.049,18.804,192242,0
CLN,D,20161121,000000,18.618,20.332,18.569,19.402,121623,0
CLN,D,20161122,000000,19.539,20.077,19.411,19.969,211598,0
CLN,D,20161123,000000,19.989,20.225,19.744,20.047,89869,0
CLN,D,20161124,000000,20.047,20.431,19.891,20.382,73962,0
CLN,D,20161125,000000,20.45,22.017,20.292,21.478,167490,0
CLN,D,20161128,000000,21.478,22.037,21.478,21.949,120997,0
CLN,D,20161129,000000,22.047,22.341,20.588,20.588,102135,0
CLN,D,20161130,000000,21.107,21.558,20.518,21.067,169566,0
CLN,D,20161201,000000,21.851,21.93,21.215,21.832,14839,0
CLN,D,20161202,000000,21.851,21.901,21.654,21.842,16144,0
CLN,D,20161205,000000,21.851,22.341,21.851,22.281,94346,0
CLN,D,20161206,000000,22.41,23.419,22.351,23.037,53807,0
CLN,D,20161207,000000,23.37,24.692,23.37,24.154,84704,0
CLN,D,20161208,000000,24.497,24.497,23.811,24.105,60201,0
CLN,D,20161209,000000,24.458,24.458,23.518,24.095,43567,0
CLN,D,20161212,000000,24.203,24.458,23.419,23.469,22996,0
CLN,D,20161213,000000,23.86,23.908,23.469,23.811,29201,0
CLN,D,20161214,000000,23.908,24.007,23.536,23.713,15883,0
CLN,D,20161215,000000,23.565,24.203,23.555,24.057,36114,0
CLN,D,20161216,000000,24.067,24.379,23.908,24.193,26885,0
CLN,D,20161219,000000,24.124,24.203,23.723,23.917,23021,0
CLN,D,20161220,000000,23.927,24.007,23.879,23.917,16595,0
CLN,D,20161221,000000,23.957,24.497,23.761,24.252,67413,0
CLN,D,20161222,000000,24.301,24.301,23.614,24.085,39179,0
CLN,D,20161223,000000,24.085,24.497,24.085,24.389,21647,0
CLN,D,20161227,000000,24.398,24.478,24.301,24.448,35908,0
CLN,D,20161228,000000,24.468,24.468,24.114,24.262,34050,0
CLN,D,20161229,000000,24.369,24.389,24.134,24.301,26056,0
CLN,D,20161230,000000,24.301,24.301,24.017,24.017,35288,0
CLN,D,20170102,000000,24.487,25.956,23.977,23.977,19098,0
CLN,D,20170103,000000,24.203,25.076,24.203,25.066,173534,0
CLN,D,20170104,000000,25.056,25.066,24.654,24.907,53716,0
CLN,D,20170105,000000,24.987,25.379,24.987,25.349,27921,0
CLN,D,20170109,000000,25.349,25.379,25.172,25.379,23757,0
CLN,D,20170110,000000,25.28,25.379,25.172,25.182,38601,0
CLN,D,20170111,000000,25.379,25.379,25.231,25.359,18128,0
CLN,D,20170112,000000,25.359,25.359,24.997,25.143,38700,0
CLN,D,20170113,000000,25.007,25.359,24.644,24.927,15401,0
CLN,D,20170116,000000,24.791,24.791,23.791,24.692,62781,0
CLN,D,20170117,000000,24.684,24.684,24.329,24.684,13944,0
CLN,D,20170118,000000,24.674,25.379,24.644,25.271,38115,0
CLN,D,20170119,000000,25.261,26.887,25.037,26.506,50491,0
CLN,D,20170120,000000,26.828,28.319,26.349,27.543,140776,0
CLN,D,20170123,000000,27.681,28.808,27.543,28.405,150098,0
CLN,D,20170124,000000,28.897,31.355,28.612,31.306,225605,0
CLN,D,20170125,000000,31.062,31.983,30.552,30.915,138691,0
CLN,D,20170126,000000,31.335,31.335,29.504,30.376,51441,0
CLN,D,20170127,000000,30.279,30.768,29.219,30.768,32811,0
CLN,D,20170130,000000,30.768,33.218,30.768,32.718,112777,0
CLN,D,20170131,000000,32.825,33.021,32.385,33.021,27773,0
CLN,D,20170201,000000,33.109,33.218,32.335,32.629,37580,0
CLN,D,20170202,000000,32.924,32.952,31.846,32.208,266118,0
CLN,D,20170203,000000,32.139,32.315,29.983,30.229,147791,0
CLN,D,20170206,000000,29.886,30.179,28.711,29.886,89610,0
CLN,D,20170207,000000,29.886,30.179,29.395,29.768,39159,0
CLN,D,20170208,000000,29.983,31.502,29.983,30.816,50650,0
CLN,D,20170209,000000,31.335,31.601,30.042,30.131,52198,0
CLN,D,20170210,000000,30.376,30.376,29.395,29.797,31013,0
CLN,D,20170213,000000,29.797,29.974,28.907,29.592,90646,0
CLN,D,20170214,000000,29.876,30.356,28.927,29.876,21111,0
CLN,D,20170215,000000,29.876,30.856,29.876,30.718,25154,0
CLN,D,20170216,000000,30.856,31.698,30.856,31.63,65375,0
CLN,D,20170217,000000,31.63,31.63,30.376,30.945,22259,0
CLN,D,20170220,000000,31.335,31.434,30.327,30.621,10321,0
CLN,D,20170221,000000,30.621,31.259,29.514,29.876,41222,0
CLN,D,20170222,000000,30.249,30.279,29.504,29.856,31206,0
CLN,D,20170223,000000,29.856,31.15,29.592,31.052,46479,0
CLN,D,20170224,000000,31.022,31.062,30.259,30.376,28107,0
CLN,D,20170227,000000,30.474,31.532,30.474,31.062,30007,0
CLN,D,20170228,000000,31.16,31.552,30.806,30.984,71644,0
CLN,D,20170301,000000,31.355,32.434,30.679,32.434,117458,0
CLN,D,20170302,000000,32.777,33.247,32.678,33.119,49047,0
CLN,D,20170303,000000,33.218,33.218,32.335,33.07,27230,0
CLN,D,20170306,000000,33.119,33.707,32.738,33.608,43661,0
CLN,D,20170307,000000,33.707,33.707,31.649,33.305,59904,0
CLN,D,20170308,000000,32.434,33.305,32.295,33.305,16748,0
CLN,D,20170309,000000,33.119,33.315,32.335,33.07,12609,0
CLN,D,20170310,000000,32.825,33.295,32.355,33.209,20150,0
CLN,D,20170313,000000,33.267,34.198,33.169,34.05,41536,0
CLN,D,20170314,000000,34.139,34.198,33.884,34.198,17081,0
CLN,D,20170315,000000,34.198,35.128,33.591,33.707,67857,0
CLN,D,20170316,000000,34.089,34.717,33.805,33.854,31803,0
CLN,D,20170317,000000,34.129,34.374,33.707,34.099,24311,0
CLN,D,20170320,000000,34.139,35.618,33.707,35.531,106048,0
CLN,D,20170321,000000,35.531,37.117,35.531,35.865,102964,0
CLN,D,20170322,000000,35.717,35.765,34.579,35.559,41201,0
CLN,D,20170323,000000,35.344,37.92,35.274,37.235,62449,0
CLN,D,20170324,000000,37.891,38.058,36.94,37.333,36099,0
CLN,D,20170327,000000,37.235,37.235,35.835,36.92,22604,0
CLN,D,20170328,000000,37.137,38.861,36.843,38.607,45827,0
CLN,D,20170329,000000,39.097,40.077,38.508,38.537,54600,0
CLN,D,20170330,000000,38.705,38.705,37.157,37.537,31381,0
CLN,D,20170331,000000,37.724,38.312,37.235,37.92,14451,0
CLN,D,20170403,000000,38.312,38.98,37.774,38.214,18708,0
CLN,D,20170404,000000,38.597,38.705,37.724,38.205,34683,0
CLN,D,20170405,000000,38.705,38.793,37.432,38.411,27129,0
CLN,D,20170406,000000,38.166,38.303,37.382,38.02,7660,0
CLN,D,20170407,000000,37.97,37.97,37.392,37.489,14564,0
CLN,D,20170410,000000,37.489,38.098,37.333,37.518,6653,0
CLN,D,20170411,000000,37.528,37.617,36.04,36.108,53646,0
CLN,D,20170412,000000,35.765,36.088,34.805,35.079,48736,0
CLN,D,20170413,000000,34.981,35.079,33.365,33.365,110225,0
CLN,D,20170418,000000,33.462,34.687,33.462,33.795,38707,0
CLN,D,20170419,000000,33.805,35.598,33.795,34.588,43308,0
CLN,D,20170420,000000,34.295,36.059,34.149,36.01,33012,0
CLN,D,20170421,000000,36.157,36.843,34.551,34.737,48646,0
CLN,D,20170424,000000,34.345,34.638,31.454,33.218,75033,0
CLN,D,20170425,000000,32.825,33.209,30.768,31.454,109951,0
CLN,D,20170426,000000,31.209,31.463,28.093,31.463,273165,0
CLN,D,20170427,000000,32.335,32.982,30.474,32.325,61590,0
CLN,D,20170428,000000,32.532,33.766,32.041,32.325,24172,0
CLN,D,20170502,000000,32.924,32.924,31.601,32.228,8068,0
CLN,D,20170504,000000,31.846,31.905,30.866,31.022,46869,0
CLN,D,20170505,000000,31.229,31.836,29.925,31.552,32493,0
CLN,D,20170508,000000,31.552,31.748,30.484,31.259,4506,0
CLN,D,20170509,000000,30.631,31.072,30.376,30.621,45863,0
CLN,D,20170510,000000,30.385,31.062,29.642,30.239,21905,0
CLN,D,20170511,000000,30.279,30.816,30.179,30.189,14412,0
CLN,D,20170512,000000,30.082,30.082,28.514,29.259,64100,0
CLN,D,20170515,000000,29.347,32.189,29.102,31.668,57397,0
CLN,D,20170516,000000,32.179,33.414,31.836,31.836,88593,0
CLN,D,20170517,000000,31.836,31.846,30.474,30.738,12772,0
CLN,D,20170518,000000,30.965,30.965,29.787,30.738,24358,0
CLN,D,20170519,000000,30.816,33.432,30.112,33.432,28659,0
CLN,D,20170522,000000,33.805,34.099,32.629,33.021,31182,0
CLN,D,20170523,000000,33.315,33.315,32.238,32.502,28823,0
CLN,D,20170524,000000,32.502,32.502,30.494,31.846,13616,0
CLN,D,20170525,000000,32.492,32.492,31.856,32.238,5978,0
CLN,D,20170526,000000,32.335,33.305,32.139,33.285,23900,0
CLN,D,20170529,000000,33.021,33.904,32.582,33.315,39546,0
CLN,D,20170530,000000,33.218,33.414,32.305,32.924,11431,0
CLN,D,20170531,000000,33.367,33.485,32.106,33.485,18931,0
CLN,D,20170601,000000,33.435,34.076,33.11,33.445,17177,0
CLN,D,20170602,000000,33.435,35.306,33.435,34.666,21389,0
CLN,D,20170605,000000,35.346,35.75,34.469,35.209,218384,0
CLN,D,20170606,000000,35.445,36.784,35.209,36.734,235949,0
CLN,D,20170607,000000,36.538,36.734,35.946,36.44,78437,0
CLN,D,20170608,000000,36.627,36.627,36.321,36.341,12715,0
CLN,D,20170609,000000,36.44,37.129,35.996,36.39,98077,0
CLN,D,20170612,000000,36.39,36.931,34.076,34.962,91258,0
CLN,D,20170613,000000,34.479,35.946,34.479,35.435,9478,0
CLN,D,20170614,000000,35.435,36.144,35.435,36.144,113720,0
CLN,D,20170616,000000,36.094,36.094,35.12,35.455,4575,0
CLN,D,20170619,000000,35.455,35.701,34.864,35.701,36651,0
CLN,D,20170620,000000,35.75,35.936,35.256,35.75,75581,0
CLN,D,20170621,000000,35.85,35.946,34.893,35.642,9410,0
CLN,D,20170622,000000,35.642,36.114,35.642,35.946,9324,0
CLN,D,20170623,000000,35.956,36.734,35.946,36.587,41150,0
CLN,D,20170626,000000,36.637,36.931,36.242,36.931,20904,0
CLN,D,20170627,000000,36.931,37.375,36.647,37.129,136505,0
CLN,D,20170628,000000,36.921,36.921,36.104,36.381,5284,0
CLN,D,20170629,000000,36.114,36.834,36.104,36.538,8936,0
CLN,D,20170630,000000,36.44,37.267,36.301,37.129,112672,0
CLN,D,20170703,000000,36.794,37.159,36.351,36.351,7421,0
CLN,D,20170704,000000,36.351,36.44,35.276,35.553,27245,0
CLN,D,20170705,000000,35.553,35.553,34.175,34.469,27841,0
CLN,D,20170706,000000,34.845,36.44,34.469,36.164,22827,0
CLN,D,20170707,000000,35.701,36.44,35.701,36.056,65054,0
CLN,D,20170710,000000,36.046,36.685,36.046,36.637,23974,0
CLN,D,20170711,000000,36.637,36.685,34.922,35.612,30417,0
CLN,D,20170712,000000,36.311,36.311,34.972,35.946,5393,0
CLN,D,20170713,000000,36.272,36.44,35.256,36.44,67510,0
CLN,D,20170714,000000,36.695,36.873,35.946,36.784,8790,0
CLN,D,20170717,000000,36.074,36.931,35.652,36.834,16726,0
CLN,D,20170718,000000,36.834,37.7,36.734,36.734,40655,0
CLN,D,20170719,000000,36.734,36.734,36.094,36.734,28807,0
CLN,D,20170720,000000,36.931,37.621,36.931,37.287,112961,0
CLN,D,20170721,000000,37.227,37.227,36.242,36.538,7171,0
CLN,D,20170724,000000,36.134,36.901,35.946,36.331,2055,0
CLN,D,20170725,000000,36.331,36.331,34.519,34.903,28923,0
CLN,D,20170726,000000,34.903,36.026,34.617,35.572,16167,0
CLN,D,20170727,000000,35.464,36.371,35.464,36.144,3206,0
CLN,D,20170728,000000,35.455,36.341,35.256,35.946,5268,0
CLN,D,20170731,000000,35.84,35.946,35.256,35.946,7004,0
CLN,D,20170801,000000,35.553,36.242,34.962,35.946,58523,0
CLN,D,20170802,000000,36.242,36.242,32.697,34.449,61165,0
CLN,D,20170803,000000,34.43,34.43,33.19,33.977,74206,0
CLN,D,20170804,000000,33.879,35.237,33.495,35.199,24593,0
CLN,D,20170807,000000,35.199,35.256,34.716,35.149,2257,0
CLN,D,20170808,000000,34.587,34.962,34.007,34.815,4969,0
CLN,D,20170809,000000,34.755,34.864,33.287,33.977,11830,0
CLN,D,20170810,000000,33.899,35.061,33.535,35.061,103826,0
CLN,D,20170811,000000,35.071,35.256,33.977,34.322,46713,0
CLN,D,20170814,000000,33.987,34.322,33.091,34.145,25798,0
CLN,D,20170816,000000,33.879,34.411,33.485,34.371,10296,0
CLN,D,20170817,000000,34.401,34.646,33.731,34.559,4875,0
CLN,D,20170818,000000,34.459,34.539,33.879,34.519,6899,0
CLN,D,20170821,000000,34.597,35.84,34.597,35.76,92603,0
CLN,D,20170822,000000,35.8,37.425,35.77,37.425,136164,0
CLN,D,20170823,000000,37.405,37.621,36.695,37.326,88944,0
CLN,D,20170824,000000,37.227,37.691,37.208,37.316,18574,0
CLN,D,20170825,000000,37.316,37.611,37.217,37.571,40395,0
CLN,D,20170828,000000,37.621,37.916,37.217,37.326,7529,0
CLN,D,20170829,000000,37.326,37.425,35.455,37.119,12545,0
CLN,D,20170830,000000,37.119,37.425,37.119,37.149,3576,0
CLN,D,20170831,000000,37.326,37.326,36.44,37.089,3318,0
CLN,D,20170901,000000,37.129,37.129,36.065,36.44,14127,0
CLN,D,20170904,000000,36.881,36.881,35.78,35.78,3043,0
CLN,D,20170905,000000,35.671,35.701,35.09,35.266,20573,0
CLN,D,20170906,000000,35.266,36.44,35.266,35.996,8040,0
CLN,D,20170907,000000,36.637,36.637,35.504,35.514,2162,0
CLN,D,20170908,000000,36.341,36.557,35.553,36.44,117668,0
CLN,D,20170911,000000,36.754,36.754,35.946,36.734,1943,0
CLN,D,20170912,000000,36.754,36.754,35.504,35.936,4343,0
CLN,D,20170913,000000,35.936,35.936,35.504,35.504,43130,0
CLN,D,20170914,000000,36.026,36.538,35.563,35.662,29153,0
CLN,D,20170915,000000,35.946,35.946,35.012,35.012,8994,0
CLN,D,20170918,000000,35.012,35.247,34.903,34.942,51292,0
CLN,D,20170919,000000,34.864,35.445,34.864,35.445,910,0
CLN,D,20170920,000000,35.926,36.036,35.189,35.85,6728,0
CLN,D,20170921,000000,34.568,35.346,34.568,35.286,40775,0
CLN,D,20170922,000000,35.396,35.534,35.256,35.464,48033,0
CLN,D,20170925,000000,35.504,36.44,35.504,36.44,72834,0
CLN,D,20170926,000000,36.242,36.331,35.731,36.331,577,0
CLN,D,20170927,000000,36.331,36.331,35.721,36.134,618,0
CLN,D,20170928,000000,36.134,36.134,33.631,34.716,63280,0
CLN,D,20170929,000000,34.371,36.144,34.175,36.144,81553,0
CLN,D,20171002,000000,36.134,36.134,34.195,34.352,25216,0
CLN,D,20171003,000000,34.262,34.479,34.175,34.292,7924,0
CLN,D,20171004,000000,34.135,34.352,33.641,33.641,48353,0
CLN,D,20171005,000000,33.505,33.505,32.056,33.287,21685,0
CLN,D,20171006,000000,33.287,33.287,32.747,32.992,20998,0
CLN,D,20171009,000000,32.767,33.485,31.318,31.367,33293,0
CLN,D,20171010,000000,31.357,32.796,30.935,31.81,53619,0
CLN,D,20171011,000000,32.195,32.205,31.575,32.007,5646,0
CLN,D,20171012,000000,32.332,33.317,32.322,33.317,6576,0
CLN,D,20171013,000000,33.091,33.091,32.007,32.205,6264,0
CLN,D,20171016,000000,32.5,33.19,31.652,32.382,3910,0
CLN,D,20171017,000000,32.214,32.392,31.81,32.362,1582,0
CLN,D,20171018,000000,31.92,32.392,31.515,31.9,3051,0
CLN,D,20171019,000000,32.382,32.382,30.629,30.875,56872,0
CLN,D,20171020,000000,30.875,31.022,30.285,30.767,5991,0
CLN,D,20171023,000000,30.56,32.796,30.56,32.007,88449,0
CLN,D,20171024,000000,32.205,32.767,31.171,32.5,73953,0
CLN,D,20171025,000000,32.302,34.597,32.302,34.371,72627,0
CLN,D,20171026,000000,34.42,34.469,32.992,32.992,4620,0
CLN,D,20171027,000000,32.962,33.584,32.962,33.485,979,0
CLN,D,20171030,000000,33.485,34.262,32.302,32.302,9116,0
CLN,D,20171031,000000,32.5,33.367,31.762,33.367,39941,0
CLN,D,20171102,000000,33.277,33.277,32.51,33.19,370,0
CLN,D,20171103,000000,33.239,33.287,31.92,33.091,4834,0
CLN,D,20171106,000000,33.091,33.268,32.293,32.293,2288,0
CLN,D,20171107,000000,32.49,32.5,31.742,31.988,42045,0
CLN,D,20171108,000000,31.94,31.94,30.757,31.26,56317,0
CLN,D,20171109,000000,30.925,31.475,30.825,31.022,1385,0
CLN,D,20171110,000000,30.796,31.396,29.506,30.432,106785,0
CLN,D,20171113,000000,30.432,30.51,29.062,30.037,6773,0
CLN,D,20171114,000000,29.605,30.027,29.152,29.546,37340,0
CLN,D,20171115,000000,29.94,29.94,29.3,29.645,4334,0
CLN,D,20171116,000000,29.043,29.546,27.457,28.363,62272,0
CLN,D,20171117,000000,28.56,29.052,28.492,29.013,4703,0
CLN,D,20171120,000000,29.25,30.53,29.25,30.53,24029,0
CLN,D,20171121,000000,30.53,30.974,30.037,30.037,8557,0
CLN,D,20171122,000000,30.255,30.255,29.349,29.447,25746,0
CLN,D,20171123,000000,29.467,29.89,29.349,29.349,61035,0
CLN,D,20171124,000000,29.359,29.732,29.152,29.536,1800,0
CLN,D,20171127,000000,29.526,29.526,28.757,29.152,4228,0
CLN,D,20171128,000000,29.152,30.825,28.955,30.52,23379,0
CLN,D,20171129,000000,30.235,31.505,30.235,31.022,8276,0
CLN,D,20171130,000000,31.2,31.318,29.152,29.546,22740,0
CLN,D,20171201,000000,30.472,30.472,30.037,30.037,15054,0
CLN,D,20171204,000000,30.373,30.373,28.363,28.56,42751,0
CLN,D,20171205,000000,28.59,29.94,27.694,29.546,57165,0
CLN,D,20171206,000000,29.536,29.546,28.069,28.215,49884,0
CLN,D,20171207,000000,28.442,29.387,28.442,29.052,12406,0
CLN,D,20171208,000000,28.669,29.82,28.669,29.82,15922,0
CLN,D,20171211,000000,29.82,30.137,29.457,30.057,12749,0
CLN,D,20171212,000000,30.037,30.185,29.89,30.185,7567,0
CLN,D,20171213,000000,30.255,30.865,30.235,30.825,12779,0
CLN,D,20171214,000000,31.406,32.125,31.318,31.585,33325,0
CLN,D,20171215,000000,31.9,33.427,31.89,32.5,61608,0
CLN,D,20171218,000000,32.372,32.962,31.505,31.505,21122,0
CLN,D,20171219,000000,32.096,33.397,31.762,33.041,37436,0
CLN,D,20171220,000000,33.397,33.869,33.287,33.83,63411,0
CLN,D,20171221,000000,33.83,34.864,32.647,32.647,89364,0
CLN,D,20171222,000000,32.697,34.568,32.697,34.175,85179,0
CLN,D,20171227,000000,34.175,35.052,32.5,32.5,83173,0
CLN,D,20171228,000000,34.371,35.336,33.101,34.469,300907,0
CLN,D,20171229,000000,32.992,35.256,32.864,35.256,313343,0
CLN,D,20180103,000000,34.519,35.256,34.371,34.371,15455,0
CLN,D,20180104,000000,35.256,35.256,33.681,33.681,15680,0
CLN,D,20180105,000000,34.716,34.716,33.681,33.681,16185,0
CLN,D,20180108,000000,33.485,34.225,33.091,33.091,7491,0
CLN,D,20180109,000000,33.091,33.879,32.647,33.485,12656,0
CLN,D,20180110,000000,33.485,33.977,33.239,33.485,1495,0
CLN,D,20180111,000000,33.879,33.927,32.697,33.14,4255,0
CLN,D,20180112,000000,33.19,34.666,33.19,34.371,11861,0
CLN,D,20180115,000000,34.617,35.306,34.617,35.306,9858,0
CLN,D,20180116,000000,35.306,35.306,34.469,34.864,11707,0
CLN,D,20180117,000000,34.864,34.864,33.977,34.076,3206,0
CLN,D,20180118,000000,34.371,34.469,33.287,33.387,8079,0
CLN,D,20180119,000000,33.485,34.469,33.485,34.175,2915,0
CLN,D,20180122,000000,34.125,34.125,32.844,33.287,9798,0
CLN,D,20180123,000000,33.19,33.879,31.565,33.287,37795,0
CLN,D,20180124,000000,33.287,33.83,33.287,33.584,2165,0
CLN,D,20180125,000000,33.681,33.731,32.6,33.731,3340,0
CLN,D,20180126,000000,33.681,33.731,33.041,33.041,1114,0
CLN,D,20180129,000000,33.584,33.584,33.19,33.485,2654,0
CLN,D,20180130,000000,33.584,33.977,32.6,32.6,10342,0
CLN,D,20180131,000000,32.6,32.894,32.302,32.302,7170,0
CLN,D,20180201,000000,32.5,32.5,31.712,32.106,5624,0
CLN,D,20180202,000000,31.662,32.45,31.022,31.318,18830,0
CLN,D,20180205,000000,31.022,32.894,29.595,32.007,14155,0
CLN,D,20180206,000000,29.546,31.318,29.546,31.269,29583,0
CLN,D,20180207,000000,31.712,32.992,31.515,32.6,16826,0
CLN,D,20180208,000000,32.796,32.796,31.022,31.515,20219,0
CLN,D,20180209,000000,30.825,31.022,30.037,30.53,12909,0
CLN,D,20180212,000000,30.629,31.515,30.382,30.382,8579,0
CLN,D,20180213,000000,30.53,31.318,30.53,31.022,23873,0
CLN,D,20180214,000000,31.269,32.106,30.677,31.465,24201,0
CLN,D,20180215,000000,32.007,32.007,31.122,31.515,1961,0
CLN,D,20180216,000000,31.515,32.007,31.515,31.91,27518,0
CLN,D,20180219,000000,32.155,32.155,31.416,32.106,9894,0
CLN,D,20180220,000000,32.106,33.485,31.91,32.796,10974,0
CLN,D,20180221,000000,33.239,33.387,32.992,33.041,5286,0
CLN,D,20180222,000000,32.992,32.992,32.302,32.6,2628,0
CLN,D,20180223,000000,32.6,33.19,32.6,32.6,8161,0
CLN,D,20180226,000000,33.091,33.287,31.662,31.662,9040,0
CLN,D,20180227,000000,31.91,32.302,31.565,31.712,14127,0
CLN,D,20180228,000000,31.662,31.662,29.742,30.825,63981,0
CLN,D,20180301,000000,30.727,31.022,29.25,30.087,37649,0
CLN,D,20180302,000000,30.087,30.382,29.349,29.94,11297,0
CLN,D,20180305,000000,29.94,30.285,28.61,29.791,40529,0
CLN,D,20180306,000000,30.037,31.022,29.94,30.777,15218,0
CLN,D,20180307,000000,30.727,32.5,29.349,31.318,72726,0
CLN,D,20180308,000000,31.91,31.91,31.022,31.122,2259,0
CLN,D,20180309,000000,30.629,31.122,30.137,30.777,7067,0
CLN,D,20180312,000000,30.53,31.022,29.742,30.037,8720,0
CLN,D,20180313,000000,29.988,30.432,29.742,30.432,4340,0
CLN,D,20180314,000000,29.84,30.777,29.84,30.629,13274,0
CLN,D,20180315,000000,30.629,30.777,30.037,30.53,2021,0
CLN,D,20180316,000000,30.58,30.727,29.546,30.53,6324,0
CLN,D,20180319,000000,30.235,30.481,29.694,29.742,4245,0
CLN,D,20180320,000000,30.037,30.481,29.546,30.185,8700,0
CLN,D,20180321,000000,30.185,30.432,29.546,29.791,14130,0
CLN,D,20180322,000000,29.84,30.777,29.397,30.037,9839,0
CLN,D,20180323,000000,30.334,30.334,29.447,29.694,19298,0
CLN,D,20180326,000000,29.546,29.94,28.955,29.152,16934,0
CLN,D,20180327,000000,29.546,30.334,29.397,29.84,38217,0
CLN,D,20180328,000000,29.546,29.546,27.871,28.66,43239,0
CLN,D,20180329,000000,28.56,29.349,28.363,29.152,14855,0
CLN,D,20180403,000000,29.25,29.546,28.56,28.56,7088,0
CLN,D,20180404,000000,28.56,29.052,28.315,28.807,18857,0
CLN,D,20180405,000000,28.56,29.349,28.56,29.2,2741,0
CLN,D,20180406,000000,29.152,29.25,28.856,28.955,2006,0
CLN,D,20180409,000000,29.052,29.546,28.955,29.397,8859,0
CLN,D,20180410,000000,29.496,30.037,29.349,29.988,7757,0
CLN,D,20180411,000000,29.988,30.53,29.645,30.53,3272,0
CLN,D,20180412,000000,29.988,30.53,29.988,29.988,5472,0
CLN,D,20180413,000000,30.334,30.334,29.694,29.84,6286,0
CLN,D,20180416,000000,29.742,29.988,29.595,29.84,8850,0
CLN,D,20180417,000000,29.546,29.791,29.052,29.447,18393,0
CLN,D,20180418,000000,29.546,29.546,29.25,29.397,9264,0
CLN,D,20180419,000000,29.397,29.988,29.25,29.742,7180,0
CLN,D,20180420,000000,29.397,29.84,29.3,29.546,7593,0
CLN,D,20180423,000000,29.447,29.84,29.349,29.742,6200,0
CLN,D,20180424,000000,29.546,29.791,29.397,29.546,9566,0
CLN,D,20180425,000000,29.546,30.087,28.56,29.546,35025,0
CLN,D,20180426,000000,29.546,30.087,28.955,29.546,28890,0
CLN,D,20180427,000000,29.546,30.087,29.349,30.087,7743,0
CLN,D,20180430,000000,30.087,30.235,29.546,30.235,12652,0
CLN,D,20180502,000000,30.235,30.235,29.447,29.988,3192,0
CLN,D,20180504,000000,30.137,30.185,29.546,29.742,2230,0
CLN,D,20180507,000000,29.546,29.546,28.757,29.397,6033,0
CLN,D,20180508,000000,29.052,29.349,28.462,29.349,12031,0
CLN,D,20180509,000000,29.25,29.3,28.56,29.052,6367,0
CLN,D,20180510,000000,29.102,29.152,28.511,28.856,2529,0
CLN,D,20180511,000000,29.052,29.052,28.069,28.462,9172,0
CLN,D,20180514,000000,28.412,28.807,27.675,28.757,21232,0
CLN,D,20180515,000000,28.757,28.906,28.412,28.56,2349,0
CLN,D,20180516,000000,28.856,29.645,28.511,29.102,14978,0
CLN,D,20180517,000000,29.447,29.447,28.61,29.102,5825,0
CLN,D,20180518,000000,29.447,29.496,28.462,29.152,4485,0
CLN,D,20180521,000000,29.25,29.25,27.822,28.56,18652,0
CLN,D,20180522,000000,28.069,29.349,28.019,28.56,10667,0
CLN,D,20180523,000000,28.167,29.003,28.069,28.56,12232,0
CLN,D,20180524,000000,29.152,30.382,29.052,30.037,46729,0
CLN,D,20180525,000000,30.334,31.416,30.334,30.875,19168,0
CLN,D,20180528,000000,30.875,30.875,29.496,30.777,27825,0
CLN,D,20180529,000000,30.629,31.269,29.496,31.022,14701,0
CLN,D,20180530,000000,30.53,30.777,30.087,30.53,16903,0
CLN,D,20180601,000000,30.334,30.334,29.349,29.349,9830,0
CLN,D,20180604,000000,29.397,29.694,29.152,29.152,6664,0
CLN,D,20180605,000000,29.152,29.94,28.807,29.89,12199,0
CLN,D,20180606,000000,30.382,30.382,29.546,29.89,1798,0
CLN,D,20180607,000000,29.742,30.037,29.349,29.349,2980,0
CLN,D,20180608,000000,29.349,30.53,29.25,30.481,17141,0
CLN,D,20180611,000000,31.125,31.174,30.382,30.58,2701,0
CLN,D,20180612,000000,30.778,30.778,29.738,30.135,1529,0
CLN,D,20180613,000000,29.738,30.58,29.591,30.184,22387,0
CLN,D,20180614,000000,29.788,31.174,29.788,30.678,15614,0
CLN,D,20180615,000000,30.481,31.174,30.382,31.174,7733,0
CLN,D,20180618,000000,30.976,31.174,30.382,31.174,5779,0
CLN,D,20180619,000000,31.174,31.174,30.382,31.174,2761,0
CLN,D,20180620,000000,31.174,32.311,30.481,31.57,14941,0
CLN,D,20180621,000000,31.57,31.57,30.778,31.421,1707,0
CLN,D,20180622,000000,30.877,31.57,30.53,31.174,2003,0
CLN,D,20180625,000000,30.778,31.421,30.184,30.184,6944,0
CLN,D,20180626,000000,30.678,30.678,28.898,29.046,17121,0
CLN,D,20180627,000000,29.046,29.69,28.898,29.194,27057,0
CLN,D,20180628,000000,29.591,31.62,29.541,31.125,13946,0
CLN,D,20180629,000000,31.125,32.411,30.53,32.411,36588,0
CLN,D,20180702,000000,32.311,32.311,31.62,31.62,6178,0
CLN,D,20180703,000000,31.668,32.708,31.668,32.658,13207,0
CLN,D,20180704,000000,32.658,33.647,32.411,33.301,14428,0
CLN,D,20180705,000000,33.351,34.143,32.906,33.054,8026,0
CLN,D,20180706,000000,33.054,33.55,30.976,31.371,23735,0
CLN,D,20180709,000000,31.57,32.163,30.481,31.321,10300,0
CLN,D,20180710,000000,30.827,31.867,30.827,31.668,5654,0
CLN,D,20180711,000000,31.62,31.718,30.976,31.668,1820,0
CLN,D,20180712,000000,31.371,31.52,30.778,31.174,751,0
CLN,D,20180713,000000,31.174,31.273,30.481,30.877,1531,0
CLN,D,20180716,000000,31.125,31.52,30.481,31.025,2546,0
CLN,D,20180717,000000,31.371,34.341,31.371,33.846,24399,0
CLN,D,20180718,000000,33.846,33.846,32.708,32.954,2681,0
CLN,D,20180719,000000,32.658,33.153,32.213,32.658,9288,0
CLN,D,20180720,000000,33.054,33.153,32.658,33.054,7209,0
CLN,D,20180723,000000,33.153,33.153,32.658,32.906,2911,0
CLN,D,20180724,000000,32.906,32.906,32.311,32.361,1213,0
CLN,D,20180725,000000,32.758,32.758,32.064,32.61,894,0
CLN,D,20180726,000000,32.311,32.311,31.768,31.917,1358,0
CLN,D,20180727,000000,31.917,33.153,31.371,33.153,7515,0
CLN,D,20180730,000000,33.103,33.103,32.361,32.56,4443,0
CLN,D,20180731,000000,32.658,32.758,31.867,32.61,19661,0
CLN,D,20180801,000000,32.658,32.758,32.361,32.658,879,0
CLN,D,20180802,000000,32.361,32.658,31.867,32.61,1464,0
CLN,D,20180803,000000,32.61,32.856,32.213,32.361,19928,0
CLN,D,20180806,000000,32.361,33.55,32.263,33.153,23156,0
CLN,D,20180807,000000,33.55,35.479,33.153,34.984,58856,0
CLN,D,20180808,000000,35.182,35.429,34.341,34.737,44855,0
CLN,D,20180809,000000,34.737,35.38,34.439,34.539,14406,0
CLN,D,20180810,000000,34.341,34.341,33.944,33.994,4921,0
CLN,D,20180813,000000,34.093,34.193,32.954,33.054,14830,0
CLN,D,20180814,000000,33.054,33.647,32.411,32.658,19715,0
CLN,D,20180816,000000,32.658,33.647,32.658,32.658,11570,0
CLN,D,20180817,000000,32.758,32.758,29.986,31.075,35482,0
CLN,D,20180820,000000,32.163,32.263,30.877,32.163,44542,0
CLN,D,20180821,000000,32.411,33.55,31.321,31.668,48023,0
CLN,D,20180822,000000,31.174,33.846,30.877,33.647,38362,0
CLN,D,20180823,000000,32.658,33.45,32.658,32.658,5519,0
CLN,D,20180824,000000,32.361,32.361,31.62,31.62,27704,0
CLN,D,20180827,000000,31.47,31.966,31.174,31.321,3201,0
CLN,D,20180828,000000,31.174,33.55,31.174,33.45,19504,0
CLN,D,20180829,000000,33.153,33.796,32.56,33.55,6614,0
CLN,D,20180830,000000,33.994,33.994,32.954,33.253,2316,0
CLN,D,20180831,000000,33.004,35.034,32.015,34.637,66393,0
CLN,D,20180903,000000,34.637,35.034,32.658,32.807,16536,0
CLN,D,20180904,000000,33.647,34.143,32.856,32.954,3071,0
CLN,D,20180905,000000,33.401,33.944,32.954,33.253,2082,0
CLN,D,20180906,000000,32.906,33.203,32.758,32.807,4808,0
CLN,D,20180907,000000,32.807,33.401,32.658,33.103,2605,0
CLN,D,20180910,000000,32.758,33.103,32.46,32.658,2134,0
CLN,D,20180911,000000,32.954,33.103,32.163,32.758,59096,0
CLN,D,20180912,000000,33.004,33.004,32.361,32.856,381,0
CLN,D,20180913,000000,33.5,33.5,32.758,33.401,1981,0
CLN,D,20180914,000000,33.55,34.341,33.45,33.647,4825,0
CLN,D,20180917,000000,34.093,34.093,33.253,33.253,4180,0
CLN,D,20180918,000000,33.253,33.647,33.153,33.647,470,0
CLN,D,20180919,000000,33.647,33.647,33.153,33.203,2951,0
CLN,D,20180920,000000,33.153,33.597,32.856,33.153,3681,0
CLN,D,20180921,000000,33.153,33.597,32.658,33.301,937,0
CLN,D,20180924,000000,33.401,33.401,32.311,32.51,3710,0
CLN,D,20180925,000000,33.054,33.597,32.708,33.45,1220,0
CLN,D,20180926,000000,33.55,33.55,32.56,33.351,2129,0
CLN,D,20180927,000000,32.758,33.597,32.51,32.56,630,0
CLN,D,20180928,000000,33.45,33.597,33.004,33.253,8583,0
CLN,D,20181001,000000,33.55,33.55,32.56,33.55,23397,0
CLN,D,20181002,000000,33.55,33.796,33.5,33.55,2464,0
CLN,D,20181003,000000,33.647,33.647,33.5,33.55,1065,0
CLN,D,20181004,000000,33.55,33.55,33.054,33.55,2857,0
CLN,D,20181005,000000,33.153,33.301,32.807,33.301,520,0
CLN,D,20181008,000000,33.301,33.301,32.263,33.153,2298,0
CLN,D,20181009,000000,33.153,33.153,32.361,32.658,2493,0
CLN,D,20181010,000000,32.708,32.856,31.668,31.668,5885,0
CLN,D,20181011,000000,31.224,32.114,29.887,30.927,46422,0
CLN,D,20181012,000000,30.184,30.976,30.184,30.481,26304,0
CLN,D,20181015,000000,30.481,31.47,30.382,31.47,7251,0
CLN,D,20181016,000000,30.927,31.47,30.927,31.47,492,0
CLN,D,20181017,000000,31.224,31.47,30.927,31.025,2013,0
CLN,D,20181018,000000,31.371,31.371,30.728,30.976,1532,0
CLN,D,20181019,000000,29.986,30.927,29.591,30.184,26286,0
CLN,D,20181022,000000,30.035,30.184,29.641,29.788,5450,0
CLN,D,20181023,000000,29.69,30.678,29.392,29.69,7095,0
CLN,D,20181024,000000,29.69,30.382,29.294,29.788,2916,0
CLN,D,20181025,000000,29.095,29.194,28.204,28.749,32866,0
CLN,D,20181026,000000,28.948,29.591,28.601,29.046,6634,0
CLN,D,20181029,000000,29.095,29.541,28.601,28.948,8124,0
CLN,D,20181030,000000,29.095,29.194,28.651,28.948,14044,0
CLN,D,20181031,000000,29.145,29.294,28.799,29.294,888,0
CLN,D,20181102,000000,29.591,31.025,29.442,30.184,8110,0
CLN,D,20181105,000000,30.135,30.135,29.541,29.541,1689,0
CLN,D,20181106,000000,29.491,29.541,29.095,29.145,9776,0
CLN,D,20181107,000000,29.046,29.69,29.046,29.69,9596,0
CLN,D,20181108,000000,30.184,30.63,29.392,29.641,1583,0
CLN,D,20181109,000000,29.591,29.887,29.194,29.69,7369,0
CLN,D,20181113,000000,29.194,29.491,28.304,29.491,5370,0
CLN,D,20181114,000000,29.491,29.887,29.095,29.69,307,0
CLN,D,20181115,000000,30.678,30.877,29.738,29.738,4495,0
CLN,D,20181116,000000,30.432,30.432,28.749,29.641,3976,0
CLN,D,20181119,000000,29.541,29.641,27.958,28.402,18402,0
CLN,D,20181120,000000,28.7,29.541,28.353,29.194,12694,0
CLN,D,20181121,000000,28.7,29.491,28.7,29.491,4118,0
CLN,D,20181122,000000,29.442,30.432,29.392,29.738,8118,0
CLN,D,20181123,000000,30.135,30.284,30.135,30.234,3128,0
CLN,D,20181126,000000,30.481,30.678,29.69,30.432,2028,0
CLN,D,20181127,000000,30.58,31.174,30.58,30.877,5564,0
CLN,D,20181128,000000,31.075,31.125,30.035,30.976,8216,0
CLN,D,20181129,000000,30.976,31.174,30.58,31.174,3514,0
CLN,D,20181130,000000,31.174,31.52,31.174,31.174,7561,0
CLN,D,20181203,000000,31.273,31.57,31.273,31.57,3482,0
CLN,D,20181204,000000,31.075,32.361,31.025,32.361,12034,0
CLN,D,20181205,000000,32.46,32.658,31.668,31.867,2364,0
CLN,D,20181206,000000,31.966,32.658,30.976,32.163,7279,0
CLN,D,20181207,000000,32.163,32.46,31.768,32.411,3346,0
CLN,D,20181210,000000,31.47,32.114,30.135,32.015,6704,0
CLN,D,20181211,000000,32.015,32.064,30.976,32.064,5382,0
CLN,D,20181212,000000,32.015,32.163,31.224,32.163,6985,0
CLN,D,20181213,000000,32.163,32.46,31.768,31.867,1402,0
CLN,D,20181214,000000,31.867,32.213,31.273,31.668,37593,0
CLN,D,20181217,000000,31.62,32.163,31.52,31.867,5297,0
CLN,D,20181218,000000,31.57,31.966,31.125,31.421,57301,0
CLN,D,20181219,000000,31.47,31.52,30.678,31.075,7364,0
CLN,D,20181220,000000,30.877,31.075,30.284,30.58,8239,0
CLN,D,20181221,000000,30.58,30.877,29.986,30.778,8076,0
CLN,D,20181227,000000,30.877,31.668,30.284,31.57,3157,0
CLN,D,20181228,000000,30.827,31.174,30.827,30.927,10737,0
CLN,D,20190102,000000,30.678,30.877,29.837,30.778,594,0
CLN,D,20190103,000000,30.481,30.678,30.382,30.678,1934,0
CLN,D,20190104,000000,30.382,30.678,30.184,30.63,1627,0
CLN,D,20190107,000000,30.63,30.63,29.392,30.135,2992,0
CLN,D,20190108,000000,29.591,31.025,29.541,29.641,4899,0
CLN,D,20190109,000000,29.887,29.887,29.641,29.887,4205,0
CLN,D,20190110,000000,30.234,30.284,29.69,30.234,904,0
CLN,D,20190111,000000,29.837,30.135,29.69,29.986,3482,0
CLN,D,20190114,000000,30.184,30.432,30.184,30.284,783,0
CLN,D,20190115,000000,31.224,31.321,30.382,31.174,3871,0
CLN,D,20190116,000000,31.174,31.273,31.174,31.174,1016,0
CLN,D,20190117,000000,30.877,31.075,30.184,30.728,6216,0
CLN,D,20190118,000000,31.075,31.075,30.382,30.728,2043,0
CLN,D,20190121,000000,30.728,30.728,30.481,30.678,1602,0
CLN,D,20190122,000000,31.321,31.321,30.58,30.778,6350,0
CLN,D,20190123,000000,31.075,32.163,31.025,31.47,6287,0
CLN,D,20190124,000000,31.668,32.015,31.273,31.668,3910,0
CLN,D,20190125,000000,31.321,31.47,31.174,31.371,483,0
CLN,D,20190128,000000,32.658,33.401,32.658,33.054,20858,0
CLN,D,20190129,000000,33.153,34.39,33.153,34.143,12532,0
CLN,D,20190130,000000,34.341,34.984,34.093,34.737,13162,0
CLN,D,20190131,000000,35.034,35.034,34.143,34.243,5197,0
CLN,D,20190201,000000,34.539,34.637,33.697,34.637,4463,0
CLN,D,20190204,000000,34.637,34.934,34.143,34.637,12095,0
CLN,D,20190205,000000,34.637,34.934,34.637,34.637,7806,0
CLN,D,20190206,000000,34.737,34.737,33.846,34.143,2609,0
CLN,D,20190207,000000,34.243,34.637,32.708,34.243,7388,0
CLN,D,20190208,000000,34.341,34.737,34.341,34.637,9855,0
CLN,D,20190211,000000,34.737,34.737,34.044,34.737,2781,0
CLN,D,20190212,000000,34.637,34.737,34.489,34.737,2400,0
CLN,D,20190213,000000,34.737,34.934,34.539,34.934,2104,0
CLN,D,20190214,000000,34.934,37.507,34.934,37.409,266036,0
CLN,D,20190215,000000,37.805,40.575,37.805,38.2,170445,0
CLN,D,20190218,000000,38.596,39.091,36.815,38.398,31708,0
CLN,D,20190219,000000,38.596,38.745,37.953,38.349,4072,0
CLN,D,20190220,000000,37.805,38.102,37.36,37.606,5309,0
CLN,D,20190221,000000,37.409,37.606,37.112,37.409,3412,0
CLN,D,20190222,000000,37.112,37.854,36.913,37.556,6228,0
CLN,D,20190225,000000,37.755,38.646,37.606,38.052,5543,0
CLN,D,20190226,000000,38.052,38.052,36.815,38.052,5896,0
CLN,D,20190227,000000,38.052,38.052,36.913,37.606,3297,0
CLN,D,20190228,000000,37.606,37.606,37.062,37.507,1114,0
CLN,D,20190301,000000,37.26,38.003,37.162,38.003,1442,0
CLN,D,20190304,000000,38.398,39.041,38.398,38.992,7306,0
CLN,D,20190305,000000,39.14,40.279,39.14,40.179,15644,0
CLN,D,20190306,000000,40.179,43.742,39.636,42.951,35197,0
CLN,D,20190307,000000,42.654,44.632,41.664,44.632,29049,0
CLN,D,20190308,000000,45.325,47.701,44.238,47.107,161824,0
CLN,D,20190311,000000,47.454,47.552,43.742,45.177,87667,0
CLN,D,20190312,000000,44.831,46.068,43.248,43.248,14364,0
CLN,D,20190313,000000,43.248,44.831,41.565,44.138,17525,0
CLN,D,20190314,000000,44.386,44.732,43.545,44.484,3948,0
CLN,D,20190315,000000,44.534,44.732,44.138,44.534,1536,0
CLN,D,20190318,000000,44.534,47.107,44.534,45.524,17331,0
CLN,D,20190319,000000,46.217,47.305,45.227,46.414,9117,0
CLN,D,20190320,000000,46.315,46.315,44.534,45.524,4708,0
CLN,D,20190321,000000,45.871,46.018,44.781,45.375,8966,0
CLN,D,20190322,000000,45.92,46.315,45.325,45.524,4628,0
CLN,D,20190325,000000,45.524,46.464,45.524,45.622,2876,0
CLN,D,20190326,000000,45.574,46.365,45.574,45.92,53292,0
CLN,D,20190327,000000,46.117,47.255,43.692,44.435,13449,0
CLN,D,20190328,000000,45.424,45.424,42.06,42.555,23296,0
CLN,D,20190329,000000,41.664,43.248,41.07,41.565,34836,0
CLN,D,20190401,000000,42.357,45.524,42.357,45.524,39723,0
CLN,D,20190402,000000,46.018,50.57,45.276,50.472,123611,0
CLN,D,20190403,000000,50.076,50.076,47.107,47.503,52574,0
CLN,D,20190404,000000,47.998,48.443,47.107,47.503,6632,0
CLN,D,20190405,000000,47.454,47.998,44.039,45.128,42436,0
CLN,D,20190408,000000,45.128,46.117,44.881,45.128,23724,0
CLN,D,20190409,000000,45.622,47.404,45.424,45.672,3295,0
CLN,D,20190410,000000,46.117,46.414,45.128,45.722,20835,0
CLN,D,20190411,000000,45.622,46.167,45.227,45.622,2144,0
CLN,D,20190412,000000,45.672,46.217,45.029,45.128,5050,0
CLN,D,20190415,000000,45.079,45.821,44.584,44.979,6355,0
CLN,D,20190416,000000,45.92,45.92,43.941,44.138,6984,0
CLN,D,20190417,000000,44.632,45.524,44.238,44.632,881,0
CLN,D,20190418,000000,44.089,45.474,43.049,43.545,5957,0
CLN,D,20190423,000000,45.474,45.474,44.039,44.336,6175,0
CLN,D,20190424,000000,44.336,44.336,43.248,43.841,155703,0
CLN,D,20190425,000000,43.841,44.287,43.346,43.643,54242,0
CLN,D,20190426,000000,39.586,42.158,36.716,41.07,103457,0
CLN,D,20190429,000000,41.27,41.717,40.423,41.717,5405,0
CLN,D,20190430,000000,41.717,43.51,41.717,42.315,5604,0
CLN,D,20190502,000000,42.912,43.51,42.464,42.813,3033,0
CLN,D,20190506,000000,42.514,43.111,41.817,41.967,26181,0
CLN,D,20190507,000000,41.967,42.315,41.468,41.817,2230,0
CLN,D,20190508,000000,41.817,42.713,41.568,41.618,2637,0
CLN,D,20190509,000000,41.468,41.817,40.174,40.174,7744,0
CLN,D,20190510,000000,40.274,41.817,39.228,39.328,11191,0
CLN,D,20190513,000000,40.324,40.324,38.332,39.128,10033,0
CLN,D,20190514,000000,37.138,38.83,37.088,37.834,23628,0
CLN,D,20190515,000000,38.731,38.731,37.187,38.581,26420,0
CLN,D,20190516,000000,38.183,39.627,38.183,39.627,13835,0
CLN,D,20190517,000000,39.727,40.821,38.681,40.622,4465,0
CLN,D,20190520,000000,40.821,40.821,39.727,40.025,2885,0
CLN,D,20190521,000000,38.93,40.124,38.93,39.727,1262,0
CLN,D,20190522,000000,38.98,40.124,38.88,39.328,15762,0
CLN,D,20190523,000000,39.775,40.124,39.428,39.428,2191,0
CLN,D,20190524,000000,39.428,40.124,39.428,40.075,1925,0
CLN,D,20190527,000000,40.124,42.215,40.124,41.817,4924,0
CLN,D,20190528,000000,42.215,42.713,41.967,42.664,4273,0
CLN,D,20190529,000000,42.614,42.614,40.821,40.871,4641,0
CLN,D,20190530,000000,40.821,42.017,40.622,40.821,4391,0
CLN,D,20190531,000000,41.369,42.017,40.722,41.817,1045,0
CLN,D,20190603,000000,40.871,42.115,40.871,41.867,2643,0
CLN,D,20190604,000000,41.518,41.518,40.622,40.921,1985,0
CLN,D,20190605,000000,40.672,40.672,39.925,40.025,1853,0
CLN,D,20190606,000000,39.825,39.975,39.029,39.975,4994,0
CLN,D,20190607,000000,39.975,41.668,39.975,41.021,1416,0
CLN,D,20190610,000000,41.518,41.817,40.075,41.27,1454,0
CLN,D,20190611,000000,41.27,41.817,41.27,41.319,1271,0
CLN,D,20190612,000000,41.021,42.414,41.021,42.414,5473,0
CLN,D,20190613,000000,42.414,44.207,42.414,43.808,7807,0
CLN,D,20190614,000000,43.708,44.704,43.708,44.654,3556,0
CLN,D,20190617,000000,44.704,46.547,44.704,45.551,4517,0
CLN,D,20190618,000000,45.551,45.551,44.306,44.704,2827,0
CLN,D,20190619,000000,45.301,45.301,43.46,43.808,49494,0
CLN,D,20190621,000000,43.908,45.301,43.808,45.053,3168,0
CLN,D,20190624,000000,45.153,45.601,43.708,44.904,3156,0
CLN,D,20190625,000000,45.003,45.103,44.007,45.103,1732,0
CLN,D,20190626,000000,45.451,45.451,43.41,44.804,1624,0
CLN,D,20190627,000000,44.804,45.053,43.111,43.46,4586,0
CLN,D,20190628,000000,44.257,44.257,43.61,43.61,1247,0
CLN,D,20190701,000000,43.61,44.804,43.61,44.306,1232,0
CLN,D,20190702,000000,44.704,44.704,43.36,44.605,1465,0
CLN,D,20190703,000000,44.555,44.555,43.808,44.505,2759,0
CLN,D,20190704,000000,44.505,47.194,43.958,46.596,14061,0
CLN,D,20190705,000000,46.795,47.194,46.297,46.397,7872,0
CLN,D,20190708,000000,46.497,46.497,45.003,45.601,6092,0
CLN,D,20190709,000000,45.601,46.646,45.103,45.202,2210,0
CLN,D,20190710,000000,46.198,46.297,45.003,45.948,51116,0
CLN,D,20190711,000000,45.948,46.297,45.202,45.948,3329,0
CLN,D,20190712,000000,46.098,48.537,45.8,48.338,11120,0
CLN,D,20190715,000000,48.338,49.184,46.347,46.397,16443,0
CLN,D,20190716,000000,47.044,48.288,46.497,46.745,5101,0
CLN,D,20190717,000000,47.094,47.791,46.447,47.293,5433,0
CLN,D,20190718,000000,47.293,47.741,45.85,46.098,8264,0
CLN,D,20190719,000000,46.795,47.89,46.148,47.791,31303,0
CLN,D,20190722,000000,47.89,49.085,47.194,47.194,7300,0
CLN,D,20190723,000000,47.691,48.09,47.393,47.492,4751,0
CLN,D,20190724,000000,47.791,47.99,47.791,47.99,3161,0
CLN,D,20190725,000000,48.288,48.288,47.492,47.641,1277,0
CLN,D,20190726,000000,48.19,48.19,47.094,47.591,1943,0
CLN,D,20190729,000000,47.591,47.591,46.596,46.596,2519,0
CLN,D,20190730,000000,46.148,46.397,43.858,45.8,43676,0
CLN,D,20190731,000000,45.103,45.9,44.356,45.7,13947,0
CLN,D,20190801,000000,45.8,45.8,44.654,44.804,6560,0
CLN,D,20190802,000000,44.405,45.053,43.908,43.908,6454,0
CLN,D,20190805,000000,43.758,43.758,41.568,42.813,14470,0
CLN,D,20190806,000000,41.369,43.161,41.22,42.514,4182,0
CLN,D,20190807,000000,42.215,42.813,40.473,40.821,7377,0
CLN,D,20190808,000000,40.672,42.614,40.672,41.917,3238,0
CLN,D,20190809,000000,42.614,42.614,40.821,40.821,10878,0
CLN,D,20190812,000000,41.12,42.265,39.775,41.12,13299,0
CLN,D,20190813,000000,41.07,41.967,40.523,40.821,11760,0
CLN,D,20190814,000000,40.572,41.668,40.572,40.821,8173,0
CLN,D,20190816,000000,41.319,42.514,40.572,40.821,4516,0
CLN,D,20190819,000000,41.518,41.717,40.821,41.319,5322,0
CLN,D,20190820,000000,41.319,42.514,40.871,41.319,2416,0
CLN,D,20190821,000000,41.319,41.319,40.921,41.12,1777,0
CLN,D,20190822,000000,41.319,41.817,40.622,40.821,3400,0
CLN,D,20190823,000000,40.821,41.717,40.423,40.622,1991,0
CLN,D,20190826,000000,40.324,40.622,39.677,40.324,13309,0
CLN,D,20190827,000000,40.224,40.224,39.677,39.825,11354,0
CLN,D,20190828,000000,40.224,40.622,39.477,39.825,12842,0
CLN,D,20190829,000000,39.627,40.423,39.627,40.423,1849,0
CLN,D,20190830,000000,40.572,42.813,39.627,40.274,16159,0
CLN,D,20190902,000000,40.224,42.265,40.224,41.07,7454,0
CLN,D,20190903,000000,41.817,41.817,40.473,40.821,2314,0
CLN,D,20190904,000000,40.771,41.668,40.025,41.021,3856,0
CLN,D,20190905,000000,40.971,41.618,40.572,41.27,1096,0
CLN,D,20190906,000000,40.921,41.618,40.324,40.324,4187,0
CLN,D,20190909,000000,41.17,41.369,39.627,39.975,12194,0
CLN,D,20190910,000000,40.572,40.572,38.232,38.332,19841,0
CLN,D,20190911,000000,38.432,40.473,37.785,39.825,13194,0
CLN,D,20190912,000000,40.523,40.523,39.428,39.975,10284,0
CLN,D,20190913,000000,39.975,41.12,39.727,40.324,10719,0
CLN,D,20190916,000000,41.07,41.767,40.324,40.523,10342,0
CLN,D,20190917,000000,41.22,41.568,39.925,40.473,5375,0
CLN,D,20190918,000000,41.22,42.017,40.324,41.021,7471,0
CLN,D,20190919,000000,41.618,41.767,40.821,41.12,8477,0
CLN,D,20190920,000000,41.618,41.717,41.07,41.07,5982,0
CLN,D,20190923,000000,41.717,44.257,40.821,43.261,20329,0
CLN,D,20190924,000000,44.157,46.048,44.007,44.904,19581,0
CLN,D,20190925,000000,45.003,45.501,43.808,43.808,11291,0
CLN,D,20190926,000000,43.311,44.704,42.912,42.912,6970,0
CLN,D,20190927,000000,42.962,44.605,42.115,42.115,8538,0
CLN,D,20190930,000000,41.319,41.618,39.925,41.618,49002,0
CLN,D,20191001,000000,41.817,44.207,40.971,43.261,9050,0
CLN,D,20191002,000000,44.057,44.057,41.717,41.717,5490,0
CLN,D,20191003,000000,41.618,42.165,41.618,42.165,3963,0
CLN,D,20191004,000000,42.165,42.813,41.369,42.813,19097,0
CLN,D,20191007,000000,42.862,43.61,42.862,43.311,30055,0
CLN,D,20191008,000000,44.306,45.252,42.813,44.605,32799,0
CLN,D,20191009,000000,44.804,45.8,44.605,45.351,24302,0
CLN,D,20191010,000000,45.8,46.297,44.505,45.301,5717,0
CLN,D,20191011,000000,46.198,46.198,43.908,44.455,8356,0
CLN,D,20191014,000000,44.505,44.804,43.011,43.111,8328,0
CLN,D,20191015,000000,43.111,43.758,43.011,43.111,41377,0
CLN,D,20191016,000000,43.061,43.758,43.011,43.311,3004,0
CLN,D,20191017,000000,43.311,44.207,43.211,44.007,6771,0
CLN,D,20191018,000000,44.057,44.455,42.962,43.061,4443,0
CLN,D,20191021,000000,43.311,43.758,42.862,43.261,4790,0
CLN,D,20191022,000000,43.46,43.46,42.066,42.066,8272,0
CLN,D,20191023,000000,41.917,42.664,40.622,41.917,21556,0
CLN,D,20191024,000000,42.115,42.215,41.518,41.717,4105,0
CLN,D,20191025,000000,41.418,42.614,40.622,40.871,11916,0
CLN,D,20191028,000000,40.821,42.514,40.821,41.917,3410,0
CLN,D,20191029,000000,42.315,42.763,42.115,42.315,2278,0
CLN,D,20191030,000000,42.713,42.713,41.817,42.514,3652,0
CLN,D,20191031,000000,42.514,42.514,42.017,42.315,2686,0
CLN,D,20191104,000000,42.215,43.908,41.717,43.658,9518,0
CLN,D,20191105,000000,43.658,43.808,43.311,43.808,19937,0
CLN,D,20191106,000000,43.808,44.207,43.261,43.808,3955,0
CLN,D,20191107,000000,43.36,43.758,42.912,43.311,4735,0
CLN,D,20191108,000000,44.007,44.306,43.011,44.257,7339,0
CLN,D,20191112,000000,43.011,43.808,43.011,43.808,5144,0
CLN,D,20191113,000000,43.808,45.053,43.658,43.658,5789,0
CLN,D,20191114,000000,43.758,44.356,43.061,43.61,4074,0
CLN,D,20191115,000000,43.36,44.704,43.36,44.107,3990,0
CLN,D,20191118,000000,44.207,44.605,44.207,44.356,7722,0
CLN,D,20191119,000000,44.704,45.202,44.455,45.103,8413,0
CLN,D,20191120,000000,45.501,46.745,44.605,45.153,17814,0
CLN,D,20191121,000000,45.003,45.003,43.808,44.157,6364,0
CLN,D,20191122,000000,44.207,44.207,42.912,43.111,9783,0
CLN,D,20191125,000000,42.614,43.808,41.817,43.708,19135,0
CLN,D,20191126,000000,43.708,44.804,43.708,44.654,1539,0
CLN,D,20191127,000000,44.654,44.804,43.61,44.057,1084,0
CLN,D,20191128,000000,43.758,44.306,43.61,44.306,1094,0
CLN,D,20191129,000000,44.306,44.555,43.908,44.555,2712,0
CLN,D,20191202,000000,44.804,45.501,44.306,44.555,3206,0
CLN,D,20191203,000000,44.654,45.202,44.007,44.804,12162,0
CLN,D,20191204,000000,45.202,45.501,44.754,45.252,5982,0
CLN,D,20191205,000000,45.252,45.252,43.658,43.808,5627,0
CLN,D,20191206,000000,43.808,43.808,43.211,43.311,7990,0
CLN,D,20191209,000000,43.808,43.808,42.464,43.211,13353,0
CLN,D,20191210,000000,43.211,43.211,42.315,42.813,8023,0
CLN,D,20191211,000000,42.315,42.564,41.27,41.27,11531,0
CLN,D,20191212,000000,41.27,43.36,38.531,40.423,57751,0
CLN,D,20191213,000000,40.324,42.017,39.875,40.025,9989,0
CLN,D,20191216,000000,40.025,40.722,39.527,40.722,11946,0
CLN,D,20191217,000000,41.27,41.518,40.324,40.821,6871,0
CLN,D,20191218,000000,40.672,40.672,40.124,40.224,3622,0
CLN,D,20191219,000000,39.825,40.324,39.378,39.727,18149,0
CLN,D,20191220,000000,39.727,39.727,38.83,38.83,22441,0
CLN,D,20191223,000000,38.83,41.12,38.83,40.771,17061,0
CLN,D,20191227,000000,40.921,40.921,40.324,40.324,8349,0
CLN,D,20191230,000000,40.124,41.717,39.527,39.527,12338,0
CLN,D,20200102,000000,39.577,41.817,39.577,41.817,10628,0
CLN,D,20200103,000000,42.414,43.311,41.817,43.311,12432,0
CLN,D,20200107,000000,44.007,44.306,43.311,43.56,9985,0
CLN,D,20200108,000000,43.61,43.61,42.464,43.46,7189,0
CLN,D,20200109,000000,43.758,45.103,43.758,44.804,17417,0
CLN,D,20200110,000000,45.202,45.8,44.804,45.8,20908,0
CLN,D,20200113,000000,48.687,48.986,46.397,48.09,59288,0
CLN,D,20200114,000000,48.587,50.18,48.587,49.533,49763,0
CLN,D,20200115,000000,49.683,49.683,47.791,47.791,28347,0
CLN,D,20200116,000000,48.14,48.787,47.393,47.591,10917,0
CLN,D,20200117,000000,47.591,48.787,47.591,48.637,8547,0
CLN,D,20200120,000000,48.787,50.18,48.787,49.881,18262,0
CLN,D,20200121,000000,50.18,50.18,49.683,49.783,10374,0
CLN,D,20200122,000000,49.783,49.783,48.14,49.384,11581,0
CLN,D,20200123,000000,49.284,49.284,47.144,47.293,14446,0
CLN,D,20200124,000000,46.895,47.89,44.704,46.297,33807,0
CLN,D,20200127,000000,46.297,47.393,44.306,44.804,23682,0
CLN,D,20200128,000000,45.998,46.596,44.904,45.8,18841,0
CLN,D,20200129,000000,46.297,46.397,45.202,45.8,3290,0
CLN,D,20200130,000000,46.397,46.397,44.654,44.704,12117,0
CLN,D,20200131,000000,44.854,45.75,43.808,43.808,13041,0
CLN,D,20200203,000000,43.61,45.401,42.017,43.708,13537,0
CLN,D,20200204,000000,43.708,43.708,41.22,42.115,22294,0
CLN,D,20200205,000000,42.115,43.311,42.115,43.311,46713,0
CLN,D,20200206,000000,43.56,44.306,43.41,43.41,9189,0
CLN,D,20200207,000000,43.808,43.808,42.115,42.414,14242,0
CLN,D,20200210,000000,42.414,42.414,40.821,41.468,21462,0
CLN,D,20200211,000000,41.468,41.518,41.021,41.418,38783,0
CLN,D,20200212,000000,42.215,44.455,41.817,44.405,22248,0
CLN,D,20200213,000000,44.804,45.301,43.808,44.007,9120,0
CLN,D,20200214,000000,43.808,43.808,43.311,43.708,5314,0
CLN,D,20200217,000000,43.808,44.804,43.061,44.605,17346,0
CLN,D,20200218,000000,44.704,44.754,43.36,43.958,9661,0
CLN,D,20200219,000000,45.8,47.791,43.958,43.958,37048,0
CLN,D,20200220,000000,44.207,45.301,42.912,43.061,15934,0
CLN,D,20200221,000000,44.356,44.356,43.111,43.46,7416,0
CLN,D,20200224,000000,43.46,43.46,41.27,41.319,26025,0
CLN,D,20200225,000000,41.021,42.813,39.925,42.664,34444,0
CLN,D,20200226,000000,42.664,43.808,40.871,41.518,19710,0
CLN,D,20200227,000000,41.418,41.418,37.437,39.677,37116,0
CLN,D,20200228,000000,38.232,39.428,35.644,37.237,48700,0
CLN,D,20200302,000000,38.83,40.324,37.038,38.731,29953,0
CLN,D,20200303,000000,39.775,40.722,38.88,39.825,24287,0
CLN,D,20200304,000000,39.029,40.324,38.432,39.677,10592,0
CLN,D,20200305,000000,40.921,42.315,39.029,39.029,34967,0
CLN,D,20200306,000000,39.178,39.727,37.437,37.834,18693,0
CLN,D,20200309,000000,34.848,35.495,32.458,32.707,70761,0
CLN,D,20200310,000000,33.852,34.25,30.666,31.861,46823,0
CLN,D,20200311,000000,32.358,33.055,28.475,29.869,155720,0
CLN,D,20200312,000000,26.832,26.832,24.194,24.393,71397,0
CLN,D,20200313,000000,25.09,32.856,22.949,28.127,111713,0
CLN,D,20200316,000000,28.675,31.861,25.886,31.861,85078,0
CLN,D,20200317,000000,31.861,37.834,30.865,34.848,113728,0
CLN,D,20200318,000000,36.241,36.241,32.358,32.856,49434,0
CLN,D,20200319,000000,32.109,34.698,31.711,31.861,25674,0
CLN,D,20200320,000000,32.856,33.752,29.621,29.869,61635,0
CLN,D,20200323,000000,29.869,32.358,27.381,29.869,43848,0
CLN,D,20200324,000000,31.114,31.761,30.467,30.616,16914,0
CLN,D,20200325,000000,31.164,32.458,29.372,31.214,41691,0
CLN,D,20200326,000000,31.711,32.159,31.014,32.059,8478,0
CLN,D,20200327,000000,32.757,32.955,31.911,31.911,10946,0
CLN,D,20200330,000000,31.961,33.951,30.865,33.554,24229,0
CLN,D,20200331,000000,33.354,35.844,33.105,34.549,63851,0
CLN,D,20200401,000000,34.848,35.345,33.304,33.652,16491,0
CLN,D,20200402,000000,33.602,34.499,33.454,34.25,13172,0
CLN,D,20200403,000000,34.35,36.739,33.504,35.844,38220,0
CLN,D,20200406,000000,36.341,39.825,36.341,38.382,76196,0
CLN,D,20200407,000000,39.627,40.771,36.441,36.789,45093,0
CLN,D,20200408,000000,37.337,37.337,34.449,35.744,38175,0
CLN,D,20200409,000000,35.942,36.441,33.951,34.35,35764,0
CLN,D,20200414,000000,34.25,34.35,33.454,33.852,49343,0
CLN,D,20200415,000000,33.852,33.951,32.159,32.408,56026,0
CLN,D,20200416,000000,32.408,34.25,32.408,33.255,20518,0
CLN,D,20200417,000000,34.698,34.848,33.802,34.051,12304,0
CLN,D,20200420,000000,34.35,34.35,33.255,33.852,24117,0
CLN,D,20200421,000000,34.35,35.047,31.064,31.861,40901,0
CLN,D,20200422,000000,31.961,32.358,31.412,31.661,24616,0
CLN,D,20200423,000000,31.861,32.807,30.865,32.209,17013,0
CLN,D,20200424,000000,31.462,31.861,30.865,31.761,15467,0
CLN,D,20200427,000000,31.761,31.761,30.118,30.168,51954,0
CLN,D,20200428,000000,30.467,30.467,28.924,29.471,39970,0
CLN,D,20200429,000000,29.471,33.454,29.172,33.105,69596,0
CLN,D,20200430,000000,33.852,33.951,31.861,32.109,23483,0
CLN,D,20200504,000000,32.109,33.354,30.965,32.856,37355,0
CLN,D,20200505,000000,32.558,33.404,32.558,32.955,15198,0
CLN,D,20200506,000000,33.454,33.454,31.811,32.159,16644,0
CLN,D,20200507,000000,32.159,32.259,31.264,31.761,13572,0
CLN,D,20200508,000000,31.661,31.811,31.462,31.761,11353,0
CLN,D,20200511,000000,33.652,34.499,32.358,32.856,34582,0
CLN,D,20200512,000000,33.354,33.454,32.159,33.255,30036,0
CLN,D,20200513,000000,33.205,34.201,32.856,34.101,14816,0
CLN,D,20200514,000000,34.101,34.101,32.508,33.055,29354,0
CLN,D,20200515,000000,33.255,33.554,32.856,33.005,20112,0
CLN,D,20200518,000000,33.951,33.951,31.961,32.109,59893,0
CLN,D,20200519,000000,32.109,33.005,32.059,32.508,16786,0
CLN,D,20200520,000000,32.856,32.955,32.458,32.508,18232,0
CLN,D,20200521,000000,32.508,32.757,32.358,32.657,5269,0
CLN,D,20200522,000000,32.558,32.856,32.558,32.707,12488,0
CLN,D,20200525,000000,32.508,32.608,31.711,32.159,15078,0
CLN,D,20200526,000000,32.159,32.757,32.059,32.508,26587,0
CLN,D,20200527,000000,32.358,32.707,32.059,32.558,38484,0
CLN,D,20200528,000000,32.657,32.657,31.861,32.408,15140,0
CLN,D,20200529,000000,32.308,32.458,31.911,32.458,3119,0
CLN,D,20200601,000000,32.658,32.658,31.759,32.158,7783,0
CLN,D,20200602,000000,32.458,32.458,31.809,32.408,12637,0
CLN,D,20200603,000000,32.608,34.755,32.558,34.555,70672,0
CLN,D,20200604,000000,35.055,35.554,34.655,35.105,21135,0
CLN,D,20200605,000000,35.454,36.702,35.254,36.603,58881,0
CLN,D,20200608,000000,37.651,37.651,36.453,37.651,44955,0
CLN,D,20200609,000000,37.951,38.25,36.503,37.651,38563,0
CLN,D,20200610,000000,37.951,38.9,37.651,38.85,50779,0
CLN,D,20200612,000000,37.052,38.4,35.504,38.35,31572,0
CLN,D,20200615,000000,37.951,39.948,36.453,38.9,53037,0
CLN,D,20200616,000000,39.948,41.496,39.499,41.496,36480,0
CLN,D,20200617,000000,42.395,42.395,40.398,40.398,23403,0
CLN,D,20200618,000000,40.448,41.047,39.449,40.947,77415,0
CLN,D,20200619,000000,41.346,41.746,40.597,41.446,16457,0
CLN,D,20200622,000000,41.646,41.646,40.498,40.947,9803,0
CLN,D,20200623,000000,40.947,43.244,40.747,43.244,55953,0
CLN,D,20200624,000000,43.643,43.943,42.245,42.944,18098,0
CLN,D,20200625,000000,42.845,43.394,42.046,42.894,35132,0
CLN,D,20200626,000000,42.944,43.044,40.148,40.947,22052,0
CLN,D,20200629,000000,41.147,41.446,38.75,38.95,58907,0
CLN,D,20200630,000000,39.049,39.848,38.051,38.051,19616,0
CLN,D,20200701,000000,39.049,39.649,38.201,39.449,12378,0
CLN,D,20200702,000000,39.449,40.897,38.75,40.897,15262,0
CLN,D,20200703,000000,40.647,41.496,40.348,40.448,11724,0
CLN,D,20200706,000000,40.897,40.947,39.649,40.547,12578,0
CLN,D,20200707,000000,40.847,42.445,40.448,42.445,20814,0
CLN,D,20200708,000000,42.745,43.693,41.946,43.444,30211,0
CLN,D,20200709,000000,43.743,44.343,43.044,44.043,18327,0
CLN,D,20200710,000000,44.442,44.442,41.247,43.244,28505,0
CLN,D,20200713,000000,43.244,43.244,41.446,42.095,29249,0
CLN,D,20200714,000000,42.095,42.944,41.247,41.546,10731,0
CLN,D,20200715,000000,41.297,42.245,41.147,41.846,16332,0
CLN,D,20200716,000000,42.745,42.745,41.097,41.147,15134,0
CLN,D,20200717,000000,41.446,41.846,41.197,41.297,9177,0
CLN,D,20200720,000000,41.546,42.046,41.396,42.046,8629,0
CLN,D,20200721,000000,42.046,44.143,42.046,42.944,26529,0
CLN,D,20200722,000000,43.044,43.094,40.697,40.997,34891,0
CLN,D,20200723,000000,40.997,42.894,39.998,40.547,51162,0
CLN,D,20200724,000000,40.048,40.947,38.55,40.947,42205,0
CLN,D,20200727,000000,40.897,41.147,39.499,40.947,27439,0
CLN,D,20200728,000000,40.947,42.944,40.348,42.345,34692,0
CLN,D,20200729,000000,42.345,42.445,40.348,42.445,43554,0
CLN,D,20200730,000000,42.745,42.745,38.35,38.9,57856,0
CLN,D,20200731,000000,39.049,40.398,38.9,39.249,14620,0
CLN,D,20200803,000000,39.948,41.147,38.95,41.147,26324,0
CLN,D,20200804,000000,41.197,41.946,39.798,40.947,25651,0
CLN,D,20200805,000000,41.796,41.796,40.448,41.446,19171,0
CLN,D,20200806,000000,41.896,41.896,39.848,40.547,26787,0
CLN,D,20200807,000000,40.597,40.947,39.749,40.048,12648,0
CLN,D,20200810,000000,41.346,41.446,40.597,41.147,10570,0
CLN,D,20200811,000000,41.346,41.396,39.749,39.948,19305,0
CLN,D,20200812,000000,40.048,41.297,38.75,39.948,12157,0
CLN,D,20200813,000000,39.749,40.597,39.549,39.948,5266,0
CLN,D,20200814,000000,39.948,40.298,39.499,39.848,6574,0
CLN,D,20200817,000000,40.448,40.747,39.798,40.048,4789,0
CLN,D,20200818,000000,40.148,41.047,39.998,40.348,10254,0
CLN,D,20200819,000000,40.348,44.592,39.948,44.193,114385,0
CLN,D,20200820,000000,44.742,46.24,43.594,44.742,59625,0
CLN,D,20200821,000000,45.191,45.391,42.095,43.743,28095,0
CLN,D,20200824,000000,43.943,44.343,43.743,43.843,13529,0
CLN,D,20200825,000000,44.293,44.442,42.845,42.944,7897,0
CLN,D,20200826,000000,42.195,43.144,42.145,42.944,25058,0
CLN,D,20200827,000000,43.444,43.893,42.695,43.444,7943,0
CLN,D,20200828,000000,43.444,43.743,42.645,43.743,4471,0
CLN,D,20200831,000000,43.893,44.892,43.743,43.943,17518,0
CLN,D,20200901,000000,44.043,44.442,41.946,42.245,21625,0
CLN,D,20200902,000000,42.944,42.944,42.145,42.245,3791,0
CLN,D,20200903,000000,42.894,43.094,41.946,41.946,9861,0
CLN,D,20200904,000000,41.946,42.245,40.997,40.997,23739,0
CLN,D,20200907,000000,40.947,41.946,40.148,41.147,7741,0
CLN,D,20200908,000000,41.147,41.197,37.052,39.499,72481,0
CLN,D,20200909,000000,37.951,43.344,37.901,42.745,46371,0
CLN,D,20200910,000000,43.693,43.693,41.896,42.145,27433,0
CLN,D,20200911,000000,42.944,42.944,42.046,42.545,9799,0
CLN,D,20200914,000000,42.545,42.894,41.946,41.946,18360,0
CLN,D,20200915,000000,42.445,43.444,42.046,42.445,7384,0
CLN,D,20200916,000000,42.445,42.795,40.647,41.546,18663,0
CLN,D,20200917,000000,41.346,41.696,40.448,40.797,8567,0
CLN,D,20200918,000000,40.597,42.845,40.597,42.445,75474,0
CLN,D,20200921,000000,42.645,42.645,40.448,40.448,18861,0
CLN,D,20200922,000000,40.248,42.695,40.198,42.295,10955,0
CLN,D,20200923,000000,41.946,42.295,41.097,41.446,17074,0
CLN,D,20200924,000000,41.446,42.245,40.148,40.448,19501,0
CLN,D,20200925,000000,40.448,40.947,40.148,40.348,15730,0
CLN,D,20200928,000000,42.845,43.444,41.446,41.646,49049,0
CLN,D,20200929,000000,43.793,43.793,42.445,42.845,52251,0
CLN,D,20200930,000000,42.845,42.845,41.147,41.946,23381,0
CLN,D,20201001,000000,42.645,43.194,41.446,41.946,16676,0
CLN,D,20201002,000000,41.646,41.646,40.448,40.547,27297,0
CLN,D,20201005,000000,40.498,41.047,39.649,40.198,30925,0
CLN,D,20201006,000000,41.846,42.395,40.498,40.498,27657,0
CLN,D,20201007,000000,40.597,41.446,39.998,40.148,17046,0
CLN,D,20201008,000000,40.198,40.498,39.798,39.948,20262,0
CLN,D,20201009,000000,39.898,40.248,39.449,39.848,20099,0
CLN,D,20201012,000000,40.947,40.947,39.898,39.948,11840,0
CLN,D,20201013,000000,40.048,40.398,38.8,39.299,15377,0
CLN,D,20201014,000000,38.999,39.049,38.201,38.201,21409,0
CLN,D,20201015,000000,38.201,38.3,36.103,36.852,57032,0
CLN,D,20201016,000000,36.153,37.402,35.404,37.152,44136,0
CLN,D,20201019,000000,37.152,39.449,36.752,37.202,19754,0
CLN,D,20201020,000000,37.901,38.101,36.752,37.352,11358,0
CLN,D,20201021,000000,38.051,38.051,36.103,36.403,12917,0
CLN,D,20201022,000000,35.953,36.353,34.306,35.304,57126,0
CLN,D,20201023,000000,35.754,35.754,34.805,35.254,12981,0
CLN,D,20201026,000000,35.154,35.154,33.057,33.257,32348,0
CLN,D,20201027,000000,33.507,34.455,33.257,33.457,27999,0
CLN,D,20201028,000000,33.457,33.457,31.959,32.458,61010,0
CLN,D,20201029,000000,32.558,34.156,31.809,34.156,53170,0
CLN,D,20201030,000000,34.605,34.655,32.458,33.557,24693,0
CLN,D,20201102,000000,35.154,35.953,34.256,34.455,25234,0
CLN,D,20201103,000000,35.254,35.454,34.256,34.755,17691,0
CLN,D,20201104,000000,34.955,35.105,33.507,33.856,22696,0
CLN,D,20201105,000000,34.006,34.955,33.157,33.457,42753,0
CLN,D,20201106,000000,34.955,40.947,34.256,39.948,148744,0
CLN,D,20201109,000000,42.944,47.738,40.248,42.595,301447,0
CLN,D,20201110,000000,43.943,43.943,40.048,42.046,32093,0
CLN,D,20201112,000000,42.445,43.743,41.496,42.944,42078,0
CLN,D,20201113,000000,42.845,42.845,40.697,41.946,21035,0
CLN,D,20201116,000000,41.446,42.944,40.647,41.446,15992,0
CLN,D,20201117,000000,41.496,42.195,41.496,42.145,12124,0
CLN,D,20201118,000000,42.245,42.745,41.646,42.445,12619,0
CLN,D,20201119,000000,42.795,42.795,41.147,41.346,9876,0
CLN,D,20201120,000000,41.746,41.896,40.547,40.847,11598,0
CLN,D,20201123,000000,40.947,41.696,40.547,40.897,17543,0
CLN,D,20201124,000000,40.847,41.446,40.697,41.247,10802,0
CLN,D,20201125,000000,41.247,41.846,40.747,41.546,10204,0
CLN,D,20201126,000000,41.696,41.796,41.047,41.746,9384,0
CLN,D,20201127,000000,41.846,42.845,40.947,41.596,10262,0
CLN,D,20201130,000000,41.097,41.446,40.547,40.897,11710,0
CLN,D,20201201,000000,40.847,41.346,40.298,40.547,18218,0
CLN,D,20201202,000000,41.097,41.646,39.948,40.947,16677,0
CLN,D,20201203,000000,40.947,42.845,40.947,41.147,13488,0
CLN,D,20201204,000000,41.946,42.845,41.596,42.046,10628,0
CLN,D,20201207,000000,42.095,42.145,41.047,41.197,10600,0
CLN,D,20201208,000000,40.947,42.345,40.847,42.345,13634,0
CLN,D,20201209,000000,42.745,42.745,41.646,42.495,15907,0
CLN,D,20201210,000000,42.495,42.545,41.596,41.746,4978,0
CLN,D,20201211,000000,41.846,41.846,41.047,41.197,15571,0
CLN,D,20201214,000000,41.047,41.546,40.298,40.897,12278,0
CLN,D,20201215,000000,40.797,41.846,40.398,41.097,11971,0
CLN,D,20201216,000000,41.147,41.546,40.647,41.247,7510,0
CLN,D,20201217,000000,41.446,41.446,40.597,40.797,13334,0
CLN,D,20201218,000000,40.448,40.947,39.549,40.448,22689,0
CLN,D,20201221,000000,39.848,39.948,37.751,38.85,26159,0
CLN,D,20201222,000000,38.95,39.349,38.35,39.149,14647,0
CLN,D,20201223,000000,39.549,40.348,38.95,39.099,15273,0
CLN,D,20201228,000000,39.499,39.948,38.55,39.049,45433,0
CLN,D,20201229,000000,40.048,41.846,38.35,38.35,138794,0
CLN,D,20201230,000000,37.252,40.947,36.952,40.498,111830,0
CLN,D,20210104,000000,41.396,43.743,40.947,43.394,40570,0
CLN,D,20210105,000000,43.594,43.793,42.445,43.344,19194,0
CLN,D,20210107,000000,43.594,46.69,43.594,46.69,76013,0
CLN,D,20210108,000000,46.34,46.54,45.042,45.641,29763,0
CLN,D,20210111,000000,51.933,56.926,50.235,51.334,215569,0
CLN,D,20210112,000000,52.132,53.631,50.335,51.034,64362,0
CLN,D,20210113,000000,50.934,51.433,48.987,51.134,67123,0
CLN,D,20210114,000000,50.934,51.633,50.734,51.334,13231,0
CLN,D,20210115,000000,51.334,51.633,50.435,50.934,42964,0
CLN,D,20210118,000000,51.533,53.431,51.134,52.632,96009,0
CLN,D,20210119,000000,54.429,54.529,51.933,51.933,226731,0
CLN,D,20210120,000000,51.933,52.732,50.934,51.933,13028,0
CLN,D,20210121,000000,50.834,50.834,48.038,49.436,157964,0
CLN,D,20210122,000000,49.935,49.935,46.24,47.938,209796,0
CLN,D,20210125,000000,48.038,48.637,46.64,47.838,32697,0
CLN,D,20210126,000000,47.938,47.938,46.54,46.789,47244,0
CLN,D,20210127,000000,46.839,46.939,44.492,44.892,42857,0
CLN,D,20210128,000000,44.642,46.49,43.144,46.04,43741,0
CLN,D,20210129,000000,46.19,46.889,43.544,44.343,24785,0
CLN,D,20210201,000000,44.942,45.441,43.444,44.742,18193,0
CLN,D,20210202,000000,44.842,45.541,44.343,44.942,19418,0
CLN,D,20210203,000000,44.792,45.441,44.343,44.542,150076,0
CLN,D,20210204,000000,44.742,44.742,43.544,43.544,18130,0
CLN,D,20210205,000000,43.494,45.042,43.444,43.943,15753,0
CLN,D,20210208,000000,44.293,44.892,43.843,43.843,11294,0
CLN,D,20210209,000000,45.241,46.939,44.043,44.992,35954,0
CLN,D,20210210,000000,45.541,47.439,45.142,46.29,35515,0
CLN,D,20210211,000000,47.289,49.786,47.289,49.786,50017,0
CLN,D,20210212,000000,49.636,49.636,47.488,48.537,23544,0
CLN,D,20210215,000000,49.136,49.935,47.139,47.239,35589,0
CLN,D,20210216,000000,47.439,48.837,46.34,47.239,37175,0
CLN,D,20210217,000000,46.939,47.189,45.092,45.94,111637,0
CLN,D,20210218,000000,45.241,46.939,45.241,45.641,13257,0
CLN,D,20210219,000000,45.441,46.44,45.092,46.24,8569,0
CLN,D,20210222,000000,46.739,48.887,45.441,48.537,29589,0
CLN,D,20210223,000000,48.837,49.436,46.54,48.837,41437,0
CLN,D,20210224,000000,50.834,54.13,46.39,48.138,414675,0
CLN,D,20210225,000000,49.186,49.286,46.54,46.59,94547,0
CLN,D,20210226,000000,45.94,46.29,44.642,45.291,58061,0
CLN,D,20210301,000000,45.741,47.339,45.591,46.04,28993,0
CLN,D,20210302,000000,46.04,46.14,45.291,45.741,19575,0
CLN,D,20210303,000000,46.54,55.928,46.19,49.636,407865,0
CLN,D,20210304,000000,50.634,52.532,47.638,48.387,207339,0
CLN,D,20210305,000000,48.387,48.437,46.59,46.59,50498,0
CLN,D,20210308,000000,46.59,49.036,46.59,48.537,24614,0
CLN,D,20210309,000000,48.887,50.934,48.587,49.386,46070,0
CLN,D,20210310,000000,48.837,50.435,47.888,47.938,44064,0
CLN,D,20210311,000000,48.587,50.435,47.688,50.035,86375,0
CLN,D,20210312,000000,50.435,51.433,49.436,50.435,44206,0
CLN,D,20210315,000000,50.634,52.832,49.736,51.833,143232,0
CLN,D,20210316,000000,51.234,51.633,49.036,51.334,93332,0
CLN,D,20210317,000000,51.633,52.432,49.036,50.035,111667,0
CLN,D,20210318,000000,49.835,52.232,49.186,51.433,89804,0
CLN,D,20210319,000000,51.234,51.234,50.035,50.934,25326,0
CLN,D,20210322,000000,50.834,51.833,49.835,50.734,75826,0
CLN,D,20210323,000000,50.235,50.934,49.786,50.235,35900,0
CLN,D,20210324,000000,50.834,51.833,50.135,50.834,50987,0
CLN,D,20210325,000000,50.934,51.933,49.786,51.034,65429,0
CLN,D,20210326,000000,51.334,51.733,50.435,51.533,17504,0
CLN,D,20210329,000000,50.834,51.234,49.935,50.335,28647,0
CLN,D,20210330,000000,50.435,51.234,49.885,50.535,19771,0
CLN,D,20210331,000000,51.533,51.733,48.437,49.336,92942,0
CLN,D,20210401,000000,50.435,50.734,48.437,48.937,45195,0
CLN,D,20210406,000000,49.436,50.135,49.236,49.835,19349,0
CLN,D,20210407,000000,49.835,50.035,48.837,49.436,25402,0
CLN,D,20210408,000000,48.937,50.734,48.937,50.035,34755,0
CLN,D,20210409,000000,49.486,51.433,49.486,51.334,49004,0
CLN,D,20210412,000000,51.234,51.334,49.935,50.535,18782,0
CLN,D,20210413,000000,50.535,50.934,50.035,50.834,14068,0
CLN,D,20210414,000000,50.834,51.433,50.535,50.834,25499,0
CLN,D,20210415,000000,50.834,51.034,50.135,50.135,10709,0
CLN,D,20210416,000000,50.135,52.432,49.935,51.833,72476,0
CLN,D,20210419,000000,51.933,52.732,51.733,51.933,70780,0
CLN,D,20210420,000000,52.232,52.332,50.435,52.033,31607,0
CLN,D,20210421,000000,51.433,51.533,50.435,50.834,41848,0
CLN,D,20210422,000000,50.834,51.334,49.636,50.634,27335,0
CLN,D,20210423,000000,50.634,51.433,50.035,50.435,18106,0
CLN,D,20210426,000000,50.535,50.734,48.437,48.487,47363,0
CLN,D,20210427,000000,48.587,49.336,46.939,46.989,40972,0
CLN,D,20210428,000000,46.989,47.738,46.14,47.439,29232,0
CLN,D,20210429,000000,47.938,47.938,45.94,45.94,33356,0
CLN,D,20210430,000000,45.94,47.888,45.641,47.439,31369,0
CLN,D,20210504,000000,47.039,47.688,46.14,46.19,26507,0
CLN,D,20210505,000000,46.19,47.488,46.14,47.139,15872,0
CLN,D,20210506,000000,46.939,46.939,46.24,46.24,33059,0
CLN,D,20210507,000000,46.49,46.939,46.24,46.39,36702,0
CLN,D,20210510,000000,46.939,48.887,46.44,47.638,22228,0
CLN,D,20210511,000000,46.939,47.688,46.54,47.638,9497,0
CLN,D,20210512,000000,47.439,50.135,47.289,49.436,63951,0
CLN,D,20210513,000000,49.336,49.885,48.188,49.786,19981,0
CLN,D,20210514,000000,49.786,49.885,48.437,49.486,16814,0
CLN,D,20210517,000000,49.336,49.636,48.887,49.086,16829,0
CLN,D,20210518,000000,48.887,49.236,48.088,48.138,17969,0
CLN,D,20210519,000000,48.188,48.537,47.239,47.638,14349,0
CLN,D,20210520,000000,47.688,48.387,46.839,47.239,30937,0
CLN,D,20210521,000000,46.739,47.439,45.441,45.94,71478,0
CLN,D,20210524,000000,45.94,45.94,43.893,43.943,81833,0
CLN,D,20210525,000000,43.943,44.442,41.446,41.646,84832,0
CLN,D,20210526,000000,41.796,43.943,41.446,43.743,128576,0
CLN,D,20210527,000000,43.743,47.339,43.743,43.993,237673,0
CLN,D,20210528,000000,45.241,46.24,44.792,45.491,105794,0
CLN,D,20210531,000000,45.791,46.939,45.541,46.739,28693,0
CLN,D,20210601,000000,46.739,46.739,45.391,45.891,26832,0
CLN,D,20210602,000000,45.891,47.439,44.143,46.44,54353,0
CLN,D,20210604,000000,46.939,46.939,46.19,46.39,13933,0
CLN,D,20210607,000000,46.39,46.939,45.691,46.839,23338,0
CLN,D,20210608,000000,46.939,46.939,45.341,45.441,19259,0
CLN,D,20210609,000000,45.741,45.891,44.492,44.942,18064,0
CLN,D,20210610,000000,45.391,46.34,44.243,44.892,21074,0
CLN,D,20210611,000000,44.992,45.741,44.992,45.591,4188,0
CLN,D,20210614,000000,45.591,46.44,45.241,45.841,12056,0
CLN,D,20210615,000000,45.841,46.44,45.092,45.241,8546,0
CLN,D,20210616,000000,45.092,45.441,44.442,44.942,12870,0
CLN,D,20210617,000000,45.341,45.341,44.492,44.742,13266,0
CLN,D,20210618,000000,44.293,45.092,44.293,44.942,17884,0
CLN,D,20210621,000000,44.792,44.942,44.243,44.442,6439,0
CLN,D,20210622,000000,44.343,46.14,43.893,45.491,36449,0
CLN,D,20210623,000000,45.641,45.641,44.442,44.442,15857,0
CLN,D,20210624,000000,44.692,44.942,44.642,44.642,49729,0
CLN,D,20210625,000000,44.942,44.942,43.394,44.043,67828,0
CLN,D,20210628,000000,43.943,44.392,42.245,42.245,34424,0
CLN,D,20210629,000000,42.795,43.094,41.696,42.295,41165,0
CLN,D,20210630,000000,42.495,44.742,41.946,42.046,32946,0
CLN,D,20210701,000000,42.595,43.843,41.846,43.244,27671,0
CLN,D,20210702,000000,43.394,43.394,42.095,42.345,25680,0
CLN,D,20210705,000000,42.345,44.093,42.345,43.344,31416,0
CLN,D,20210706,000000,43.294,43.344,41.646,41.946,37054,0
CLN,D,20210707,000000,42.145,42.345,39.449,39.848,100192,0
CLN,D,20210708,000000,39.749,39.749,38.45,38.95,57692,0
CLN,D,20210709,000000,38.7,39.249,38.6,38.85,20735,0
CLN,D,20210712,000000,38.5,38.95,37.751,38.85,22373,0
CLN,D,20210713,000000,38.85,39.249,38.25,38.6,13938,0
CLN,D,20210714,000000,38.65,38.8,38.45,38.8,19782,0
CLN,D,20210715,000000,38.5,38.75,38.05,38.6,18533,0
CLN,D,20210716,000000,38.4,38.6,37.85,38.2,15512,0
CLN,D,20210719,000000,38.2,38.4,36.6,37.3,29975,0
CLN,D,20210720,000000,37.3,38.65,37,37.75,20611,0
CLN,D,20210721,000000,37.75,39.75,37.75,38.95,26201,0
CLN,D,20210722,000000,38.95,39.05,37.5,37.5,61074,0
CLN,D,20210723,000000,37.6,38.45,37.6,38.45,11849,0
CLN,D,20210726,000000,38.25,38.4,37.85,37.95,7721,0
CLN,D,20210727,000000,38.25,40,38,38.9,12082,0
CLN,D,20210728,000000,39.35,39.6,38.15,38.2,6227,0
CLN,D,20210729,000000,38.2,39.3,38.2,38.8,4070,0
CLN,D,20210730,000000,38.85,39,38.25,38.3,3763,0
CLN,D,20210802,000000,38.3,39.9,38.3,38.8,33842,0
CLN,D,20210803,000000,39.3,39.5,38.85,39.3,11220,0
CLN,D,20210804,000000,39.7,39.7,38.8,39.25,9042,0
CLN,D,20210805,000000,38.8,39.75,38.8,39.7,4302,0
CLN,D,20210806,000000,39.7,39.7,38.8,38.95,3490,0
CLN,D,20210809,000000,38.95,39.5,38.65,38.8,7006,0
CLN,D,20210810,000000,39.25,39.75,38.75,38.8,26904,0
CLN,D,20210811,000000,39.2,39.5,39,39.3,7176,0
CLN,D,20210812,000000,39.7,39.7,39.1,39.55,11067,0
CLN,D,20210813,000000,39.5,41.4,39.5,40.45,57303,0
CLN,D,20210816,000000,41.1,41.1,39.8,40.2,10192,0
CLN,D,20210817,000000,40.75,41.3,40.3,40.7,29511,0
CLN,D,20210818,000000,40.7,40.8,39.95,40,17285,0
CLN,D,20210819,000000,39.8,39.8,38.8,39.3,11576,0
CLN,D,20210820,000000,39,39.9,39,39.45,6171,0
CLN,D,20210823,000000,39.7,41.45,39.1,40.7,31427,0
CLN,D,20210824,000000,41,42.15,39.9,39.9,36102,0
CLN,D,20210825,000000,40.5,40.55,39.8,39.9,14260,0
CLN,D,20210826,000000,39.9,40,39.2,39.8,15256,0
CLN,D,20210827,000000,39.75,40.45,39.35,39.8,8077,0
CLN,D,20210830,000000,40,40.45,39.35,40.35,10082,0
CLN,D,20210831,000000,40.3,42.55,40,42.55,29971,0
CLN,D,20210901,000000,42.5,42.5,40.8,41.4,22779,0
CLN,D,20210902,000000,40.9,41.8,40.85,41.75,5041,0
CLN,D,20210903,000000,41.85,42.75,41.5,41.7,21887,0
CLN,D,20210906,000000,41.7,41.7,41.35,41.65,4287,0
CLN,D,20210907,000000,41.7,42.25,41.25,41.5,5883,0
CLN,D,20210908,000000,41.25,41.45,40.65,41.45,10339,0
CLN,D,20210909,000000,40.95,42.1,40.95,42,14880,0
CLN,D,20210910,000000,42,42,41.5,41.5,5658,0
CLN,D,20210913,000000,41.6,41.8,41.5,41.5,5890,0
CLN,D,20210914,000000,41.8,41.8,40.8,41.05,51284,0
CLN,D,20210915,000000,40.7,41,40.55,41,4851,0
CLN,D,20210916,000000,40.95,41.15,40.5,40.5,8016,0
CLN,D,20210917,000000,40.5,40.8,39.85,39.9,10486,0
CLN,D,20210920,000000,39.9,40.3,38.4,39.4,29003,0
CLN,D,20210921,000000,39.2,40.1,39,39.3,5919,0
CLN,D,20210922,000000,39.75,40,39.6,39.9,8283,0
CLN,D,20210923,000000,39.7,39.9,39.15,39.2,5318,0
CLN,D,20210924,000000,39.5,39.8,38.8,39,6646,0
CLN,D,20210927,000000,39.1,39.45,35.9,36.1,79982,0
CLN,D,20210928,000000,36.5,38,36.5,37.6,24970,0
CLN,D,20210929,000000,37.7,38.55,37.65,37.9,12642,0
CLN,D,20210930,000000,38.1,38.3,37.35,37.5,14392,0
CLN,D,20211001,000000,37.1,37.95,36.5,36.5,13922,0
CLN,D,20211004,000000,36.6,36.65,34.8,35.3,87128,0
CLN,D,20211005,000000,35.65,35.65,34.65,35,77782,0
CLN,D,20211006,000000,35,35,34.45,34.6,24138,0
CLN,D,20211007,000000,34.9,35.5,34.55,34.9,24546,0
CLN,D,20211008,000000,35.5,39.05,35.1,37.35,180721,0
CLN,D,20211011,000000,37.4,38.8,37,37.5,108797,0
CLN,D,20211012,000000,37.85,37.85,36.65,36.85,42915,0
CLN,D,20211013,000000,36.7,38,36.7,37.4,82072,0
CLN,D,20211014,000000,37.85,37.85,36.8,37.2,50364,0
CLN,D,20211015,000000,37.2,37.6,36.85,37.4,16910,0
CLN,D,20211018,000000,37.3,37.6,36.5,36.8,32770,0
CLN,D,20211019,000000,37.25,39.05,36.8,37.6,170717,0
CLN,D,20211020,000000,37.4,37.85,36.7,37.2,129028,0
CLN,D,20211021,000000,37.3,37.7,36.95,37.2,6804,0
CLN,D,20211022,000000,37.15,37.15,36.65,36.8,15208,0
CLN,D,20211025,000000,36.5,37,36.05,36.6,11636,0
CLN,D,20211026,000000,36.65,37,36.3,36.8,177191,0
CLN,D,20211027,000000,37,37,36.45,36.85,25975,0
CLN,D,20211028,000000,36.75,36.75,35.65,36.1,127874,0
CLN,D,20211029,000000,36,36.45,35.65,36.2,15329,0
CLN,D,20211102,000000,36.2,36.9,36,36.7,11999,0
CLN,D,20211103,000000,36.65,36.65,35.7,36.1,29151,0
CLN,D,20211104,000000,36.05,36.6,35.65,36.35,15721,0
CLN,D,20211105,000000,36.35,38.95,36.1,38.45,46802,0
CLN,D,20211108,000000,38.6,38.6,36.4,36.4,47518,0
CLN,D,20211109,000000,36.4,36.4,35.2,35.8,44818,0
CLN,D,20211110,000000,35.8,35.8,35.05,35.3,15892,0
CLN,D,20211112,000000,35.25,35.25,34.7,34.8,16797,0
CLN,D,20211115,000000,34.7,35.4,34.6,35.2,19246,0
CLN,D,20211116,000000,34.85,35,34.05,34.25,32858,0
CLN,D,20211117,000000,34.25,34.55,33.7,34.15,23917,0
CLN,D,20211118,000000,34.1,34.1,32.8,33.8,43571,0
CLN,D,20211119,000000,34,34.6,32.4,33.2,52362,0
CLN,D,20211122,000000,33.2,34.15,32.7,33.05,52004,0
CLN,D,20211123,000000,33.05,33.05,31.65,32.15,111679,0
CLN,D,20211124,000000,32,33.55,32,32.95,153594,0
CLN,D,20211125,000000,33.05,33.45,32.5,32.75,15421,0
CLN,D,20211126,000000,32.5,32.5,30.5,31.7,167043,0
CLN,D,20211129,000000,31.7,32.15,31.2,31.65,72744,0
CLN,D,20211130,000000,31.65,31.7,29.35,30,245128,0
CLN,D,20211201,000000,30.05,32,29.3,30.1,145640,0
CLN,D,20211202,000000,30.45,30.75,29.9,30.15,27284,0
CLN,D,20211203,000000,30.45,31.8,29.6,31.8,85505,0
CLN,D,20211206,000000,31.45,31.5,29.85,30.1,57159,0
CLN,D,20211207,000000,30.25,31.35,30.05,31,36953,0
CLN,D,20211208,000000,31.25,32,30.85,32,83148,0
CLN,D,20211209,000000,32,32.2,31,31.3,67114,0
CLN,D,20211210,000000,31.4,31.55,30.85,31.25,9052,0
CLN,D,20211213,000000,31.5,32.65,31.3,32.35,88011,0
CLN,D,20211214,000000,33.1,33.65,32.2,32.35,97944,0
CLN,D,20211215,000000,32.4,32.4,30.65,30.7,52421,0
CLN,D,20211216,000000,31.1,32.1,30.75,31.95,63980,0
CLN,D,20211217,000000,31.85,33.8,31.5,33.8,92065,0
CLN,D,20211220,000000,33,33.5,31.9,33.1,98945,0
CLN,D,20211221,000000,33,33.15,32.6,33.1,38053,0
CLN,D,20211222,000000,33.3,33.5,32.2,33.35,67692,0
CLN,D,20211223,000000,33.45,33.5,32.55,33,17153,0
CLN,D,20211227,000000,32.5,32.5,31.45,31.55,52364,0
CLN,D,20211228,000000,31.5,32.3,31.3,31.5,64127,0
CLN,D,20211229,000000,31.3,32.45,31.3,32,18137,0
CLN,D,20211230,000000,32,33.55,32,33.15,21259,0
CLN,D,20220103,000000,33.15,33.15,32.4,33.15,24180,0
CLN,D,20220104,000000,33.15,33.15,32.45,32.7,12757,0
CLN,D,20220105,000000,32.7,32.7,31.9,32.1,8805,0
CLN,D,20220107,000000,32.1,32.1,31.6,31.7,17105,0
CLN,D,20220110,000000,32.15,32.5,31.45,31.95,13678,0
CLN,D,20220111,000000,32.3,32.6,31.75,32.15,8272,0
CLN,D,20220112,000000,32.2,32.55,32.05,32.4,12976,0
CLN,D,20220113,000000,32.1,32.55,31.7,32,46281,0
CLN,D,20220114,000000,32.2,32.2,31.3,31.95,17172,0
CLN,D,20220117,000000,31.7,32.7,31.35,32.6,25910,0
CLN,D,20220118,000000,32.6,33.75,32.25,33.6,45284,0
CLN,D,20220119,000000,33.5,33.5,31.7,31.8,26559,0
CLN,D,20220120,000000,32.15,32.25,31.2,31.8,24374,0
CLN,D,20220121,000000,31.2,31.25,30.45,30.85,23878,0
CLN,D,20220124,000000,30.8,31.35,28.5,28.65,78666,0
CLN,D,20220125,000000,28.6,29.5,28.05,28.6,37043,0
CLN,D,20220126,000000,28.6,29.1,28.6,28.8,23346,0
CLN,D,20220127,000000,28.7,29.45,28,28.7,64635,0
CLN,D,20220128,000000,29.05,29.4,28.5,28.95,36953,0
CLN,D,20220131,000000,29.05,29.8,29,29,13332,0
CLN,D,20220201,000000,29.2,29.6,29,29,9516,0
CLN,D,20220202,000000,29,29.5,28.9,29.25,12060,0
CLN,D,20220203,000000,29.1,29.45,27.3,27.95,37333,0
CLN,D,20220204,000000,28.3,28.95,28,28.4,13490,0
CLN,D,20220207,000000,29.15,29.15,27.35,28,28044,0
CLN,D,20220208,000000,27.9,28.4,27.35,27.6,15437,0
CLN,D,20220209,000000,27.65,28.35,27.6,28,18586,0
CLN,D,20220210,000000,28.1,28.15,27.7,28.1,12687,0
CLN,D,20220211,000000,28,28.05,27.55,27.7,9264,0
CLN,D,20220214,000000,27,27.2,26,26.7,37349,0
CLN,D,20220215,000000,26.4,27.55,26.4,27.35,20684,0
CLN,D,20220216,000000,27.35,27.8,27.25,27.35,13397,0
CLN,D,20220217,000000,27.7,27.7,26.05,26.1,14888,0
CLN,D,20220218,000000,26.75,26.8,26,26.2,13349,0
CLN,D,20220221,000000,26.1,26.35,24.35,25,45668,0
CLN,D,20220222,000000,24.75,25.95,24.55,25.55,28519,0
CLN,D,20220223,000000,25.55,26.1,24.5,24.6,27001,0
CLN,D,20220224,000000,22.5,24,20.65,21.5,79099,0
CLN,D,20220225,000000,22.5,23.3,21.8,23.05,34183,0
CLN,D,20220228,000000,23.35,24.8,22.1,23.4,24188,0
CLN,D,20220301,000000,23.3,24,23,23.4,18610,0
CLN,D,20220302,000000,23.5,24.2,22.5,24.2,33263,0
CLN,D,20220303,000000,24,24.85,23.3,24.85,24360,0
CLN,D,20220304,000000,24,24.4,22.6,22.95,24315,0
CLN,D,20220307,000000,22.6,22.6,20.7,22.2,80145,0
CLN,D,20220308,000000,22,22.5,21.45,21.85,75689,0
CLN,D,20220309,000000,21.9,23.2,21.9,23.15,58276,0
CLN,D,20220310,000000,23.35,24.1,22.55,22.85,75883,0
CLN,D,20220311,000000,22.95,24.2,22.9,24.2,42408,0
CLN,D,20220314,000000,24.05,24.95,23.55,24.9,22832,0
CLN,D,20220315,000000,24.8,25,23.65,24.8,31759,0
CLN,D,20220316,000000,25.1,26.75,25.05,25.85,41107,0
CLN,D,20220317,000000,26.05,26.5,25.3,25.45,68810,0
CLN,D,20220318,000000,25.4,26.3,25.4,26.25,15314,0
CLN,D,20220321,000000,26.25,26.4,25.7,26.1,32665,0
CLN,D,20220322,000000,26.1,27,26,26.5,12547,0
CLN,D,20220323,000000,26.9,27.35,26.5,27.35,17727,0
CLN,D,20220324,000000,27.4,27.9,26.85,27.45,14921,0
CLN,D,20220325,000000,27.55,27.6,26.85,27,6671,0
CLN,D,20220328,000000,26.9,27.2,26.1,26.25,7177,0
CLN,D,20220329,000000,26.4,27.2,26,26,15029,0
CLN,D,20220330,000000,26.25,27.05,26.25,26.8,8624,0
CLN,D,20220331,000000,27,27.2,26.15,26.5,6891,0
CLN,D,20220401,000000,26.45,26.6,26,26.25,4039,0
CLN,D,20220404,000000,26.5,27.3,26.35,26.55,20479,0
CLN,D,20220405,000000,26.7,27.15,26.3,26.35,11794,0
CLN,D,20220406,000000,26.5,26.5,25.15,25.35,60333,0
CLN,D,20220407,000000,25.35,27,25.15,27,35428,0
CLN,D,20220408,000000,27,27.1,25.4,25.4,22098,0
CLN,D,20220411,000000,25.85,25.85,24.7,25.25,23829,0
CLN,D,20220412,000000,25.65,25.7,25,25,6459,0
CLN,D,20220413,000000,25.35,25.35,25,25.2,10313,0
CLN,D,20220414,000000,25.2,25.4,25,25.1,2582,0
CLN,D,20220419,000000,25.1,25.7,24.45,24.65,10922,0
CLN,D,20220420,000000,24.65,24.8,24.1,24.6,7481,0
CLN,D,20220421,000000,25.55,25.65,24.8,24.8,13908,0
CLN,D,20220422,000000,25,25.55,24.1,24.3,12762,0
