<TICKER>,<PER>,<DATE>,<TIME>,<OPEN>,<HIGH>,<LOW>,<CLOSE>,<VOL>,<OPENINT>
CRJ,D,20180806,000000,100,114,90,98.78,33060,0
CRJ,D,20180807,000000,98.7,103.4,93,93.2,4841,0
CRJ,D,20180808,000000,94.8,98.89,90.91,97.49,2461,0
CRJ,D,20180809,000000,98.9,98.9,92,92,1619,0
CRJ,D,20180810,000000,92.1,92.3,84,87.9,2027,0
CRJ,D,20180813,000000,84,95,82,92,1185,0
CRJ,D,20180814,000000,93,98.5,92,94,731,0
CRJ,D,20180816,000000,98.5,111.5,98.5,107,5568,0
CRJ,D,20180817,000000,110,122,107,117.5,3394,0
CRJ,D,20180820,000000,119,124,115,115,1771,0
CRJ,D,20180821,000000,114.5,115.5,107,112,1987,0
CRJ,D,20180822,000000,110,113,106,111,1951,0
CRJ,D,20180823,000000,108,113,106,109,706,0
CRJ,D,20180824,000000,106,108.9,103,108.9,367,0
CRJ,D,20180827,000000,110.9,110.9,97.1,103,2864,0
CRJ,D,20180828,000000,106,107,100,102,3911,0
CRJ,D,20180829,000000,100,118,93.1,98,24110,0
CRJ,D,20180830,000000,96.8,97,82.5,85.1,15868,0
CRJ,D,20180831,000000,86.8,92.5,75.51,88,9804,0
CRJ,D,20180903,000000,105,126,102,119,22954,0
CRJ,D,20180904,000000,121,163,118,141,29682,0
CRJ,D,20180905,000000,139.9,155,131.1,140,13014,0
CRJ,D,20180906,000000,140.02,148,130,137,6744,0
CRJ,D,20180907,000000,138,145,133,145,3734,0
CRJ,D,20180910,000000,154,159,147,155.3,4017,0
CRJ,D,20180911,000000,159,186,152,180.8,7998,0
CRJ,D,20180912,000000,175,177.9,167,170,3130,0
CRJ,D,20180913,000000,168,175,152,166,4674,0
CRJ,D,20180914,000000,166,169,158,168.5,1858,0
CRJ,D,20180917,000000,162,167,158.5,162,2002,0
CRJ,D,20180918,000000,165,165,155.22,162.5,1846,0
CRJ,D,20180919,000000,163,194,163,185,8426,0
CRJ,D,20180920,000000,185,194.98,180.1,183,870,0
CRJ,D,20180921,000000,180.1,185,175,178,913,0
CRJ,D,20180924,000000,180,184,178,180,647,0
CRJ,D,20180925,000000,180,194.98,180,193,1562,0
CRJ,D,20180926,000000,190,195,185,194.94,388,0
CRJ,D,20180927,000000,195,195,186,193,466,0
CRJ,D,20180928,000000,186,187.4,181.02,185,569,0
CRJ,D,20181001,000000,180,180,165,165,2283,0
CRJ,D,20181002,000000,168,178,168,171.5,582,0
CRJ,D,20181003,000000,170,174,165,172,377,0
CRJ,D,20181004,000000,170,173,165,172,238,0
CRJ,D,20181005,000000,165,170.5,163,165,899,0
CRJ,D,20181008,000000,171,171,156,164.98,510,0
CRJ,D,20181009,000000,161.5,163,152.2,163,697,0
CRJ,D,20181010,000000,160,182,160,176.7,6306,0
CRJ,D,20181011,000000,180,180,163.02,168,1311,0
CRJ,D,20181012,000000,159,175,152.5,175,1003,0
CRJ,D,20181015,000000,175,175,168,170,209,0
CRJ,D,20181016,000000,170,170,157,160,713,0
CRJ,D,20181017,000000,161,170,155,155.1,442,0
CRJ,D,20181018,000000,164.4,173,155.2,172,1144,0
CRJ,D,20181019,000000,172,173,162,169.9,1181,0
CRJ,D,20181022,000000,161.5,170,154.42,160.2,5063,0
CRJ,D,20181023,000000,163,165,154.5,155.62,1472,0
CRJ,D,20181024,000000,154.5,159,151,153.5,1095,0
CRJ,D,20181025,000000,150.7,150.7,141,145.1,1258,0
CRJ,D,20181026,000000,149,149,134,140.1,1597,0
CRJ,D,20181029,000000,136,141.9,134.02,137.5,388,0
CRJ,D,20181030,000000,136,139,128.4,133,704,0
CRJ,D,20181031,000000,133,140,132,140,628,0
CRJ,D,20181102,000000,132.04,150.1,132.04,150,636,0
CRJ,D,20181105,000000,151,159.4,147.02,147.5,287,0
CRJ,D,20181106,000000,146,160.5,140.1,156.32,1698,0
CRJ,D,20181107,000000,167,171,155,155,1232,0
CRJ,D,20181108,000000,155,160,151,151,700,0
CRJ,D,20181109,000000,151,169.9,127,145,753,0
CRJ,D,20181113,000000,135,161.8,135,140.02,668,0
CRJ,D,20181114,000000,138,154.6,138,146,120,0
CRJ,D,20181115,000000,146,146,141,141,683,0
CRJ,D,20181116,000000,141.6,141.6,133,140,610,0
CRJ,D,20181119,000000,139,141,135,141,362,0
CRJ,D,20181120,000000,141,141.2,135.02,135.06,597,0
CRJ,D,20181121,000000,138,139,135,136.1,485,0
CRJ,D,20181122,000000,135.1,140,134,139,210,0
CRJ,D,20181123,000000,138.6,145,137.1,139,173,0
CRJ,D,20181126,000000,141,156.5,141,149,455,0
CRJ,D,20181127,000000,148,155,146,146,406,0
CRJ,D,20181128,000000,145.6,150,145.6,148,281,0
CRJ,D,20181129,000000,152,158,152,158,431,0
CRJ,D,20181130,000000,159,159,152,152,184,0
CRJ,D,20181203,000000,157.9,157.9,148,154.1,481,0
CRJ,D,20181204,000000,153.66,153.66,147.5,147.5,63,0
CRJ,D,20181205,000000,147.5,150,146,147.9,146,0
CRJ,D,20181206,000000,150,150,143,143,268,0
CRJ,D,20181207,000000,144,144.1,140,143,473,0
CRJ,D,20181210,000000,143,145,137.1,144,157,0
CRJ,D,20181211,000000,143,150,143,143.02,174,0
CRJ,D,20181212,000000,143.02,146,142,146,91,0
CRJ,D,20181213,000000,141,149.38,141,149.38,11,0
CRJ,D,20181214,000000,149.28,151,147,147,172,0
CRJ,D,20181217,000000,147,149,142,149,161,0
CRJ,D,20181219,000000,143,147,143,147,95,0
CRJ,D,20181220,000000,142,148,142,142,142,0
CRJ,D,20181221,000000,142,147,133.1,141,157,0
CRJ,D,20181227,000000,140,141,133,133,304,0
CRJ,D,20181228,000000,140.7,141,140.7,141,120,0
CRJ,D,20190102,000000,141.98,159,141.98,148.98,359,0
CRJ,D,20190103,000000,149,149,148,148,11,0
CRJ,D,20190104,000000,148.1,148.1,148,148,105,0
CRJ,D,20190107,000000,148.5,148.5,147,148.5,126,0
CRJ,D,20190108,000000,148.5,150,145,148,285,0
CRJ,D,20190109,000000,148,148,144,144,291,0
CRJ,D,20190110,000000,143.1,147.96,143,147.96,66,0
CRJ,D,20190111,000000,147.96,157,147.96,152,269,0
CRJ,D,20190114,000000,148.2,148.2,146,148.2,24,0
CRJ,D,20190115,000000,146.1,149,143,149,154,0
CRJ,D,20190116,000000,149.5,149.5,146,146,225,0
CRJ,D,20190117,000000,147,149.7,146,147,600,0
CRJ,D,20190118,000000,146.1,149,144,146,127,0
CRJ,D,20190121,000000,143,148,143,148,86,0
CRJ,D,20190122,000000,148,157,147,153,410,0
CRJ,D,20190123,000000,152.9,161.5,149,157.6,376,0
CRJ,D,20190124,000000,157.9,171.5,157.9,169.98,437,0
CRJ,D,20190125,000000,169.98,187,160,179,667,0
CRJ,D,20190128,000000,179.9,179.9,173,173,137,0
CRJ,D,20190129,000000,171,173,165.2,165.5,428,0
CRJ,D,20190130,000000,169,179,166.6,172,367,0
CRJ,D,20190131,000000,172,175,167,167.5,133,0
CRJ,D,20190201,000000,172,175,170,170.02,71,0
CRJ,D,20190204,000000,171,184.44,171,184.44,457,0
CRJ,D,20190205,000000,185,186.8,180,181.7,53,0
CRJ,D,20190206,000000,182,185,178,180,297,0
CRJ,D,20190207,000000,175,178.8,157.5,169,221,0
CRJ,D,20190208,000000,169.1,178.8,169.1,169.1,37,0
CRJ,D,20190211,000000,163,186.9,162.2,180,897,0
CRJ,D,20190212,000000,183.3,190,176.2,176.2,318,0
CRJ,D,20190213,000000,170.6,182,170.6,180,119,0
CRJ,D,20190214,000000,178,181.5,178,180,37,0
CRJ,D,20190215,000000,175,175,174,174.9,69,0
CRJ,D,20190218,000000,176,176,169,176,30,0
CRJ,D,20190219,000000,176,184.44,175,175,261,0
CRJ,D,20190220,000000,175,180,175,175,115,0
CRJ,D,20190221,000000,173.5,180,173,180,214,0
CRJ,D,20190222,000000,176,182,173,177,58,0
CRJ,D,20190225,000000,180,180,175,175,105,0
CRJ,D,20190226,000000,178,182,178,182,103,0
CRJ,D,20190227,000000,175.5,180,175.5,180,8,0
CRJ,D,20190228,000000,180,184,180,184,220,0
CRJ,D,20190301,000000,180.2,181,176,176,66,0
CRJ,D,20190304,000000,179.9,180,176.5,176.5,145,0
CRJ,D,20190305,000000,178,193,174,179,901,0
CRJ,D,20190306,000000,181,185.6,175,179,470,0
CRJ,D,20190307,000000,179.9,186.2,175.4,180,837,0
CRJ,D,20190308,000000,180.5,180.5,173,175,965,0
CRJ,D,20190311,000000,174,179.6,174,175,118,0
CRJ,D,20190312,000000,178.94,183.94,145,163.02,3251,0
CRJ,D,20190313,000000,161,164.78,161,161,452,0
CRJ,D,20190314,000000,162.9,165.5,162.9,165,166,0
CRJ,D,20190315,000000,164.5,178,164.5,178,390,0
CRJ,D,20190318,000000,177.98,177.98,171,175,95,0
CRJ,D,20190319,000000,177.78,177.8,171.2,171.2,33,0
CRJ,D,20190320,000000,171.5,177.9,171.5,177.9,80,0
CRJ,D,20190321,000000,172.2,172.2,170,170,120,0
CRJ,D,20190322,000000,170.04,170.04,170.04,170.04,199,0
CRJ,D,20190325,000000,170,174,168,168.4,82,0
CRJ,D,20190326,000000,168.64,175,168.64,170,71,0
CRJ,D,20190327,000000,172,174,170.04,173.7,51,0
CRJ,D,20190328,000000,170,170,166.5,170,1089,0
CRJ,D,20190329,000000,170,170,166,169,158,0
CRJ,D,20190401,000000,166,173,166,172,288,0
CRJ,D,20190402,000000,172,178,170,171,619,0
CRJ,D,20190403,000000,173,174,171,171,296,0
CRJ,D,20190404,000000,170,173.6,165,173.6,612,0
CRJ,D,20190405,000000,173.4,208,173.4,189.8,1508,0
CRJ,D,20190408,000000,183,185,176,180,171,0
CRJ,D,20190409,000000,183.8,183.8,183,183,45,0
CRJ,D,20190410,000000,181.2,181.2,181,181,68,0
CRJ,D,20190411,000000,181,181,173.2,180,231,0
CRJ,D,20190412,000000,177,177,170,177,810,0
CRJ,D,20190415,000000,173,173,167,169,364,0
CRJ,D,20190416,000000,169,170,167,170,56,0
CRJ,D,20190417,000000,168,168,168,168,32,0
CRJ,D,20190418,000000,169,169,165,165.6,218,0
CRJ,D,20190423,000000,166.4,170,166,170,196,0
CRJ,D,20190424,000000,168.6,169.8,165,169.8,276,0
CRJ,D,20190425,000000,165.2,165.2,161.2,165,399,0
CRJ,D,20190426,000000,167,167,165,166,20,0
CRJ,D,20190429,000000,163,167,163,166,119,0
CRJ,D,20190430,000000,164.4,166,163,165,246,0
CRJ,D,20190502,000000,164,168,164,166,153,0
CRJ,D,20190506,000000,168,173,166.4,173,200,0
CRJ,D,20190507,000000,176.8,177.2,168,168,401,0
CRJ,D,20190508,000000,174.2,174.6,167,170,223,0
CRJ,D,20190509,000000,170,170,167,167,137,0
CRJ,D,20190510,000000,170,172.8,167,167,649,0
CRJ,D,20190513,000000,168,169.4,168,169.4,105,0
CRJ,D,20190514,000000,169.4,169.4,164.6,169,431,0
CRJ,D,20190515,000000,169.8,169.8,165.4,165.4,291,0
CRJ,D,20190516,000000,168.8,169.8,167.2,167.4,469,0
CRJ,D,20190517,000000,169,169.8,168,168.8,302,0
CRJ,D,20190520,000000,169.8,170,166,168,883,0
CRJ,D,20190521,000000,168,168,162.4,162.4,578,0
CRJ,D,20190522,000000,162.4,165,162.4,165,100,0
CRJ,D,20190523,000000,165,165,162,165,260,0
CRJ,D,20190524,000000,165,167,155,162.4,759,0
CRJ,D,20190527,000000,162.8,163,157,160,305,0
CRJ,D,20190528,000000,160,162.2,158,160,524,0
CRJ,D,20190529,000000,159,160.6,155,158.8,281,0
CRJ,D,20190530,000000,159.8,160,155.2,159,64,0
CRJ,D,20190531,000000,157,160,148,157,156,0
CRJ,D,20190603,000000,160,162,160,160,184,0
CRJ,D,20190604,000000,160,160,153,157,370,0
CRJ,D,20190605,000000,160,160,155,155,162,0
CRJ,D,20190606,000000,153,160,153,160,65,0
CRJ,D,20190607,000000,160,163.8,153,155,1567,0
CRJ,D,20190610,000000,154,154,134,151.6,1960,0
CRJ,D,20190611,000000,149.6,154.6,149.6,152,155,0
CRJ,D,20190612,000000,154.6,161,150.4,157,263,0
CRJ,D,20190613,000000,159.4,160,155,155,116,0
CRJ,D,20190614,000000,158,158,152,154.6,27,0
CRJ,D,20190617,000000,152,156,152,156,55,0
CRJ,D,20190618,000000,152,168,152,164,205,0
CRJ,D,20190619,000000,163,163,154,160,177,0
CRJ,D,20190621,000000,160,162,160,162,15,0
CRJ,D,20190624,000000,153.4,163,153.4,161,738,0
CRJ,D,20190625,000000,161,161,157,158,58,0
CRJ,D,20190626,000000,157,158,157,158,129,0
CRJ,D,20190627,000000,158,158,158,158,65,0
CRJ,D,20190628,000000,160.00,160.00,158.00,160.00,91,0
CRJ,D,20190701,000000,160,188,160,176,1836,0
CRJ,D,20190702,000000,179.8,182.8,179.4,180,348,0
CRJ,D,20190703,000000,178,183,178,182,262,0
CRJ,D,20190704,000000,182,183,182,183,198,0
CRJ,D,20190705,000000,183,183,182.8,182.8,180,0
CRJ,D,20190708,000000,182.8,182.8,180,181.8,246,0
CRJ,D,20190709,000000,178.8,181,178,181,86,0
CRJ,D,20190710,000000,180,180,179,179,71,0
CRJ,D,20190711,000000,179,179,178,178.2,158,0
CRJ,D,20190712,000000,178.4,178.8,175,178.8,154,0
CRJ,D,20190715,000000,179,179,176,179,169,0
CRJ,D,20190716,000000,179.8,180,174,174,1230,0
CRJ,D,20190717,000000,179,181,172,178.4,351,0
CRJ,D,20190718,000000,178.4,179,175,175,86,0
CRJ,D,20190719,000000,179.8,180,177,179.8,228,0
CRJ,D,20190722,000000,180,180,175.2,175.2,20,0
CRJ,D,20190723,000000,175.4,179,175.4,179,8,0
CRJ,D,20190724,000000,179.8,183,179.8,183,231,0
CRJ,D,20190725,000000,179.4,215,179.4,209.5,1686,0
CRJ,D,20190726,000000,202.5,212,199,200,1533,0
CRJ,D,20190729,000000,200,212,200,209,345,0
CRJ,D,20190730,000000,207,210,200,200,1814,0
CRJ,D,20190731,000000,205,209,205,209,111,0
CRJ,D,20190801,000000,208,208,200,205,169,0
CRJ,D,20190802,000000,205,205,205,205,16,0
CRJ,D,20190805,000000,200,203,195,200,410,0
CRJ,D,20190806,000000,199.8,204,192.2,204,92,0
CRJ,D,20190807,000000,206,210,190,203,678,0
CRJ,D,20190808,000000,200,205.5,200,201,752,0
CRJ,D,20190809,000000,204,218,204,218,746,0
CRJ,D,20190812,000000,218.5,242,218,233,999,0
CRJ,D,20190813,000000,234,240,230,230,281,0
CRJ,D,20190814,000000,232,237,232,233,125,0
CRJ,D,20190816,000000,233,242,233,242,176,0
CRJ,D,20190819,000000,241,241,233,237,928,0
CRJ,D,20190820,000000,237,240,214.5,229,476,0
CRJ,D,20190821,000000,225,236.5,225,233,441,0
CRJ,D,20190822,000000,235,246,233,246,137,0
CRJ,D,20190823,000000,245,248,225,238,776,0
CRJ,D,20190826,000000,229.5,230,193,203,3131,0
CRJ,D,20190827,000000,200,213.5,196,205,2869,0
CRJ,D,20190828,000000,206,208,199,206,1320,0
CRJ,D,20190829,000000,204.5,209,198,208,2298,0
CRJ,D,20190830,000000,209,222,207,219,1935,0
CRJ,D,20190902,000000,219,223,204,209.5,3267,0
CRJ,D,20190903,000000,204,219,203,205.5,2325,0
CRJ,D,20190904,000000,206,217,205.5,212,2043,0
CRJ,D,20190905,000000,213,230,202,224,4899,0
CRJ,D,20190906,000000,216,220,209,216,2293,0
CRJ,D,20190909,000000,230,238,226.5,232,1951,0
CRJ,D,20190910,000000,234,234,206.5,212.5,1816,0
CRJ,D,20190911,000000,210,218,201.5,207,1660,0
CRJ,D,20190912,000000,203,203,180,183.8,5879,0
CRJ,D,20190913,000000,188,197.8,184.6,195,2258,0
CRJ,D,20190916,000000,197,201,186.8,192,1200,0
CRJ,D,20190917,000000,187,195,183.8,190,680,0
CRJ,D,20190918,000000,187,193,179,192.4,1800,0
CRJ,D,20190919,000000,192,194.6,187,189,270,0
CRJ,D,20190920,000000,192,192,183,189,576,0
CRJ,D,20190923,000000,192,192,189,190,398,0
CRJ,D,20190924,000000,189.8,190,185,188,204,0
CRJ,D,20190925,000000,187,188,179,184.8,757,0
CRJ,D,20190926,000000,180,189,180,188,368,0
CRJ,D,20190927,000000,188,190,182,188.8,365,0
CRJ,D,20190930,000000,188,196.8,182,186,924,0
CRJ,D,20191001,000000,187,188.8,183,187.4,291,0
CRJ,D,20191002,000000,183,186.6,176,179.4,347,0
CRJ,D,20191003,000000,177.8,187,176,186,1285,0
CRJ,D,20191004,000000,187,189.2,185,186,280,0
CRJ,D,20191007,000000,188,190,186.2,186.2,241,0
CRJ,D,20191008,000000,189.8,196.4,187,194.6,530,0
CRJ,D,20191009,000000,195,204,195,199.4,1293,0
CRJ,D,20191010,000000,199.4,204.5,199.4,203,646,0
CRJ,D,20191011,000000,205,207,205,206.5,417,0
CRJ,D,20191014,000000,209,213,207.5,209,497,0
CRJ,D,20191015,000000,210,212,202.5,208,480,0
CRJ,D,20191016,000000,204,208.5,204,207.5,134,0
CRJ,D,20191017,000000,205,207,198,203.5,469,0
CRJ,D,20191018,000000,200,200,196,200,431,0
CRJ,D,20191021,000000,196,203,196,203,204,0
CRJ,D,20191022,000000,203,212,201,205,587,0
CRJ,D,20191023,000000,205,205,193.2,193.2,995,0
CRJ,D,20191024,000000,197,199,190.4,199,163,0
CRJ,D,20191025,000000,200,208,200,206,1010,0
CRJ,D,20191028,000000,205,207,194,203.5,514,0
CRJ,D,20191029,000000,202.5,202.5,192,193,624,0
CRJ,D,20191030,000000,190,190,182.2,185,1224,0
CRJ,D,20191031,000000,187,187,180,186,449,0
CRJ,D,20191104,000000,187,187,180,186,864,0
CRJ,D,20191105,000000,186,186,172.4,175,1662,0
CRJ,D,20191106,000000,172.4,188,172.4,182,660,0
CRJ,D,20191107,000000,188.4,188.4,165.6,183.8,1801,0
CRJ,D,20191108,000000,183.8,184.6,180.2,184,364,0
CRJ,D,20191112,000000,183.8,183.8,180,182,276,0
CRJ,D,20191113,000000,181,181,178,178.8,400,0
CRJ,D,20191114,000000,176.2,180,173.2,177,470,0
CRJ,D,20191115,000000,179.8,179.8,170,174,505,0
CRJ,D,20191118,000000,170,174,159,168,1862,0
CRJ,D,20191119,000000,166,176.8,166,168,580,0
CRJ,D,20191120,000000,168,172,160,162.2,740,0
CRJ,D,20191121,000000,164,172,164,172,369,0
CRJ,D,20191122,000000,173.8,183,173.8,182.8,502,0
CRJ,D,20191125,000000,183.8,184.6,180,184.6,170,0
CRJ,D,20191126,000000,183.2,183.4,151.4,181,684,0
CRJ,D,20191127,000000,176,180.8,174,175,656,0
CRJ,D,20191128,000000,175,178,170,178,228,0
CRJ,D,20191129,000000,177.8,177.8,165.4,170,581,0
CRJ,D,20191202,000000,171,174,170,170,281,0
CRJ,D,20191203,000000,168.6,174,168.6,170,249,0
CRJ,D,20191204,000000,174,178,170,172,283,0
CRJ,D,20191205,000000,172,175,169,175,317,0
CRJ,D,20191206,000000,175,180,175,180,231,0
CRJ,D,20191209,000000,180,180,175,179.8,58,0
CRJ,D,20191210,000000,175,179,175,179,41,0
CRJ,D,20191211,000000,178,178,172,177,216,0
CRJ,D,20191212,000000,177,180,170,178.6,372,0
CRJ,D,20191213,000000,175,178.6,174,178.6,62,0
CRJ,D,20191216,000000,175,176,173,176,518,0
CRJ,D,20191217,000000,180,182,174,182,858,0
CRJ,D,20191218,000000,180,180,171.2,179.6,640,0
CRJ,D,20191219,000000,178.4,178.4,172,177,1125,0
CRJ,D,20191220,000000,175,176,168,171,1335,0
CRJ,D,20191223,000000,170,174,162,173.6,2252,0
CRJ,D,20191227,000000,174.8,183.8,173.8,182.8,1479,0
CRJ,D,20191230,000000,183.6,189,177.2,180,852,0
CRJ,D,20200102,000000,180,187,163.2,187,523,0
CRJ,D,20200103,000000,180.4,183,170,180,638,0
CRJ,D,20200107,000000,181,194,181,190,381,0
CRJ,D,20200108,000000,185,187,180,184.4,2564,0
CRJ,D,20200109,000000,185,194.8,184.6,194,1747,0
CRJ,D,20200110,000000,194.2,207,194.2,200,2050,0
CRJ,D,20200113,000000,204,206,200,204,388,0
CRJ,D,20200114,000000,201,201,195,197,608,0
CRJ,D,20200115,000000,197,217,197,207,4052,0
CRJ,D,20200116,000000,212,215,197.2,203,2263,0
CRJ,D,20200117,000000,200,204.5,196,204.5,481,0
CRJ,D,20200120,000000,204,204,200,202,624,0
CRJ,D,20200121,000000,199.8,206.5,198,206.5,395,0
CRJ,D,20200122,000000,206.5,208,200,208,496,0
CRJ,D,20200123,000000,210.5,210.5,205,206.5,578,0
CRJ,D,20200124,000000,209.5,209.5,205,208.5,237,0
CRJ,D,20200127,000000,207,207,195,195,2322,0
CRJ,D,20200128,000000,196,204,195,200,1037,0
CRJ,D,20200129,000000,196.6,205,195,200,1774,0
CRJ,D,20200130,000000,205,205,191,191,2422,0
CRJ,D,20200131,000000,190,199,190,198,1024,0
CRJ,D,20200203,000000,198,202.5,194.6,202.5,487,0
CRJ,D,20200204,000000,202.5,209,198,209,1379,0
CRJ,D,20200205,000000,209,218,209,211,973,0
CRJ,D,20200206,000000,211,215,205,211.5,1001,0
CRJ,D,20200207,000000,211,211,205,209,165,0
CRJ,D,20200210,000000,208,208,205,205,418,0
CRJ,D,20200211,000000,208,210,208,210,561,0
CRJ,D,20200212,000000,212,212.5,205,205,246,0
CRJ,D,20200213,000000,205,212.5,205,212,355,0
CRJ,D,20200214,000000,205,210,198,210,1492,0
CRJ,D,20200217,000000,208,211.5,201,208,523,0
CRJ,D,20200218,000000,205,210,205,210,162,0
CRJ,D,20200219,000000,210,224,209,220,1594,0
CRJ,D,20200220,000000,220,222,215,215,197,0
CRJ,D,20200221,000000,217,228.5,217,227,1565,0
CRJ,D,20200224,000000,227,231,214,221.5,1524,0
CRJ,D,20200225,000000,219,219,198,205,4473,0
CRJ,D,20200226,000000,200,205.5,183,205,5229,0
CRJ,D,20200227,000000,204.5,204.5,188.8,198.8,1474,0
CRJ,D,20200228,000000,188,188,160,172,3511,0
CRJ,D,20200302,000000,181,190,166,180,2696,0
CRJ,D,20200303,000000,190,206,188,200,4411,0
CRJ,D,20200304,000000,200,204,192,200,1063,0
CRJ,D,20200305,000000,200,205,193.4,195.8,1192,0
CRJ,D,20200306,000000,191.6,199.4,187,191,848,0
CRJ,D,20200309,000000,173,178.6,168,171,3479,0
CRJ,D,20200310,000000,180,185,175.2,175.2,449,0
CRJ,D,20200311,000000,180,180,150,150,3892,0
CRJ,D,20200312,000000,131,150,109,111,4817,0
CRJ,D,20200313,000000,130,156,122,135,7120,0
CRJ,D,20200316,000000,132.8,158,125,157,7464,0
CRJ,D,20200317,000000,172,185,145,171,2697,0
CRJ,D,20200318,000000,178,182,164,165.2,1910,0
CRJ,D,20200319,000000,170,179,167,179,893,0
CRJ,D,20200320,000000,180,185,166,172,3562,0
CRJ,D,20200323,000000,168.8,174,153,169,874,0
CRJ,D,20200324,000000,176,179.6,161,173.4,4436,0
CRJ,D,20200325,000000,174,196.8,151,176,6821,0
CRJ,D,20200326,000000,176,177,173.6,176.8,834,0
CRJ,D,20200327,000000,176.8,176.8,171,172.6,1081,0
CRJ,D,20200330,000000,172.6,172.6,165,167,1967,0
CRJ,D,20200331,000000,170.6,179,168,168,2556,0
CRJ,D,20200401,000000,177,186,171,182,1016,0
CRJ,D,20200402,000000,185,208,177,205,7068,0
CRJ,D,20200403,000000,210,223,209,215,8063,0
CRJ,D,20200406,000000,224,238,214,225,9396,0
CRJ,D,20200407,000000,221,235,213,229,12938,0
CRJ,D,20200408,000000,252,360,244,350,21013,0
CRJ,D,20200409,000000,415,415,341,368,16375,0
CRJ,D,20200414,000000,425,449,340,385,24155,0
CRJ,D,20200415,000000,383,383,313,318,20189,0
CRJ,D,20200416,000000,321,344,312,344,7616,0
CRJ,D,20200417,000000,350,357,305,320,13791,0
CRJ,D,20200420,000000,349,418,338,410,14788,0
CRJ,D,20200421,000000,410,419,373,409,7739,0
CRJ,D,20200422,000000,407,480,406,468,8585,0
CRJ,D,20200423,000000,491,491,443,461,6135,0
CRJ,D,20200424,000000,450,460,437,441,3159,0
CRJ,D,20200427,000000,456,514,456,493,8810,0
CRJ,D,20200428,000000,522,534,502,520,6133,0
CRJ,D,20200429,000000,560,560,510,520,5456,0
CRJ,D,20200430,000000,530,540,512,540,5161,0
CRJ,D,20200504,000000,550,590,550,578,9228,0
CRJ,D,20200505,000000,590,592,552,568,5553,0
CRJ,D,20200506,000000,574,580,550,558,2801,0
CRJ,D,20200507,000000,558,566,536,556,1751,0
CRJ,D,20200508,000000,564,566,540,558,2931,0
CRJ,D,20200511,000000,566,600,566,590,6094,0
CRJ,D,20200512,000000,590,590,550,562,4884,0
CRJ,D,20200513,000000,550,568,526,536,4411,0
CRJ,D,20200514,000000,536,540,478,510,12906,0
CRJ,D,20200515,000000,524,530,512,526,3270,0
CRJ,D,20200518,000000,530,564,530,556,3586,0
CRJ,D,20200519,000000,558,564,544,556,997,0
CRJ,D,20200520,000000,556,578,548,576,1108,0
CRJ,D,20200521,000000,578,580,544,566,1534,0
CRJ,D,20200522,000000,566,576,558,576,640,0
CRJ,D,20200525,000000,586,658,576,658,5591,0
CRJ,D,20200526,000000,682,798,642,740,4784,0
CRJ,D,20200527,000000,730,750,680,680,5567,0
CRJ,D,20200528,000000,692,748,690,726,3756,0
CRJ,D,20200529,000000,728,740,724,728,911,0
CRJ,D,20200601,000000,718,748,718,748,1082,0
CRJ,D,20200602,000000,748,748,720,726,786,0
CRJ,D,20200603,000000,728,728,694,698,2524,0
CRJ,D,20200604,000000,698,722,692,700,1273,0
CRJ,D,20200605,000000,708,714,696,698,966,0
CRJ,D,20200608,000000,704,716,670,704,3938,0
CRJ,D,20200609,000000,700,716,688,716,1079,0
CRJ,D,20200610,000000,716,790,706,782,2590,0
CRJ,D,20200612,000000,736,768,710,762,1956,0
CRJ,D,20200615,000000,758,790,736,782,1242,0
CRJ,D,20200616,000000,792,806,760,778,3125,0
CRJ,D,20200617,000000,768,888,768,880,3652,0
CRJ,D,20200618,000000,862,978,862,978,3625,0
CRJ,D,20200619,000000,978,1000,912,972,4485,0
CRJ,D,20200622,000000,970,970,910,926,3229,0
CRJ,D,20200623,000000,914,936,894,910,1518,0
CRJ,D,20200624,000000,914,1060,914,1010,4664,0
CRJ,D,20200625,000000,1035,1100,1015,1080,2948,0
CRJ,D,20200626,000000,1070,1270,1060,1160,6335,0
CRJ,D,20200629,000000,1190,1245,1095,1160,4002,0
CRJ,D,20200630,000000,1180,1180,1085,1110,1959,0
CRJ,D,20200701,000000,1130,1155,1055,1150,1796,0
CRJ,D,20200702,000000,1150,1230,1140,1160,1364,0
CRJ,D,20200703,000000,1160,1160,1080,1120,3145,0
CRJ,D,20200706,000000,1190,1240,1120,1170,6462,0
CRJ,D,20200707,000000,1150,1180,1090,1120,5813,0
CRJ,D,20200708,000000,1130,1165,1120,1120,3687,0
CRJ,D,20200709,000000,1135,1135,1050,1050,5544,0
CRJ,D,20200710,000000,1050,1200,1050,1165,11912,0
CRJ,D,20200713,000000,1170,1255,1155,1240,2947,0
CRJ,D,20200714,000000,1250,1380,1215,1325,4111,0
CRJ,D,20200715,000000,1325,1345,1255,1295,1773,0
CRJ,D,20200716,000000,1300,1305,1220,1305,1981,0
CRJ,D,20200717,000000,1305,1385,1280,1365,4607,0
CRJ,D,20200720,000000,1390,1400,1300,1355,2384,0
CRJ,D,20200721,000000,1355,1355,1290,1300,4272,0
CRJ,D,20200722,000000,1290,1300,1230,1260,1985,0
CRJ,D,20200723,000000,1230,1270,1170,1225,1762,0
CRJ,D,20200724,000000,1200,1200,1135,1175,3096,0
CRJ,D,20200727,000000,1175,1190,1130,1135,2682,0
CRJ,D,20200728,000000,1135,1335,1060,1110,10044,0
CRJ,D,20200729,000000,1050,1220,1005,1135,9863,0
CRJ,D,20200730,000000,1150,1180,986,1005,6930,0
CRJ,D,20200731,000000,1050,1140,1045,1075,3455,0
CRJ,D,20200803,000000,1065,1160,1065,1130,2085,0
CRJ,D,20200804,000000,1150,1170,1060,1100,2108,0
CRJ,D,20200805,000000,1110,1130,1080,1115,1191,0
CRJ,D,20200806,000000,1120,1150,1100,1120,2219,0
CRJ,D,20200807,000000,1120,1145,1085,1140,2059,0
CRJ,D,20200810,000000,1145,1150,1125,1135,642,0
CRJ,D,20200811,000000,1135,1135,1105,1115,568,0
CRJ,D,20200812,000000,1105,1115,1065,1095,1425,0
CRJ,D,20200813,000000,1100,1200,1080,1200,1801,0
CRJ,D,20200814,000000,1190,1190,1110,1180,2410,0
CRJ,D,20200817,000000,1165,1300,1150,1275,3733,0
CRJ,D,20200818,000000,1270,1310,1240,1290,2367,0
CRJ,D,20200819,000000,1295,1300,1235,1250,987,0
CRJ,D,20200820,000000,1215,1240,1185,1230,882,0
CRJ,D,20200821,000000,1195,1245,1155,1155,2369,0
CRJ,D,20200824,000000,1170,1190,1145,1150,1367,0
CRJ,D,20200825,000000,1160,1165,1120,1150,1161,0
CRJ,D,20200826,000000,1150,1155,1130,1150,513,0
CRJ,D,20200827,000000,1155,1240,1155,1230,1819,0
CRJ,D,20200828,000000,1240,1270,1210,1255,2690,0
CRJ,D,20200831,000000,1270,1295,1165,1190,2587,0
CRJ,D,20200901,000000,1180,1190,1100,1140,1985,0
CRJ,D,20200902,000000,1145,1150,1070,1105,2813,0
CRJ,D,20200903,000000,1115,1160,1095,1095,4317,0
CRJ,D,20200904,000000,1075,1100,1060,1070,2149,0
CRJ,D,20200907,000000,1070,1140,1065,1090,1356,0
CRJ,D,20200908,000000,1080,1090,962,1040,4971,0
CRJ,D,20200909,000000,1020,1070,1015,1050,1035,0
CRJ,D,20200910,000000,1050,1060,1005,1010,1564,0
CRJ,D,20200911,000000,1025,1080,990,1045,1839,0
CRJ,D,20200914,000000,1060,1100,1060,1100,1288,0
CRJ,D,20200915,000000,1100,1125,1050,1050,1437,0
CRJ,D,20200916,000000,1050,1090,1045,1090,1112,0
CRJ,D,20200917,000000,1090,1090,1015,1040,2244,0
CRJ,D,20200918,000000,1035,1050,1030,1040,725,0
CRJ,D,20200921,000000,1040,1040,986,1000,1378,0
CRJ,D,20200922,000000,998,1015,990,990,1288,0
CRJ,D,20200923,000000,996,1000,942,958,2278,0
CRJ,D,20200924,000000,926,940,888,920,5383,0
CRJ,D,20200925,000000,940,1005,934,990,2892,0
CRJ,D,20200928,000000,1015,1050,1000,1030,1171,0
CRJ,D,20200929,000000,1030,1050,1000,1015,873,0
CRJ,D,20200930,000000,1005,1020,980,1020,6547,0
CRJ,D,20201001,000000,1020,1060,992,996,1107,0
CRJ,D,20201002,000000,992,1025,990,1025,396,0
CRJ,D,20201005,000000,1050,1095,1050,1075,2514,0
CRJ,D,20201006,000000,1075,1100,1020,1020,982,0
CRJ,D,20201007,000000,1020,1050,1015,1030,579,0
CRJ,D,20201008,000000,1040,1050,1010,1030,3556,0
CRJ,D,20201009,000000,1010,1025,984,1015,2599,0
CRJ,D,20201012,000000,1040,1045,1015,1025,1598,0
CRJ,D,20201013,000000,1030,1030,1005,1030,2006,0
CRJ,D,20201014,000000,1010,1015,986,1015,2130,0
CRJ,D,20201015,000000,998,1015,952,980,2156,0
CRJ,D,20201016,000000,950,1000,950,998,2425,0
CRJ,D,20201019,000000,994,1175,972,1160,7421,0
CRJ,D,20201020,000000,1145,1150,1080,1110,1277,0
CRJ,D,20201021,000000,1090,1125,1020,1060,755,0
CRJ,D,20201022,000000,1050,1090,1020,1065,1010,0
CRJ,D,20201023,000000,1055,1075,998,1035,949,0
CRJ,D,20201026,000000,1005,1040,1000,1015,1011,0
CRJ,D,20201027,000000,1010,1010,976,1010,563,0
CRJ,D,20201028,000000,1000,1005,900,960,4537,0
CRJ,D,20201029,000000,958,998,928,996,2224,0
CRJ,D,20201030,000000,978,980,940,970,638,0
CRJ,D,20201102,000000,980,996,974,990,406,0
CRJ,D,20201103,000000,986,1010,964,990,828,0
CRJ,D,20201104,000000,998,998,982,994,210,0
CRJ,D,20201105,000000,994,1070,994,1055,2416,0
CRJ,D,20201106,000000,1050,1060,1005,1045,566,0
CRJ,D,20201109,000000,1055,1070,1005,1030,1011,0
CRJ,D,20201110,000000,1035,1035,962,1030,546,0
CRJ,D,20201112,000000,1015,1085,1015,1070,1207,0
CRJ,D,20201113,000000,1075,1075,1035,1055,288,0
CRJ,D,20201116,000000,1065,1080,1030,1045,401,0
CRJ,D,20201117,000000,960,1015,960,984,2130,0
CRJ,D,20201118,000000,966,1000,966,972,515,0
CRJ,D,20201119,000000,978,988,972,984,444,0
CRJ,D,20201120,000000,990,990,966,974,644,0
CRJ,D,20201123,000000,980,980,944,974,721,0
CRJ,D,20201124,000000,974,976,956,970,504,0
CRJ,D,20201125,000000,964,968,944,950,508,0
CRJ,D,20201126,000000,960,978,940,940,642,0
CRJ,D,20201127,000000,948,948,920,938,574,0
CRJ,D,20201130,000000,930,938,900,908,1672,0
CRJ,D,20201201,000000,920,948,888,944,5871,0
CRJ,D,20201202,000000,948,958,912,926,1064,0
CRJ,D,20201203,000000,926,940,914,920,617,0
CRJ,D,20201204,000000,918,934,914,926,623,0
CRJ,D,20201207,000000,968,1050,942,1045,4728,0
CRJ,D,20201208,000000,1020,1035,1005,1020,586,0
CRJ,D,20201209,000000,1050,1050,970,970,2059,0
CRJ,D,20201210,000000,980,1015,970,1000,1816,0
CRJ,D,20201211,000000,1000,1010,942,974,1794,0
CRJ,D,20201214,000000,974,980,930,940,2161,0
CRJ,D,20201215,000000,966,1035,952,998,1352,0
CRJ,D,20201216,000000,990,996,972,990,478,0
CRJ,D,20201217,000000,990,996,974,988,760,0
CRJ,D,20201218,000000,992,992,950,970,893,0
CRJ,D,20201221,000000,954,968,930,960,557,0
CRJ,D,20201222,000000,962,968,940,952,1028,0
CRJ,D,20201223,000000,948,960,938,954,1031,0
CRJ,D,20201228,000000,940,968,938,968,3510,0
CRJ,D,20201229,000000,968,1080,966,1065,2696,0
CRJ,D,20201230,000000,1070,1110,1045,1100,4198,0
CRJ,D,20210104,000000,1100,1160,1100,1125,1730,0
CRJ,D,20210105,000000,1125,1195,1120,1160,2236,0
CRJ,D,20210107,000000,1160,1185,1120,1150,876,0
CRJ,D,20210108,000000,1150,1155,1100,1115,1407,0
CRJ,D,20210111,000000,1120,1170,1070,1105,1111,0
CRJ,D,20210112,000000,1110,1140,1050,1090,2381,0
CRJ,D,20210113,000000,1090,1110,1080,1100,771,0
CRJ,D,20210114,000000,1110,1135,1080,1135,698,0
CRJ,D,20210115,000000,1100,1125,1075,1100,805,0
CRJ,D,20210118,000000,1075,1145,1075,1115,580,0
CRJ,D,20210119,000000,1120,1130,1085,1130,317,0
CRJ,D,20210120,000000,1135,1220,1135,1180,2734,0
CRJ,D,20210121,000000,1215,1215,1175,1195,569,0
CRJ,D,20210122,000000,1195,1195,1125,1180,999,0
CRJ,D,20210125,000000,1190,1205,1135,1145,748,0
CRJ,D,20210126,000000,1130,1160,1125,1150,542,0
CRJ,D,20210127,000000,1160,1185,1095,1100,1171,0
CRJ,D,20210128,000000,1100,1140,1050,1120,1233,0
CRJ,D,20210129,000000,1135,1190,1130,1185,1427,0
CRJ,D,20210201,000000,1185,1185,1125,1135,1330,0
CRJ,D,20210202,000000,1140,1170,1085,1130,1156,0
CRJ,D,20210203,000000,1120,1125,1070,1090,1624,0
CRJ,D,20210204,000000,1095,1095,1035,1045,1694,0
CRJ,D,20210205,000000,1045,1090,1045,1060,1050,0
CRJ,D,20210208,000000,1055,1090,1035,1050,1152,0
CRJ,D,20210209,000000,1050,1055,1005,1035,1705,0
CRJ,D,20210210,000000,1020,1080,976,1060,3452,0
CRJ,D,20210211,000000,1065,1070,1040,1065,735,0
CRJ,D,20210212,000000,1065,1075,1000,1025,2804,0
CRJ,D,20210215,000000,1015,1040,1005,1030,1013,0
CRJ,D,20210216,000000,1000,1030,994,1030,3508,0
CRJ,D,20210217,000000,1030,1030,1010,1020,389,0
CRJ,D,20210218,000000,1025,1035,996,1000,1172,0
CRJ,D,20210219,000000,1000,1030,1000,1020,695,0
CRJ,D,20210222,000000,1030,1030,990,1000,962,0
CRJ,D,20210223,000000,990,998,958,996,1194,0
CRJ,D,20210224,000000,990,1035,990,1025,941,0
CRJ,D,20210225,000000,1030,1030,996,1005,370,0
CRJ,D,20210226,000000,990,994,970,990,810,0
CRJ,D,20210301,000000,982,1005,982,998,705,0
CRJ,D,20210302,000000,998,998,982,990,304,0
CRJ,D,20210303,000000,990,996,940,952,1143,0
CRJ,D,20210304,000000,952,970,938,970,2021,0
CRJ,D,20210305,000000,962,990,942,982,353,0
CRJ,D,20210308,000000,986,998,960,998,375,0
CRJ,D,20210309,000000,1000,1005,976,994,324,0
CRJ,D,20210310,000000,998,1005,972,976,477,0
CRJ,D,20210311,000000,980,992,976,986,761,0
CRJ,D,20210312,000000,980,992,962,980,325,0
CRJ,D,20210315,000000,978,986,966,968,523,0
CRJ,D,20210316,000000,968,990,968,984,250,0
CRJ,D,20210317,000000,980,994,950,972,628,0
CRJ,D,20210318,000000,978,1020,978,998,812,0
CRJ,D,20210319,000000,998,1015,990,1010,423,0
CRJ,D,20210322,000000,1020,1020,986,998,234,0
CRJ,D,20210323,000000,998,1000,974,988,225,0
CRJ,D,20210324,000000,990,992,970,992,410,0
CRJ,D,20210325,000000,988,1005,976,996,314,0
CRJ,D,20210326,000000,980,998,970,986,568,0
CRJ,D,20210329,000000,988,994,970,984,467,0
CRJ,D,20210330,000000,976,988,970,978,356,0
CRJ,D,20210331,000000,970,978,950,968,650,0
CRJ,D,20210401,000000,960,968,952,954,527,0
CRJ,D,20210406,000000,960,987,960,970,496,0
CRJ,D,20210407,000000,982,982,955,974,528,0
CRJ,D,20210408,000000,974,981,940,940,1075,0
CRJ,D,20210409,000000,910,940,903,937,899,0
CRJ,D,20210412,000000,942,942,900,900,1662,0
CRJ,D,20210413,000000,899,915,891,913,1101,0
CRJ,D,20210414,000000,911,922,907,922,712,0
CRJ,D,20210415,000000,922,930,910,921,792,0
CRJ,D,20210416,000000,925,930,907,924,716,0
CRJ,D,20210419,000000,925,940,890,940,1407,0
CRJ,D,20210420,000000,940,944,911,940,755,0
CRJ,D,20210421,000000,923,930,901,920,1004,0
CRJ,D,20210422,000000,919,919,864,900,2268,0
CRJ,D,20210423,000000,900,900,845,900,2273,0
CRJ,D,20210426,000000,890,890,860,860,919,0
CRJ,D,20210427,000000,850,855,818,840,2185,0
CRJ,D,20210428,000000,828,866,788,864,3452,0
CRJ,D,20210429,000000,868,868,832,840,916,0
CRJ,D,20210430,000000,874,874,840,850,809,0
CRJ,D,20210504,000000,860,866,800,810,1591,0
CRJ,D,20210505,000000,805,840,796,834,1158,0
CRJ,D,20210506,000000,838,838,807,811,1753,0
CRJ,D,20210507,000000,810,824,798,824,1677,0
CRJ,D,20210510,000000,824,845,810,810,722,0
CRJ,D,20210511,000000,805,830,795,799,1160,0
CRJ,D,20210512,000000,799,813,775,800,1715,0
CRJ,D,20210513,000000,798,798,752,760,3054,0
CRJ,D,20210514,000000,780,817,760,817,1063,0
CRJ,D,20210517,000000,835,878,827,852,1244,0
CRJ,D,20210518,000000,852,852,819,826,399,0
CRJ,D,20210519,000000,814,822,784,807,850,0
CRJ,D,20210520,000000,804,860,801,843,1996,0
CRJ,D,20210521,000000,844,878,843,870,716,0
CRJ,D,20210524,000000,870,876,843,850,623,0
CRJ,D,20210525,000000,860,860,821,823,1255,0
CRJ,D,20210526,000000,839,868,832,849,1375,0
CRJ,D,20210527,000000,865,936,847,935,2498,0
CRJ,D,20210528,000000,938,938,905,922,1023,0
CRJ,D,20210531,000000,932,945,920,945,2673,0
CRJ,D,20210601,000000,941,942,915,920,778,0
CRJ,D,20210602,000000,925,929,905,923,1009,0
CRJ,D,20210604,000000,923,930,905,913,662,0
CRJ,D,20210607,000000,986,986,927,927,1366,0
CRJ,D,20210608,000000,932,950,924,941,438,0
CRJ,D,20210609,000000,942,958,942,953,542,0
CRJ,D,20210610,000000,954,954,916,925,706,0
CRJ,D,20210611,000000,925,925,851,896,5303,0
CRJ,D,20210614,000000,919,945,919,925,2509,0
CRJ,D,20210615,000000,937,944,929,934,604,0
CRJ,D,20210616,000000,947,947,902,924,1513,0
CRJ,D,20210617,000000,929,929,900,906,584,0
CRJ,D,20210618,000000,907,918,896,913,455,0
CRJ,D,20210621,000000,900,904,862,883,1213,0
CRJ,D,20210622,000000,887,887,835,854,1681,0
CRJ,D,20210623,000000,850,850,804,819,3776,0
CRJ,D,20210624,000000,811,843,804,823,1240,0
CRJ,D,20210625,000000,820,828,806,814,769,0
CRJ,D,20210628,000000,815,818,800,805,576,0
CRJ,D,20210629,000000,802,808,773,797,1184,0
CRJ,D,20210630,000000,797,815,766,795,2245,0
CRJ,D,20210701,000000,795,830,791,815,2252,0
CRJ,D,20210702,000000,807,815,800,809,387,0
CRJ,D,20210705,000000,810,843,795,843,1290,0
CRJ,D,20210706,000000,847,870,840,853,834,0
CRJ,D,20210707,000000,850,853,842,848,299,0
CRJ,D,20210708,000000,844,850,832,839,1390,0
CRJ,D,20210709,000000,830,852,825,850,351,0
CRJ,D,20210712,000000,850,868,833,866,690,0
CRJ,D,20210713,000000,867,882,864,878,399,0
CRJ,D,20210714,000000,870,886,851,851,696,0
CRJ,D,20210715,000000,851,851,810,831,548,0
CRJ,D,20210716,000000,845,850,810,837,254,0
CRJ,D,20210719,000000,826,837,800,806,725,0
CRJ,D,20210720,000000,809,815,770,808,2314,0
CRJ,D,20210721,000000,807,808,780,784,671,0
CRJ,D,20210722,000000,793,810,785,810,447,0
CRJ,D,20210723,000000,810,810,759,774,2371,0
CRJ,D,20210726,000000,774,782,771,779,256,0
CRJ,D,20210727,000000,784,795,770,775,553,0
CRJ,D,20210728,000000,780,780,762,766,324,0
CRJ,D,20210729,000000,785,785,712,712,4666,0
CRJ,D,20210730,000000,725,730,716,718,1295,0
CRJ,D,20210802,000000,705,780,704,780,3096,0
CRJ,D,20210803,000000,772,795,734,737,884,0
CRJ,D,20210804,000000,742,744,725,735,1266,0
CRJ,D,20210805,000000,736,760,725,760,1517,0
CRJ,D,20210806,000000,761,769,740,757,215,0
CRJ,D,20210809,000000,744,770,744,763,236,0
CRJ,D,20210810,000000,764,775,750,760,234,0
CRJ,D,20210811,000000,751,756,750,756,537,0
CRJ,D,20210812,000000,753,799,753,770,1062,0
CRJ,D,20210813,000000,760,775,759,775,220,0
CRJ,D,20210816,000000,784,790,768,790,628,0
CRJ,D,20210817,000000,780,780,725,770,1623,0
CRJ,D,20210818,000000,772,773,751,758,151,0
CRJ,D,20210819,000000,751,774,732,774,749,0
CRJ,D,20210820,000000,762,770,761,769,154,0
CRJ,D,20210823,000000,764,789,748,766,685,0
CRJ,D,20210824,000000,780,789,767,775,1265,0
CRJ,D,20210825,000000,766,778,745,778,523,0
CRJ,D,20210826,000000,780,780,750,778,563,0
CRJ,D,20210827,000000,756,772,752,755,725,0
CRJ,D,20210830,000000,760,768,744,768,306,0
CRJ,D,20210831,000000,766,772,746,767,755,0
CRJ,D,20210901,000000,756,766,736,746,2272,0
CRJ,D,20210902,000000,738,755,735,751,318,0
CRJ,D,20210903,000000,751,751,739,742,5348,0
CRJ,D,20210906,000000,738,755,719,755,5387,0
CRJ,D,20210907,000000,750,756,739,746,433,0
CRJ,D,20210908,000000,738,740,726,730,490,0
CRJ,D,20210909,000000,731,739,725,739,363,0
CRJ,D,20210910,000000,739,744,725,744,388,0
CRJ,D,20210913,000000,739,741,726,736,559,0
CRJ,D,20210914,000000,737,749,714,749,1067,0
CRJ,D,20210915,000000,750,750,732,742,684,0
CRJ,D,20210916,000000,740,740,720,737,624,0
CRJ,D,20210917,000000,727,737,720,736,792,0
CRJ,D,20210920,000000,722,730,699,730,2029,0
CRJ,D,20210921,000000,721,721,688,700,1260,0
CRJ,D,20210922,000000,700,720,693,702,460,0
CRJ,D,20210923,000000,708,748,701,748,552,0
CRJ,D,20210924,000000,738,738,716,730,379,0
CRJ,D,20210927,000000,740,745,712,735,1076,0
CRJ,D,20210928,000000,739,739,720,737,335,0
CRJ,D,20210929,000000,738,738,720,729,466,0
CRJ,D,20210930,000000,718,730,712,730,727,0
CRJ,D,20211001,000000,718,745,705,739,867,0
CRJ,D,20211004,000000,739,766,722,752,1309,0
CRJ,D,20211005,000000,758,758,703,738,3011,0
CRJ,D,20211006,000000,726,734,717,726,1055,0
CRJ,D,20211007,000000,720,728,714,720,961,0
CRJ,D,20211008,000000,718,739,716,739,787,0
CRJ,D,20211011,000000,739,739,717,720,462,0
CRJ,D,20211012,000000,723,723,697,697,1488,0
CRJ,D,20211013,000000,697,709,692,700,1464,0
CRJ,D,20211014,000000,700,705,677,700,1915,0
CRJ,D,20211015,000000,699,699,682,694,676,0
CRJ,D,20211018,000000,691,691,676,685,1253,0
CRJ,D,20211019,000000,682,683,670,683,875,0
CRJ,D,20211020,000000,683,704,672,702,2089,0
CRJ,D,20211021,000000,702,730,702,728,1347,0
CRJ,D,20211022,000000,728,734,708,734,617,0
CRJ,D,20211025,000000,734,734,714,730,515,0
CRJ,D,20211026,000000,725,728,717,727,694,0
CRJ,D,20211027,000000,729,729,695,717,1107,0
CRJ,D,20211028,000000,715,723,701,722,419,0
CRJ,D,20211029,000000,714,730,695,730,1398,0
CRJ,D,20211102,000000,713,722,706,721,347,0
CRJ,D,20211103,000000,713,720,704,720,865,0
CRJ,D,20211104,000000,714,734,712,730,520,0
CRJ,D,20211105,000000,725,748,722,748,2374,0
CRJ,D,20211108,000000,747,770,742,761,1228,0
CRJ,D,20211109,000000,761,762,748,756,302,0
CRJ,D,20211110,000000,756,756,730,744,531,0
CRJ,D,20211112,000000,731,750,731,750,281,0
CRJ,D,20211115,000000,749,760,744,744,185,0
CRJ,D,20211116,000000,752,794,752,769,5407,0
CRJ,D,20211117,000000,770,786,761,764,728,0
CRJ,D,20211118,000000,765,820,737,819,3041,0
CRJ,D,20211119,000000,820,827,787,787,868,0
CRJ,D,20211122,000000,787,816,772,792,1096,0
CRJ,D,20211123,000000,788,788,726,778,3324,0
CRJ,D,20211124,000000,778,790,754,790,915,0
CRJ,D,20211125,000000,790,794,766,794,806,0
CRJ,D,20211126,000000,779,779,754,775,1250,0
CRJ,D,20211129,000000,775,793,760,793,761,0
CRJ,D,20211130,000000,785,789,770,783,700,0
CRJ,D,20211201,000000,782,794,778,794,527,0
CRJ,D,20211202,000000,794,804,785,799,851,0
CRJ,D,20211203,000000,800,810,792,810,1615,0
CRJ,D,20211206,000000,810,815,800,810,856,0
CRJ,D,20211207,000000,810,813,796,800,711,0
CRJ,D,20211208,000000,797,804,793,795,480,0
CRJ,D,20211209,000000,806,806,787,789,889,0
CRJ,D,20211210,000000,789,789,758,767,1096,0
CRJ,D,20211213,000000,772,794,749,794,1016,0
CRJ,D,20211214,000000,790,800,756,787,1139,0
CRJ,D,20211215,000000,787,790,741,764,1600,0
CRJ,D,20211216,000000,750,775,750,760,787,0
CRJ,D,20211217,000000,761,766,735,750,821,0
CRJ,D,20211220,000000,740,758,730,758,1267,0
CRJ,D,20211221,000000,758,770,735,770,1124,0
CRJ,D,20211222,000000,770,770,754,758,658,0
CRJ,D,20211223,000000,758,770,724,770,4803,0
CRJ,D,20211227,000000,770,770,745,750,1173,0
CRJ,D,20211228,000000,750,756,732,747,2409,0
CRJ,D,20211229,000000,745,770,739,770,620,0
CRJ,D,20211230,000000,768,795,761,795,659,0
CRJ,D,20220103,000000,795,822,795,799,1391,0
CRJ,D,20220104,000000,800,809,796,802,3206,0
CRJ,D,20220105,000000,800,800,788,793,211,0
CRJ,D,20220107,000000,792,806,785,804,443,0
CRJ,D,20220110,000000,808,843,808,830,2804,0
CRJ,D,20220111,000000,836,848,832,846,1957,0
CRJ,D,20220112,000000,850,858,835,843,1845,0
CRJ,D,20220113,000000,843,854,824,843,1574,0
CRJ,D,20220114,000000,843,852,836,845,461,0
CRJ,D,20220117,000000,840,847,829,844,1844,0
CRJ,D,20220118,000000,844,872,830,859,1635,0
CRJ,D,20220119,000000,854,858,830,840,1874,0
CRJ,D,20220120,000000,830,840,820,821,801,0
CRJ,D,20220121,000000,820,820,791,801,799,0
CRJ,D,20220124,000000,800,808,745,762,6074,0
CRJ,D,20220125,000000,765,789,762,769,1767,0
CRJ,D,20220126,000000,766,788,761,770,1581,0
CRJ,D,20220127,000000,760,760,740,753,1152,0
CRJ,D,20220128,000000,750,754,743,750,389,0
CRJ,D,20220131,000000,750,786,750,774,1182,0
CRJ,D,20220201,000000,785,810,776,790,2429,0
CRJ,D,20220202,000000,792,809,789,795,920,0
CRJ,D,20220203,000000,801,837,790,810,1045,0
CRJ,D,20220204,000000,818,819,777,795,1073,0
CRJ,D,20220207,000000,795,800,779,789,672,0
CRJ,D,20220208,000000,788,798,784,794,651,0
CRJ,D,20220209,000000,780,813,779,807,706,0
CRJ,D,20220210,000000,807,810,793,807,793,0
CRJ,D,20220211,000000,806,817,796,809,580,0
CRJ,D,20220214,000000,798,803,768,783,1486,0
CRJ,D,20220215,000000,780,816,772,808,904,0
CRJ,D,20220216,000000,815,818,798,805,1425,0
CRJ,D,20220217,000000,806,810,777,777,1135,0
CRJ,D,20220218,000000,775,782,750,750,1768,0
CRJ,D,20220221,000000,752,758,726,739,1918,0
CRJ,D,20220222,000000,725,792,725,789,1204,0
CRJ,D,20220223,000000,796,810,772,772,2398,0
CRJ,D,20220224,000000,730,765,690,726,3446,0
CRJ,D,20220225,000000,726,758,715,754,2414,0
CRJ,D,20220228,000000,749,779,730,770,1127,0
CRJ,D,20220301,000000,775,776,740,745,261,0
CRJ,D,20220302,000000,741,741,712,731,928,0
CRJ,D,20220303,000000,731,734,720,728,325,0
CRJ,D,20220304,000000,720,720,681,694,1003,0
CRJ,D,20220307,000000,680,690,632,668,2220,0
CRJ,D,20220308,000000,652,684,643,644,1273,0
CRJ,D,20220309,000000,670,694,668,690,1270,0
CRJ,D,20220310,000000,692,710,683,691,599,0
CRJ,D,20220311,000000,691,700,688,698,667,0
CRJ,D,20220314,000000,698,703,684,688,328,0
CRJ,D,20220315,000000,695,700,668,700,455,0
CRJ,D,20220316,000000,699,718,680,696,1379,0
CRJ,D,20220317,000000,700,714,681,714,521,0
CRJ,D,20220318,000000,706,716,690,700,478,0
CRJ,D,20220321,000000,693,712,687,712,315,0
CRJ,D,20220322,000000,710,730,701,720,616,0
CRJ,D,20220323,000000,722,738,710,710,1164,0
CRJ,D,20220324,000000,710,729,700,729,228,0
CRJ,D,20220325,000000,721,738,721,738,241,0
CRJ,D,20220328,000000,738,738,713,730,309,0
CRJ,D,20220329,000000,729,735,714,716,318,0
CRJ,D,20220330,000000,720,728,716,716,185,0
CRJ,D,20220331,000000,715,715,701,707,346,0
CRJ,D,20220401,000000,705,734,699,734,596,0
CRJ,D,20220404,000000,733,733,715,730,300,0
CRJ,D,20220405,000000,728,736,720,736,341,0
CRJ,D,20220406,000000,737,737,706,723,681,0
CRJ,D,20220407,000000,710,730,703,730,469,0
CRJ,D,20220408,000000,722,749,707,749,838,0
CRJ,D,20220411,000000,790,794,730,741,1605,0
CRJ,D,20220412,000000,741,741,710,724,717,0
CRJ,D,20220413,000000,715,717,693,711,590,0
CRJ,D,20220414,000000,710,723,698,714,592,0
CRJ,D,20220419,000000,712,712,692,706,601,0
CRJ,D,20220420,000000,700,700,682,690,242,0
CRJ,D,20220421,000000,685,699,676,681,339,0
CRJ,D,20220422,000000,681,717,672,700,609,0
