<TICKER>,<PER>,<DATE>,<TIME>,<OPEN>,<HIGH>,<LOW>,<CLOSE>,<VOL>,<OPENINT>
DAD,D,20201229,000000,18,19.49,16.562,19.2,828136,0
DAD,D,20201230,000000,19.398,19.398,18.2,19.3,214560,0
DAD,D,20210104,000000,19.35,19.35,18.56,18.72,49681,0
DAD,D,20210105,000000,18.78,18.8,18.51,18.62,27856,0
DAD,D,20210107,000000,18.3,18.84,18.3,18.74,41269,0
DAD,D,20210108,000000,18.74,18.9,18.51,18.8,47256,0
DAD,D,20210111,000000,18.86,18.86,18.598,18.838,20650,0
DAD,D,20210112,000000,18.61,18.8,18.59,18.7,13280,0
DAD,D,20210113,000000,18.7,19.298,18.5,19.298,77988,0
DAD,D,20210114,000000,19.298,19.298,18.522,19,17815,0
DAD,D,20210115,000000,19.1,19.2,18.702,18.8,110970,0
DAD,D,20210118,000000,18.8,18.9,18.572,18.646,7901,0
DAD,D,20210119,000000,18.606,19.2,18.606,18.8,9842,0
DAD,D,20210120,000000,18.8,18.8,18.61,18.66,4817,0
DAD,D,20210121,000000,18.62,19.14,18.612,19.01,17672,0
DAD,D,20210122,000000,18.622,19.05,18.62,18.8,2458,0
DAD,D,20210125,000000,18.88,19.044,18.7,18.7,2347,0
DAD,D,20210126,000000,18.7,18.888,18.624,18.7,2759,0
DAD,D,20210127,000000,18.88,18.88,18.5,18.542,12759,0
DAD,D,20210128,000000,18.5,19.1,18.11,19.1,20323,0
DAD,D,20210129,000000,18.7,19.14,18.5,19.08,10623,0
DAD,D,20210201,000000,19.1,19.1,18.552,18.62,6284,0
DAD,D,20210202,000000,18.98,18.98,18.55,18.59,4078,0
DAD,D,20210203,000000,18.59,18.62,18.5,18.55,3214,0
DAD,D,20210204,000000,18.52,18.9,18.52,18.6,1108,0
DAD,D,20210205,000000,18.894,18.894,18.5,18.55,3113,0
DAD,D,20210208,000000,18.65,18.9,18.5,18.85,5126,0
DAD,D,20210209,000000,18.502,18.848,18.502,18.8,3184,0
DAD,D,20210210,000000,18.8,19,18.502,18.99,17632,0
DAD,D,20210211,000000,18.8,19.44,18.6,19.3,24314,0
DAD,D,20210212,000000,19.2,19.348,19.13,19.13,6214,0
DAD,D,20210215,000000,19.3,19.446,19.13,19.202,7223,0
DAD,D,20210216,000000,19.4,20.5,19.198,19.86,16514,0
DAD,D,20210217,000000,20.09,20.4,19.75,20,9626,0
DAD,D,20210218,000000,19.782,20.1,19.78,19.78,1962,0
DAD,D,20210219,000000,19.89,20.1,19.398,19.51,13097,0
DAD,D,20210222,000000,19.5,20,18.9,19.742,5358,0
DAD,D,20210223,000000,19.89,19.89,19.06,19.2,8604,0
DAD,D,20210224,000000,19.2,19.698,19.2,19.6,4907,0
DAD,D,20210225,000000,19.5,19.6,19.4,19.5,3312,0
DAD,D,20210226,000000,19.4,19.4,19,19.18,4365,0
DAD,D,20210301,000000,19.31,20.5,19.002,20.09,18270,0
DAD,D,20210302,000000,20.1,20.5,20,20.3,6934,0
DAD,D,20210303,000000,20.41,20.5,20,20,6258,0
DAD,D,20210304,000000,20,20,19.55,19.85,1621,0
DAD,D,20210305,000000,19.66,19.958,19.5,19.78,3882,0
DAD,D,20210308,000000,19.51,19.85,19.39,19.4,10873,0
DAD,D,20210309,000000,19.39,19.8,19.36,19.5,2745,0
DAD,D,20210310,000000,19.79,19.8,19.41,19.55,4161,0
DAD,D,20210311,000000,19.6,19.602,19.33,19.55,2919,0
DAD,D,20210312,000000,19.898,20,19.6,19.6,845,0
DAD,D,20210315,000000,19.602,20,19.45,20,4275,0
DAD,D,20210316,000000,19.99,19.99,19.504,19.6,3267,0
DAD,D,20210317,000000,19.75,19.9,19.5,19.9,9177,0
DAD,D,20210318,000000,19.75,20,19.66,19.7,1709,0
DAD,D,20210319,000000,20.1,20.5,19.71,20.5,13966,0
DAD,D,20210322,000000,20.5,21.89,20.5,21.88,70350,0
DAD,D,20210323,000000,21.88,21.9,20.75,20.75,12490,0
DAD,D,20210324,000000,21,21.1,20.8,20.8,3867,0
DAD,D,20210325,000000,21,21,20.55,20.65,2165,0
DAD,D,20210326,000000,20.6,20.75,20.5,20.55,2550,0
DAD,D,20210329,000000,20.5,21,20.5,20.9,1845,0
DAD,D,20210330,000000,20.91,20.91,20.45,20.6,3377,0
DAD,D,20210331,000000,20.7,20.995,20.4,20.51,4389,0
DAD,D,20210401,000000,20.5,20.995,20.4,20.75,1463,0
DAD,D,20210406,000000,20.99,20.99,20.5,20.95,6486,0
DAD,D,20210407,000000,20.99,20.99,20.6,20.85,5586,0
DAD,D,20210408,000000,21.1,21.9,20.9,21.4,27834,0
DAD,D,20210409,000000,21.605,22.22,21.35,22.22,72723,0
DAD,D,20210412,000000,22.325,23.89,22.325,23.5,35315,0
DAD,D,20210413,000000,23.785,23.785,23,23.3,14258,0
DAD,D,20210414,000000,23.8,23.8,23.01,23.28,6199,0
DAD,D,20210415,000000,23.28,23.6,22.7,23.57,6705,0
DAD,D,20210416,000000,23.35,24.845,23.305,24.29,20161,0
DAD,D,20210419,000000,24.295,24.8,24,24.3,18012,0
DAD,D,20210420,000000,24.3,24.5,24,24,10258,0
DAD,D,20210421,000000,24,24.42,24,24.06,2505,0
DAD,D,20210422,000000,24.14,24.5,24.14,24.14,3157,0
DAD,D,20210423,000000,24.15,24.5,24,24.19,2964,0
DAD,D,20210426,000000,24.49,24.49,24.195,24.2,2890,0
DAD,D,20210427,000000,24.46,24.68,24.205,24.68,5520,0
DAD,D,20210428,000000,24.6,25.5,24.4,25.4,6403,0
DAD,D,20210429,000000,25.995,26.4,25.405,26.4,10329,0
DAD,D,20210430,000000,26.6,26.695,25.9,26.69,44599,0
DAD,D,20210504,000000,27,27.05,25.9,26,8686,0
DAD,D,20210505,000000,26.5,26.5,25,25.91,4983,0
DAD,D,20210506,000000,26,27.99,25.2,26,29486,0
DAD,D,20210507,000000,26,26,25.6,25.99,5895,0
DAD,D,20210510,000000,25.705,26,25.4,25.6,6282,0
DAD,D,20210511,000000,25.6,25.6,24.555,24.74,6089,0
DAD,D,20210512,000000,24.7,24.7,22.74,24.44,23744,0
DAD,D,20210513,000000,24.44,25,24.2,24.2,5683,0
DAD,D,20210514,000000,24.605,25,24.4,24.9,4141,0
DAD,D,20210517,000000,24.99,24.995,24.615,24.9,1392,0
DAD,D,20210518,000000,24.635,24.9,24.35,24.35,5520,0
DAD,D,20210519,000000,24.6,24.89,24.35,24.5,2889,0
DAD,D,20210520,000000,24.775,24.8,24.5,24.51,1749,0
DAD,D,20210521,000000,24.605,25.8,24.605,25.75,5726,0
DAD,D,20210524,000000,26,26,24.8,25.345,12660,0
DAD,D,20210525,000000,25.49,25.49,25.005,25.06,3935,0
DAD,D,20210526,000000,25.01,25.05,25.01,25.01,36886,0
DAD,D,20210527,000000,25.01,25.345,24.99,25,4140,0
DAD,D,20210528,000000,25,25,24,24.03,8594,0
DAD,D,20210531,000000,24,24.43,23.65,24,5989,0
DAD,D,20210601,000000,23.9,23.9,23.5,23.6,13153,0
DAD,D,20210602,000000,23.6,23.6,22.2,22.8,14797,0
DAD,D,20210604,000000,22.62,23.9,22.62,23.9,2863,0
DAD,D,20210607,000000,23.5,24.1,23.5,24.1,1249,0
DAD,D,20210608,000000,24.3,24.39,23.445,24.38,2842,0
DAD,D,20210609,000000,24.42,24.42,23.7,24.25,628,0
DAD,D,20210610,000000,24.25,24.25,23.65,23.65,2806,0
DAD,D,20210611,000000,23.54,23.54,23.2,23.24,1797,0
DAD,D,20210614,000000,23.16,23.2,22.7,23.15,6060,0
DAD,D,20210615,000000,23.5,23.5,22.9,23.15,1892,0
DAD,D,20210616,000000,23.5,23.78,23.015,23.78,1259,0
DAD,D,20210617,000000,24,25.1,23.69,25,30041,0
DAD,D,20210618,000000,25.1,25.5,24.605,24.95,9128,0
DAD,D,20210621,000000,25,25.3,23.855,24.22,2527,0
DAD,D,20210622,000000,24.4,24.4,23.7,24.2,3999,0
DAD,D,20210623,000000,24.4,24.4,23.85,23.86,1610,0
DAD,D,20210624,000000,24,24.1,23.85,24,2602,0
DAD,D,20210625,000000,23.505,24.39,23.48,24.39,7357,0
DAD,D,20210628,000000,24.4,24.4,23.35,23.46,3032,0
DAD,D,20210629,000000,23.46,23.9,23.4,23.9,989,0
DAD,D,20210630,000000,23.8,24,22.975,23.2,5377,0
DAD,D,20210701,000000,23.2,23.735,23,23,2866,0
DAD,D,20210702,000000,23.2,23.98,23,23.23,3077,0
DAD,D,20210705,000000,23.5,23.5,23.31,23.5,957,0
DAD,D,20210706,000000,23.66,23.94,21.305,22.65,35316,0
DAD,D,20210707,000000,22.3,22.98,22.12,22.3,16465,0
DAD,D,20210708,000000,22.5,22.5,22,22.35,29943,0
DAD,D,20210709,000000,22.1,22.4,21.9,22.1,2869,0
DAD,D,20210712,000000,22.39,22.39,20.655,21.5,43992,0
DAD,D,20210713,000000,22,22.37,22,22.37,3678,0
DAD,D,20210714,000000,22.37,22.98,22.1,22.605,4068,0
DAD,D,20210715,000000,22.6,22.6,22.5,22.54,2906,0
DAD,D,20210716,000000,22.6,22.6,22.5,22.6,7489,0
DAD,D,20210719,000000,22.8,22.8,21.7,21.9,8017,0
DAD,D,20210720,000000,21.7,22.4,21.7,22.4,36002,0
DAD,D,20210721,000000,22.4,22.5,21.73,22.3,3246,0
DAD,D,20210722,000000,22.495,22.495,22,22.1,7215,0
DAD,D,20210723,000000,22.1,22.1,21.95,21.95,626,0
DAD,D,20210726,000000,21.9,22,21.55,21.55,1095,0
DAD,D,20210727,000000,21.7,22,21.55,21.7,2130,0
DAD,D,20210728,000000,21.8,22.25,21.6,21.6,1257,0
DAD,D,20210729,000000,22,22.35,21.58,21.7,663,0
DAD,D,20210730,000000,21.7,21.7,21.5,21.51,995,0
DAD,D,20210802,000000,21.6,22.195,21.6,22,674,0
DAD,D,20210803,000000,22.1,22.39,21.55,22.39,990,0
DAD,D,20210804,000000,22.79,22.79,21.925,22,2064,0
DAD,D,20210805,000000,22,22.4,21.66,21.66,371,0
DAD,D,20210806,000000,22.39,22.39,21.2,21.98,4771,0
DAD,D,20210809,000000,21.45,22,20.31,21.395,53727,0
DAD,D,20210810,000000,21.395,21.65,21,21.58,1720,0
DAD,D,20210811,000000,21.55,21.55,21,21.02,3859,0
DAD,D,20210812,000000,21.3,21.55,21,21,2402,0
DAD,D,20210813,000000,21.42,21.42,21,21.395,2657,0
DAD,D,20210816,000000,21.42,21.42,21.015,21.19,604,0
DAD,D,20210817,000000,21.35,21.35,21.15,21.205,659,0
DAD,D,20210818,000000,21.05,21.335,21,21,2409,0
DAD,D,20210819,000000,20.99,21,20.81,21,1730,0
DAD,D,20210820,000000,21.02,21.2,20.51,20.705,2975,0
DAD,D,20210823,000000,21.3,21.84,21,21.48,3081,0
DAD,D,20210824,000000,21.115,21.24,21,21.24,6333,0
DAD,D,20210825,000000,21.15,21.15,20.8,20.9,3445,0
DAD,D,20210826,000000,20.99,21,20.9,20.9,1125,0
DAD,D,20210827,000000,21,21,20.2,20.35,2730,0
DAD,D,20210830,000000,20.6,20.69,18.82,19.2,4052,0
DAD,D,20210831,000000,19.9,20,19.5,19.6,8129,0
DAD,D,20210901,000000,20,20,19.5,19.5,1817,0
DAD,D,20210902,000000,19.98,19.98,19.8,19.8,3804,0
DAD,D,20210903,000000,20,20.495,20,20.03,777,0
DAD,D,20210906,000000,20.1,20.105,19.7,19.72,2578,0
DAD,D,20210907,000000,19.72,20.59,19.72,20.38,6550,0
DAD,D,20210908,000000,20.3,20.3,20.1,20.19,688,0
DAD,D,20210909,000000,20.5,20.5,20,20.365,752,0
DAD,D,20210910,000000,20.37,20.4,20.05,20.2,1029,0
DAD,D,20210913,000000,20.49,20.49,19.9,19.9,2206,0
DAD,D,20210914,000000,20.2,20.2,19.4,19.6,4947,0
DAD,D,20210915,000000,19.8,19.96,19.662,19.96,1031,0
DAD,D,20210916,000000,20.2,20.2,19.798,20,599,0
DAD,D,20210917,000000,20,20.1,19.654,19.998,4677,0
DAD,D,20210920,000000,19.7,19.878,19.42,19.69,3893,0
DAD,D,20210921,000000,19.9,19.9,19.2,19.3,3689,0
DAD,D,20210922,000000,19.8,19.8,19.4,19.4,427,0
DAD,D,20210923,000000,19.8,19.8,19.3,19.55,617,0
DAD,D,20210924,000000,19.55,19.55,19.2,19.2,1226,0
DAD,D,20210927,000000,19.2,19.222,19.2,19.2,742,0
DAD,D,20210928,000000,19.4,19.4,18.6,18.8,3062,0
DAD,D,20210929,000000,19,19,18.8,19,1711,0
DAD,D,20210930,000000,19,19.1,18.89,18.9,984,0
DAD,D,20211001,000000,19.2,19.2,18.89,19,612,0
DAD,D,20211004,000000,19,19,18.8,18.9,1975,0
DAD,D,20211005,000000,18.82,18.822,18.7,18.7,2082,0
DAD,D,20211006,000000,18.7,18.88,18.5,18.5,1873,0
DAD,D,20211007,000000,18.7,18.7,17.862,18.11,4432,0
DAD,D,20211008,000000,18.3,18.9,18.3,18.9,4063,0
DAD,D,20211011,000000,18.5,19.2,18.5,19.2,4921,0
DAD,D,20211012,000000,19.2,19.2,18.3,19.2,1215,0
DAD,D,20211013,000000,19.2,19.2,18.508,18.602,381,0
DAD,D,20211014,000000,18.602,19,18.022,18.06,4280,0
DAD,D,20211015,000000,18.06,18.5,18.06,18.49,3346,0
DAD,D,20211018,000000,18.49,18.7,18.1,18.36,3225,0
DAD,D,20211019,000000,18.322,18.324,18.1,18.15,2005,0
DAD,D,20211020,000000,18.296,18.296,17,17.204,4368,0
DAD,D,20211021,000000,17.35,17.8,17.1,17.126,5298,0
DAD,D,20211022,000000,17.126,17.5,17,17.45,5635,0
DAD,D,20211025,000000,17.4,17.4,17.25,17.25,296,0
DAD,D,20211026,000000,17.5,17.5,16.72,16.74,5985,0
DAD,D,20211027,000000,16.92,17,16.1,16.9,4397,0
DAD,D,20211028,000000,16.996,16.998,16.5,16.7,1580,0
DAD,D,20211029,000000,16.8,17.002,16.7,17,1801,0
DAD,D,20211102,000000,16.6,16.796,16.5,16.6,3847,0
DAD,D,20211103,000000,16.6,16.97,16.4,16.6,4162,0
DAD,D,20211104,000000,16.96,17.2,16.602,17.2,957,0
DAD,D,20211105,000000,17.19,17.9,16.852,17,2175,0
DAD,D,20211108,000000,17.5,17.5,16.96,16.96,2856,0
DAD,D,20211109,000000,16.99,17.328,16.98,16.98,956,0
DAD,D,20211110,000000,17.248,17.248,16.6,16.6,890,0
DAD,D,20211112,000000,17.196,17.196,16.55,16.7,1578,0
DAD,D,20211115,000000,16.7,16.8,16.692,16.74,1052,0
DAD,D,20211116,000000,16.89,16.9,16.76,16.9,2105,0
DAD,D,20211117,000000,17,17.202,16.74,17,683,0
DAD,D,20211118,000000,17,17,16.55,16.79,812,0
DAD,D,20211119,000000,16.8,16.99,16.55,16.56,860,0
DAD,D,20211122,000000,16.502,16.502,15.5,15.8,4781,0
DAD,D,20211123,000000,15.6,15.99,15.504,15.6,2280,0
DAD,D,20211124,000000,15.5,16.496,15.4,16.25,3009,0
DAD,D,20211125,000000,16.2,16.2,15.802,16.2,188,0
DAD,D,20211126,000000,16.19,16.19,15.5,15.64,3293,0
DAD,D,20211129,000000,15.64,15.64,15.4,15.5,910,0
DAD,D,20211130,000000,15.54,15.54,15,15.266,3521,0
DAD,D,20211201,000000,15,15.18,14.9,15,3307,0
DAD,D,20211202,000000,15.17,15.17,14.502,15,1559,0
DAD,D,20211203,000000,15.098,15.5,15.098,15.5,689,0
DAD,D,20211206,000000,15.498,16,15.4,16,3417,0
DAD,D,20211207,000000,16.186,16.186,15.452,15.9,1431,0
DAD,D,20211208,000000,15.89,15.9,15.75,15.9,725,0
DAD,D,20211209,000000,15.89,16,15.56,15.6,987,0
DAD,D,20211210,000000,15.99,15.99,15.3,15.3,888,0
DAD,D,20211213,000000,15.5,15.5,15.212,15.488,1087,0
DAD,D,20211214,000000,15.5,15.7,15.3,15.598,1005,0
DAD,D,20211215,000000,15.596,15.596,15.198,15.43,5131,0
DAD,D,20211216,000000,15.4,15.4,14.6,15.328,6403,0
DAD,D,20211217,000000,15.32,15.33,14.74,14.74,3076,0
DAD,D,20211220,000000,14.74,14.74,14.3,14.35,7967,0
DAD,D,20211221,000000,14.35,14.59,13.85,13.85,17010,0
DAD,D,20211222,000000,13.5,13.968,13.5,13.696,10846,0
DAD,D,20211223,000000,13.7,13.91,13.7,13.706,7888,0
DAD,D,20211227,000000,13.68,13.9,13.5,13.88,9196,0
DAD,D,20211228,000000,13.9,13.902,13.62,13.64,9790,0
DAD,D,20211229,000000,13.9,13.9,13.61,13.89,3346,0
DAD,D,20211230,000000,13.85,13.9,13.682,13.78,2548,0
DAD,D,20220103,000000,13.9,14.46,13.898,14.22,6234,0
DAD,D,20220104,000000,14.3,16.9,14.3,16.5,11941,0
DAD,D,20220105,000000,16.8,17.298,16.15,16.4,2828,0
DAD,D,20220107,000000,17,17,16.226,16.89,1478,0
DAD,D,20220110,000000,17,17.1,17,17,3557,0
DAD,D,20220111,000000,17.2,17.79,17.198,17.4,2580,0
DAD,D,20220112,000000,17.786,17.79,17.34,17.788,2139,0
DAD,D,20220113,000000,17.788,17.94,17.404,17.8,3330,0
DAD,D,20220114,000000,17.8,17.8,17.502,17.55,579,0
DAD,D,20220117,000000,17.934,17.934,17.75,17.75,98,0
DAD,D,20220118,000000,17.902,18.1,17.902,18,3327,0
DAD,D,20220119,000000,18,18.15,17.5,17.8,2637,0
DAD,D,20220120,000000,17.8,17.8,17.002,17.1,2548,0
DAD,D,20220121,000000,17.1,17.1,16.152,16.7,2010,0
DAD,D,20220124,000000,16.402,17.1,15.2,15.202,5913,0
DAD,D,20220125,000000,15,15.95,14.998,15.402,4557,0
DAD,D,20220126,000000,16,16.988,15.7,16.798,2328,0
DAD,D,20220127,000000,16.888,16.888,16.3,16.4,2978,0
DAD,D,20220128,000000,16.778,17.1,16.4,16.84,2395,0
DAD,D,20220131,000000,17.08,17.08,16.3,16.3,3135,0
DAD,D,20220201,000000,17.07,17.07,16.55,16.968,565,0
DAD,D,20220202,000000,17.5,17.89,17.4,17.89,3931,0
DAD,D,20220203,000000,17.89,17.92,17.5,17.78,1466,0
DAD,D,20220204,000000,17.78,17.78,17.152,17.598,723,0
DAD,D,20220207,000000,17.68,17.68,17.174,17.35,586,0
DAD,D,20220208,000000,17.5,17.5,17.15,17.15,1435,0
DAD,D,20220209,000000,17.5,17.5,16.998,17,1466,0
DAD,D,20220210,000000,17.29,17.29,17,17,1210,0
DAD,D,20220211,000000,16.812,16.812,16,16.222,5448,0
DAD,D,20220214,000000,16.202,16.758,15.7,15.7,3264,0
DAD,D,20220215,000000,15.6,16.49,15.6,16.3,3189,0
DAD,D,20220216,000000,16.4,16.4,15.658,16.2,2375,0
DAD,D,20220217,000000,16.368,16.368,15.716,16,1252,0
DAD,D,20220218,000000,15.748,15.998,15.706,15.8,1145,0
DAD,D,20220221,000000,16,16,14.7,15.5,4807,0
DAD,D,20220222,000000,15,15.69,15,15.38,1883,0
DAD,D,20220223,000000,15.79,15.79,14.71,14.71,1462,0
DAD,D,20220224,000000,14.4,14.6,11,13.9,14202,0
DAD,D,20220225,000000,13.9,14,13.2,13.4,14540,0
DAD,D,20220228,000000,13.2,13.488,12.72,13.4,14220,0
DAD,D,20220301,000000,13.4,13.62,12.92,13.374,1648,0
DAD,D,20220302,000000,13.65,13.8,13.25,13.7,1110,0
DAD,D,20220303,000000,14,15.4,14,14.6,5830,0
DAD,D,20220304,000000,15.3,15.3,13.7,13.798,5140,0
DAD,D,20220307,000000,13.5,14.006,13.5,13.8,4260,0
DAD,D,20220308,000000,13.8,13.998,13.25,13.27,22331,0
DAD,D,20220309,000000,13.012,13.6,12.7,13.6,8487,0
DAD,D,20220310,000000,13.9,13.9,13.22,13.35,5317,0
DAD,D,20220311,000000,13.35,13.5,13.234,13.4,7783,0
DAD,D,20220314,000000,13.45,13.45,12.9,12.9,3268,0
DAD,D,20220315,000000,12.9,12.9,12.12,12.848,5106,0
DAD,D,20220316,000000,12.602,13.002,12.602,12.732,8902,0
DAD,D,20220317,000000,12.966,13.47,12.964,13,9654,0
DAD,D,20220318,000000,13,13.152,12.95,13.1,2174,0
DAD,D,20220321,000000,13.1,13.26,12.966,12.966,2598,0
DAD,D,20220322,000000,12.95,13,12.504,13,7659,0
DAD,D,20220323,000000,13,13.7,12.998,13.3,7897,0
DAD,D,20220324,000000,14.38,14.798,14.3,14.3,3875,0
DAD,D,20220325,000000,14.2,14.2,13.9,14.198,4731,0
DAD,D,20220328,000000,14.99,14.99,13.746,14.3,4179,0
DAD,D,20220329,000000,14.9,14.9,14,14.16,2880,0
DAD,D,20220330,000000,14.8,14.8,13.8,14,3128,0
DAD,D,20220331,000000,14,14,13.6,13.7,7328,0
DAD,D,20220401,000000,13.7,13.75,13.5,13.7,3385,0
DAD,D,20220404,000000,13.75,13.8,13.7,13.75,2573,0
DAD,D,20220405,000000,13.98,13.98,13.52,13.8,5346,0
DAD,D,20220406,000000,14,14.584,13.5,13.52,4723,0
DAD,D,20220407,000000,13.79,13.8,13.498,13.498,10574,0
DAD,D,20220408,000000,13.436,13.648,13.2,13.25,6563,0
DAD,D,20220411,000000,13.54,13.54,13.2,13.2,3738,0
DAD,D,20220412,000000,13.2,13.2,12.9,13.15,2625,0
DAD,D,20220413,000000,13.35,13.4,12.85,13.4,1764,0
DAD,D,20220414,000000,13.4,13.7,13.1,13.7,655,0
DAD,D,20220419,000000,13.3,13.85,13.25,13.75,1206,0
DAD,D,20220420,000000,13.85,13.85,12.95,13.2,39349,0
DAD,D,20220421,000000,13,13.2,12.95,13.15,1765,0
DAD,D,20220422,000000,13.2,13.2,13,13.15,545,0
