<TICKER>,<PER>,<DATE>,<TIME>,<OPEN>,<HIGH>,<LOW>,<CLOSE>,<VOL>,<OPENINT>
MEG,D,20110225,000000,15.446,16.135,15.395,15.733,62356,0
MEG,D,20110228,000000,15.684,15.701,15.101,15.386,10337,0
MEG,D,20110301,000000,15.042,15.232,14.699,14.699,5299,0
MEG,D,20110302,000000,14.643,14.643,14.251,14.297,4817,0
MEG,D,20110303,000000,14.297,14.814,13.792,14.699,3389,0
MEG,D,20110304,000000,14.643,15.389,14.643,15.272,2354,0
MEG,D,20110307,000000,14.93,14.93,14.367,14.86,2705,0
MEG,D,20110308,000000,14.47,14.643,14.24,14.355,4548,0
MEG,D,20110309,000000,14.355,14.413,14.124,14.132,861,0
MEG,D,20110310,000000,14.074,14.93,14.074,14.727,6843,0
MEG,D,20110311,000000,14.244,14.244,14.212,14.24,1030,0
MEG,D,20110314,000000,14.181,14.63,14.181,14.212,1365,0
MEG,D,20110315,000000,14.24,14.355,14.24,14.24,5680,0
MEG,D,20110316,000000,14.269,14.636,14.153,14.188,548,0
MEG,D,20110317,000000,14.185,14.564,14.158,14.564,250,0
MEG,D,20110318,000000,14.643,14.93,14.074,14.93,2224,0
MEG,D,20110321,000000,14.216,14.923,14.216,14.643,296,0
MEG,D,20110322,000000,14.234,14.93,14.234,14.36,469,0
MEG,D,20110323,000000,14.36,14.643,14.36,14.442,416,0
MEG,D,20110324,000000,14.36,14.699,14.36,14.413,685,0
MEG,D,20110325,000000,14.423,14.498,14.36,14.498,1343,0
MEG,D,20110328,000000,14.47,14.498,14.355,14.355,1215,0
MEG,D,20110329,000000,14.498,14.498,14.355,14.413,313,0
MEG,D,20110330,000000,14.24,14.47,14.24,14.47,70,0
MEG,D,20110331,000000,14.269,14.389,14.269,14.353,479,0
MEG,D,20110401,000000,14.527,14.918,14.527,14.643,1985,0
MEG,D,20110404,000000,14.643,15.158,14.643,14.643,1654,0
MEG,D,20110405,000000,14.652,15.331,14.652,15.215,4694,0
MEG,D,20110406,000000,14.986,14.986,14.671,14.671,533,0
MEG,D,20110407,000000,14.677,14.757,14.659,14.757,390,0
MEG,D,20110408,000000,14.699,14.757,14.584,14.643,567,0
MEG,D,20110411,000000,14.643,14.918,14.591,14.912,609,0
MEG,D,20110412,000000,14.671,14.671,14.563,14.563,455,0
MEG,D,20110413,000000,14.671,14.699,14.671,14.671,104,0
MEG,D,20110414,000000,14.39,14.671,14.39,14.643,281,0
MEG,D,20110415,000000,14.643,14.757,14.643,14.699,501,0
MEG,D,20110418,000000,14.699,14.699,14.613,14.613,1120,0
MEG,D,20110419,000000,14.442,14.872,14.355,14.757,1989,0
MEG,D,20110420,000000,14.234,14.584,14.234,14.584,52,0
MEG,D,20110421,000000,14.413,14.699,14.355,14.584,1339,0
MEG,D,20110426,000000,14.413,14.866,14.413,14.866,336,0
MEG,D,20110427,000000,14.413,14.866,14.413,14.584,4294,0
MEG,D,20110428,000000,14.498,14.643,14.498,14.613,249,0
MEG,D,20110429,000000,14.855,14.855,14.629,14.641,1030,0
MEG,D,20110502,000000,14.643,14.643,14.643,14.643,194,0
MEG,D,20110504,000000,14.671,14.853,14.643,14.643,493,0
MEG,D,20110505,000000,14.64,14.698,14.506,14.698,1243,0
MEG,D,20110506,000000,14.555,14.643,14.555,14.572,248,0
MEG,D,20110509,000000,14.572,14.584,14.555,14.572,1197,0
MEG,D,20110510,000000,14.476,14.814,13.952,14.572,555,0
MEG,D,20110511,000000,14.64,14.64,14.506,14.519,1543,0
MEG,D,20110512,000000,14.096,14.643,14.078,14.643,356,0
MEG,D,20110513,000000,14.355,14.643,14.355,14.643,724,0
MEG,D,20110516,000000,14.643,15.215,14.36,14.643,2556,0
MEG,D,20110517,000000,14.643,14.643,14.498,14.643,530,0
MEG,D,20110518,000000,14.446,14.446,14.446,14.446,309,0
MEG,D,20110520,000000,14.815,14.926,14.815,14.926,51,0
MEG,D,20110523,000000,14.103,14.103,13.931,13.931,524,0
MEG,D,20110524,000000,14.177,14.699,14.177,14.699,51,0
MEG,D,20110525,000000,14.509,14.509,14.476,14.476,771,0
MEG,D,20110526,000000,14.355,14.47,14.355,14.442,139,0
MEG,D,20110527,000000,14.443,14.919,14.384,14.874,888,0
MEG,D,20110530,000000,14.384,14.757,14.384,14.384,411,0
MEG,D,20110531,000000,14.353,14.353,14.329,14.329,597,0
MEG,D,20110602,000000,14.423,14.643,14.384,14.643,472,0
MEG,D,20110603,000000,14.64,14.64,14.64,14.64,255,0
MEG,D,20110606,000000,14.36,14.643,14.36,14.643,428,0
MEG,D,20110607,000000,14.367,14.815,14.367,14.815,609,0
MEG,D,20110608,000000,14.787,14.815,14.39,14.395,2959,0
MEG,D,20110609,000000,14.64,14.64,14.5,14.5,272,0
MEG,D,20110610,000000,14.464,14.5,14.464,14.5,317,0
MEG,D,20110613,000000,14.472,14.472,14.464,14.464,44,0
MEG,D,20110614,000000,14.464,14.464,14.355,14.355,86,0
MEG,D,20110615,000000,14.367,14.367,14.367,14.367,17,0
MEG,D,20110616,000000,14.395,14.862,14.367,14.367,512,0
MEG,D,20110617,000000,14.367,14.367,14.367,14.367,40,0
MEG,D,20110620,000000,13.754,14.279,12.998,14.279,1749,0
MEG,D,20110621,000000,14.22,14.855,13.637,13.87,906,0
MEG,D,20110622,000000,13.87,14.564,13.87,14.564,678,0
MEG,D,20110624,000000,13.207,14.506,13.207,13.912,40,0
MEG,D,20110627,000000,13.404,13.912,13.404,13.464,64,0
MEG,D,20110628,000000,13.115,14.273,13.115,14.273,746,0
MEG,D,20110629,000000,13.714,14.279,13.714,14.279,594,0
MEG,D,20110630,000000,13.262,14.863,13.262,14.863,2202,0
MEG,D,20110701,000000,13.608,14.826,13.608,14.826,34,0
MEG,D,20110704,000000,13.754,14.773,13.754,14.773,63,0
MEG,D,20110705,000000,14.564,14.716,14.564,14.686,406,0
MEG,D,20110708,000000,13.725,14.686,13.404,14.686,1163,0
MEG,D,20110711,000000,14.744,14.744,14.022,14.022,118,0
MEG,D,20110712,000000,13.766,14.629,13.464,14.623,710,0
MEG,D,20110714,000000,14.629,14.629,14.629,14.629,43,0
MEG,D,20110719,000000,13.633,14.571,13.616,14.571,1078,0
MEG,D,20110721,000000,14.571,14.571,14.571,14.571,748,0
MEG,D,20110722,000000,13.83,14.571,13.819,14.571,2394,0
MEG,D,20110725,000000,13.888,14.279,13.888,14.022,130,0
MEG,D,20110726,000000,13.994,14.525,13.994,14.022,166,0
MEG,D,20110727,000000,14.017,14.022,14.017,14.022,125,0
MEG,D,20110728,000000,14.022,14.022,13.924,13.924,170,0
MEG,D,20110729,000000,13.436,13.436,13.436,13.436,69,0
MEG,D,20110801,000000,13.421,13.464,13.421,13.464,38,0
MEG,D,20110802,000000,13.434,13.434,13.404,13.404,362,0
MEG,D,20110803,000000,13.404,13.404,13.404,13.404,38,0
MEG,D,20110804,000000,12.764,12.764,12.764,12.764,1184,0
MEG,D,20110805,000000,12.268,12.268,11.492,11.661,810,0
MEG,D,20110808,000000,10.502,11.365,10.502,11.365,263,0
MEG,D,20110809,000000,10.235,10.235,10.03,10.054,308,0
MEG,D,20110810,000000,10.199,10.607,10.199,10.199,1159,0
MEG,D,20110811,000000,10.199,10.951,10.199,10.951,259,0
MEG,D,20110812,000000,10.945,11.942,10.945,11.942,164,0
MEG,D,20110816,000000,12.821,12.821,11.948,12.821,195,0
MEG,D,20110817,000000,12.821,12.821,12.531,12.531,93,0
MEG,D,20110818,000000,12.007,12.007,10.257,12.007,599,0
MEG,D,20110819,000000,11.073,12.821,11.073,12.821,304,0
MEG,D,20110824,000000,12.821,12.821,12.821,12.821,14,0
MEG,D,20110825,000000,11.656,12.815,11.656,12.815,94,0
MEG,D,20110826,000000,11.54,12.811,11.54,12.811,127,0
MEG,D,20110831,000000,12.787,12.787,12.787,12.787,150,0
MEG,D,20110902,000000,11.95,12.764,11.656,12.764,907,0
MEG,D,20110914,000000,10.077,12.531,10.077,12.531,698,0
MEG,D,20110915,000000,11.073,12.531,11.073,12.531,476,0
MEG,D,20110916,000000,11.487,12.531,11.487,12.531,164,0
MEG,D,20110919,000000,10.235,12.531,10.235,12.531,27,0
MEG,D,20110921,000000,12.237,12.531,12.237,12.531,601,0
MEG,D,20111010,000000,12.237,12.237,12.237,12.237,86,0
MEG,D,20111011,000000,12.237,12.237,12.237,12.237,4,0
MEG,D,20111024,000000,11.656,11.948,11.656,11.948,159,0
MEG,D,20111026,000000,12.18,12.18,12.18,12.18,183,0
MEG,D,20111027,000000,12.18,12.18,12.18,12.18,38,0
MEG,D,20111031,000000,10.06,10.06,10.06,10.06,7,0
MEG,D,20111102,000000,12.18,12.18,12.18,12.18,47,0
MEG,D,20111104,000000,12.123,12.123,12.123,12.123,101,0
MEG,D,20111121,000000,13.322,13.322,13.322,13.322,83,0
MEG,D,20111207,000000,13.189,13.189,13.189,13.189,332,0
MEG,D,20111209,000000,11.696,11.696,11.696,11.696,54,0
MEG,D,20111212,000000,11.99,11.99,11.99,11.99,43,0
MEG,D,20111213,000000,11.99,11.99,11.99,11.99,29,0
MEG,D,20111220,000000,11.99,11.99,11.99,11.99,332,0
MEG,D,20111221,000000,10.505,11.99,10.505,11.99,119,0
MEG,D,20111223,000000,11.99,11.99,11.99,11.99,79,0
MEG,D,20111227,000000,11.99,11.99,11.99,11.99,167,0
MEG,D,20111230,000000,12.295,12.295,12.295,12.295,325,0
MEG,D,20120102,000000,12.89,12.89,12.89,12.89,14,0
MEG,D,20120103,000000,12.89,12.89,12.89,12.89,167,0
MEG,D,20120110,000000,10.976,10.976,10.976,10.976,40,0
MEG,D,20120111,000000,11.404,11.404,11.404,11.404,118,0
MEG,D,20120112,000000,12.83,12.83,12.83,12.83,264,0
MEG,D,20120116,000000,12.83,12.83,12.83,12.83,128,0
MEG,D,20120117,000000,11.774,11.774,11.774,11.774,7,0
MEG,D,20120118,000000,11.781,11.781,11.781,11.781,278,0
MEG,D,20120119,000000,12.83,12.83,12.83,12.83,170,0
MEG,D,20120124,000000,12.83,12.83,12.83,12.83,811,0
MEG,D,20120125,000000,12.89,12.89,12.89,12.89,930,0
MEG,D,20120130,000000,12.83,12.83,12.83,12.83,40,0
MEG,D,20120201,000000,12.83,12.83,12.83,12.83,390,0
MEG,D,20120209,000000,12.89,13.13,12.89,13.13,572,0
MEG,D,20120210,000000,13.189,13.189,13.189,13.189,80,0
MEG,D,20120214,000000,11.99,11.99,11.99,11.99,42,0
MEG,D,20120215,000000,13.789,13.789,13.789,13.789,39,0
MEG,D,20120216,000000,14.121,14.121,14.121,14.121,346,0
MEG,D,20120217,000000,14.389,14.389,14.389,14.389,667,0
MEG,D,20120220,000000,14.121,14.121,14.121,14.121,346,0
MEG,D,20120221,000000,14.121,14.389,14.121,14.389,439,0
MEG,D,20120222,000000,14.389,14.988,14.389,14.988,2019,0
MEG,D,20120223,000000,15.348,15.348,15.348,15.348,1269,0
MEG,D,20120224,000000,15.468,15.588,15.468,15.588,436,0
MEG,D,20120227,000000,15.588,16.127,15.588,16.127,1052,0
MEG,D,20120228,000000,16.726,16.726,16.726,16.726,4968,0
MEG,D,20120229,000000,16.723,16.723,16.723,16.723,697,0
MEG,D,20120301,000000,16.726,16.726,16.726,16.726,666,0
MEG,D,20120305,000000,16.757,16.757,16.757,16.757,1605,0
MEG,D,20120306,000000,16.757,16.757,16.757,16.757,674,0
MEG,D,20120307,000000,16.757,16.757,16.757,16.757,583,0
MEG,D,20120308,000000,16.786,17.145,16.786,17.145,2089,0
MEG,D,20120309,000000,17.386,17.386,17.386,17.386,605,0
MEG,D,20120312,000000,17.386,17.746,17.386,17.746,1808,0
MEG,D,20120313,000000,17.865,17.865,17.865,17.865,167,0
MEG,D,20120314,000000,17.865,18.478,17.865,18.478,11086,0
MEG,D,20120315,000000,18.945,18.945,18.945,18.945,349,0
MEG,D,20120316,000000,19.25,19.785,19.25,19.785,119,0
MEG,D,20120319,000000,19.785,20.684,19.785,20.684,391,0
MEG,D,20120320,000000,20.743,20.743,20.743,20.743,4010,0
MEG,D,20120329,000000,21.104,21.583,21.104,21.583,3014,0
MEG,D,20120330,000000,22.124,22.124,22.124,22.124,373,0
MEG,D,20120402,000000,22.182,22.182,20.985,20.985,811,0
MEG,D,20120403,000000,20.985,20.985,20.985,20.985,17,0
MEG,D,20120404,000000,20.985,20.985,20.985,20.985,358,0
MEG,D,20120410,000000,22.182,22.182,22.182,22.182,29,0
MEG,D,20120412,000000,21.583,21.583,21.583,21.583,234,0
MEG,D,20120502,000000,21.583,21.583,21.583,21.583,332,0
MEG,D,20120614,000000,20.379,20.379,20.144,20.144,392,0
MEG,D,20120615,000000,20.144,20.144,20.144,20.144,705,0
MEG,D,20120620,000000,20.194,20.194,20.194,20.194,343,0
MEG,D,20120626,000000,20.379,20.379,20.379,20.379,42,0
MEG,D,20120627,000000,23.699,23.699,23.699,23.699,165,0
MEG,D,20120710,000000,20.87,20.87,20.87,20.87,40,0
MEG,D,20120711,000000,22.903,22.903,22.903,22.903,81,0
MEG,D,20120719,000000,22.409,22.409,22.409,22.409,9,0
MEG,D,20120720,000000,22.104,22.104,22.104,22.104,13,0
MEG,D,20120822,000000,19.586,22.042,19.586,22.042,945,0
MEG,D,20120912,000000,22.042,22.042,22.042,22.042,814,0
MEG,D,20120924,000000,22.035,22.035,22.035,22.035,243,0
MEG,D,20120928,000000,21.98,21.98,21.98,21.98,495,0
MEG,D,20121114,000000,21.098,21.098,21.098,21.098,368,0
MEG,D,20121119,000000,21.098,21.098,21.098,21.098,1,0
MEG,D,20121211,000000,20.789,20.789,20.789,20.789,806,0
MEG,D,20121217,000000,20.789,20.789,20.789,20.789,321,0
MEG,D,20121220,000000,20.789,20.789,20.789,20.789,567,0
MEG,D,20130104,000000,20.479,20.479,20.479,20.479,13,0
MEG,D,20130107,000000,20.479,20.479,20.479,20.479,10,0
MEG,D,20130110,000000,18.618,18.618,18.618,18.618,17,0
MEG,D,20130121,000000,18.122,18.122,18.122,18.122,13,0
MEG,D,20130129,000000,17.997,17.997,17.997,17.997,14,0
MEG,D,20130204,000000,16.756,16.756,16.756,16.756,9,0
MEG,D,20130206,000000,13.238,13.238,13.238,13.238,29,0
MEG,D,20130207,000000,13.249,13.249,13.249,13.249,10,0
MEG,D,20130208,000000,12.412,13.249,12.412,13.249,92,0
MEG,D,20130212,000000,15.513,15.513,15.513,15.513,2,0
MEG,D,20130301,000000,15.513,15.513,15.513,15.513,227,0
MEG,D,20130304,000000,15.513,16.756,15.513,16.756,164,0
MEG,D,20130305,000000,17.997,17.997,17.997,17.997,131,0
MEG,D,20130306,000000,17.997,17.997,17.997,17.997,125,0
MEG,D,20130308,000000,18.555,18.555,18.369,18.369,119,0
MEG,D,20130327,000000,18.307,18.307,18.307,18.307,232,0
MEG,D,20130411,000000,16.444,16.444,16.444,16.444,49,0
MEG,D,20130415,000000,18.307,18.307,18.307,18.307,42,0
MEG,D,20130417,000000,18.307,18.307,18.307,18.307,164,0
MEG,D,20130424,000000,18.307,18.307,18.307,18.307,330,0
MEG,D,20130528,000000,18.307,18.307,18.307,18.307,739,0
MEG,D,20130529,000000,18.618,18.618,18.618,18.618,472,0
MEG,D,20130606,000000,16.756,16.756,16.756,16.756,138,0
MEG,D,20130607,000000,16.756,16.756,16.756,16.756,193,0
MEG,D,20130610,000000,18.432,18.611,18.432,18.611,98,0
MEG,D,20130709,000000,16.196,16.196,16.196,16.196,14,0
MEG,D,20130715,000000,18.459,18.459,18.459,18.459,88,0
MEG,D,20130722,000000,18.459,18.459,18.459,18.459,102,0
MEG,D,20130724,000000,16.614,16.614,16.614,16.614,7,0
MEG,D,20130726,000000,18.489,18.489,18.489,18.489,120,0
MEG,D,20130730,000000,19.127,19.127,19.127,19.127,628,0
MEG,D,20130813,000000,17.216,17.216,17.216,17.216,1,0
MEG,D,20130814,000000,17.412,17.412,17.412,17.412,44,0
MEG,D,20130822,000000,17.151,17.151,17.151,17.151,166,0
MEG,D,20131004,000000,15.301,15.301,15.301,15.301,39,0
MEG,D,20131007,000000,13.516,13.516,13.516,13.516,7,0
MEG,D,20131008,000000,12.821,12.821,12.821,12.821,40,0
MEG,D,20131011,000000,13.09,13.09,13.09,13.09,17,0
MEG,D,20131022,000000,13.102,13.102,13.102,13.102,9,0
MEG,D,20131023,000000,13.102,13.102,13.102,13.102,30,0
MEG,D,20131029,000000,13.389,13.389,13.389,13.389,29,0
MEG,D,20131030,000000,13.395,13.395,13.395,13.395,7,0
MEG,D,20131107,000000,16.577,16.577,16.577,16.577,2,0
MEG,D,20131108,000000,15.933,15.933,15.933,15.933,14,0
MEG,D,20131114,000000,13.452,13.452,13.452,13.452,81,0
MEG,D,20131118,000000,13.524,13.524,13.524,13.524,26,0
MEG,D,20131126,000000,13.528,13.528,13.528,13.528,17,0
MEG,D,20131128,000000,13.528,13.528,13.528,13.528,10,0
MEG,D,20131202,000000,13.528,13.528,13.528,13.528,31,0
MEG,D,20131205,000000,13.389,13.389,13.389,13.389,29,0
MEG,D,20131212,000000,11.488,11.488,11.488,11.488,254,0
MEG,D,20131213,000000,13.37,13.37,13.37,13.37,2,0
MEG,D,20131216,000000,13.37,13.37,13.37,13.37,70,0
MEG,D,20140107,000000,13.434,13.434,13.434,13.434,63,0
MEG,D,20140115,000000,13.071,13.071,13.071,13.071,18,0
MEG,D,20140117,000000,13.071,13.071,13.071,13.071,138,0
MEG,D,20140130,000000,11.764,11.764,11.764,11.764,120,0
MEG,D,20140204,000000,11.764,11.764,11.764,11.764,262,0
MEG,D,20140207,000000,12.114,12.114,12.114,12.114,7,0
MEG,D,20140210,000000,13.389,13.389,13.389,13.389,5,0
MEG,D,20140217,000000,12.752,12.752,12.752,12.752,18,0
MEG,D,20140218,000000,12.114,12.114,12.114,12.114,313,0
MEG,D,20140226,000000,12.498,12.498,12.498,12.498,99,0
MEG,D,20140227,000000,11.764,11.764,11.764,11.764,1,0
MEG,D,20140317,000000,11.764,11.764,11.477,11.477,112,0
MEG,D,20140318,000000,11.477,11.477,11.477,11.477,104,0
MEG,D,20140320,000000,11.477,11.477,11.477,11.477,313,0
MEG,D,20140324,000000,11.477,11.477,11.477,11.477,30,0
MEG,D,20140327,000000,10.329,10.342,10.329,10.342,309,0
MEG,D,20140328,000000,10.342,10.342,10.342,10.342,72,0
MEG,D,20140331,000000,10.297,10.297,10.297,10.297,31,0
MEG,D,20140401,000000,10.264,10.264,10.264,10.264,159,0
MEG,D,20140402,000000,10.264,10.264,10.264,10.264,92,0
MEG,D,20140403,000000,10.264,10.264,10.264,10.264,34,0
MEG,D,20140515,000000,9.564,9.564,9.564,9.564,14,0
MEG,D,20140522,000000,10.199,10.199,10.199,10.199,469,0
MEG,D,20140523,000000,10.137,10.137,10.137,10.137,302,0
MEG,D,20140605,000000,10.199,10.199,10.199,10.199,501,0
MEG,D,20140609,000000,10.199,10.199,10.199,10.199,5,0
MEG,D,20140616,000000,10.329,10.329,10.329,10.329,1567,0
MEG,D,20140623,000000,10.558,10.558,10.558,10.558,14,0
MEG,D,20140624,000000,10.558,10.558,10.558,10.558,52,0
MEG,D,20140701,000000,10.558,10.558,10.558,10.558,76,0
MEG,D,20140923,000000,9.24,9.24,9.24,9.24,9,0
MEG,D,20141001,000000,9.2546,9.2546,9.2546,9.2546,161,0
MEG,D,20141002,000000,8.9089,9.24,8.9089,9.24,29,0
MEG,D,20141013,000000,9.3064,9.3064,9.3064,9.3064,7,0
MEG,D,20141014,000000,9.3064,9.3064,9.3064,9.3064,56,0
MEG,D,20141020,000000,9.3064,9.3064,9.3064,9.3064,34,0
MEG,D,20141021,000000,9.3064,9.3064,9.3064,9.3064,69,0
MEG,D,20141023,000000,9.24,9.24,9.24,9.24,125,0
MEG,D,20141029,000000,11.879,11.879,11.879,11.879,321,0
MEG,D,20141103,000000,11.879,11.879,11.879,11.879,7,0
MEG,D,20141105,000000,11.879,11.879,11.879,11.879,96,0
MEG,D,20141112,000000,11.879,11.879,11.879,11.879,51,0
MEG,D,20141117,000000,11.879,11.879,11.879,11.879,17,0
MEG,D,20141118,000000,11.879,11.879,11.879,11.879,98,0
MEG,D,20141121,000000,11.879,11.879,11.879,11.879,22,0
MEG,D,20141124,000000,11.945,11.945,11.945,11.945,44,0
MEG,D,20141125,000000,11.945,11.945,11.945,11.945,39,0
MEG,D,20141219,000000,11.945,11.945,11.945,11.945,7,0
MEG,D,20141229,000000,13.2,13.2,13.2,13.2,1517,0
MEG,D,20141230,000000,13.2,13.2,13.2,13.2,3258,0
MEG,D,20150105,000000,13.2,13.2,13.2,13.2,22,0
MEG,D,20150107,000000,13.2,13.2,13.2,13.2,75,0
MEG,D,20150108,000000,13.2,13.2,13.2,13.2,39,0
MEG,D,20150109,000000,14.185,14.185,14.185,14.185,65,0
MEG,D,20150113,000000,14.185,14.185,14.185,14.185,52,0
MEG,D,20150202,000000,14.18,14.18,14.18,14.18,14,0
MEG,D,20150212,000000,14.18,14.18,14.18,14.18,7,0
MEG,D,20150226,000000,15.469,15.469,15.469,15.469,4,0
MEG,D,20150227,000000,15.469,15.469,15.469,15.469,9,0
MEG,D,20150326,000000,15.132,15.132,15.132,15.132,22,0
MEG,D,20150526,000000,15.132,15.132,15.132,15.132,38,0
MEG,D,20150528,000000,15.132,15.132,15.132,15.132,221,0
MEG,D,20150611,000000,10.97,10.97,10.97,10.97,17,0
MEG,D,20150617,000000,12.16,12.16,12.16,12.16,17,0
MEG,D,20150717,000000,12.565,12.565,12.565,12.565,17,0
MEG,D,20150803,000000,12.565,12.565,12.565,12.565,10,0
MEG,D,20150805,000000,13.822,13.822,13.822,13.822,2,0
MEG,D,20150813,000000,13.822,13.822,13.822,13.822,14,0
MEG,D,20150819,000000,13.862,13.862,13.862,13.862,29,0
MEG,D,20150825,000000,12.215,12.215,12.215,12.215,14,0
MEG,D,20150831,000000,12.215,12.215,12.215,12.215,7,0
MEG,D,20150901,000000,13.263,13.263,13.263,13.263,2,0
MEG,D,20150909,000000,13.193,13.193,13.193,13.193,2,0
MEG,D,20150918,000000,11.866,11.866,11.866,11.866,7,0
MEG,D,20150921,000000,11.866,11.866,11.866,11.866,34,0
MEG,D,20151008,000000,11.796,11.796,11.796,11.796,22,0
MEG,D,20151020,000000,10.058,10.058,10.058,10.058,7,0
MEG,D,20151027,000000,9.1229,9.1229,9.1229,9.1229,44,0
MEG,D,20151029,000000,8.7251,8.7251,8.7251,8.7251,437,0
MEG,D,20151103,000000,8.3757,8.3757,8.3757,8.3757,87,0
MEG,D,20151118,000000,8.7251,8.7251,8.7251,8.7251,103,0
MEG,D,20151119,000000,8.1049,8.1049,8.1049,8.1049,1,0
MEG,D,20151120,000000,8.1049,8.1049,8.1049,8.1049,9,0
MEG,D,20151123,000000,8.3827,8.3827,8.3827,8.3827,215,0
MEG,D,20151203,000000,8.4045,8.4045,8.4045,8.4045,39,0
MEG,D,20151209,000000,8.4105,8.4105,8.4105,8.4105,17,0
MEG,D,20151215,000000,9.4994,9.4994,9.4994,9.4994,523,0
MEG,D,20151218,000000,9.865,9.865,9.865,9.865,207,0
MEG,D,20151221,000000,10.231,10.231,10.231,10.231,14,0
MEG,D,20151222,000000,10.231,10.231,10.231,10.231,327,0
MEG,D,20160108,000000,12.422,12.422,12.422,12.422,28,0
MEG,D,20160118,000000,9.1339,9.1339,9.1339,9.1339,2464,0
MEG,D,20160121,000000,9.1339,9.1339,9.1339,9.1339,98,0
MEG,D,20160126,000000,8.769,8.769,8.769,8.769,7,0
MEG,D,20160128,000000,8.769,8.769,8.769,8.769,28,0
MEG,D,20160202,000000,9.1275,9.1275,9.1275,9.1275,320,0
MEG,D,20160203,000000,9.1339,9.1339,9.1339,9.1339,48,0
MEG,D,20160204,000000,9.1339,9.1339,9.1339,9.1339,244,0
MEG,D,20160205,000000,9.1339,9.1339,9.1339,9.1339,582,0
MEG,D,20160208,000000,9.1339,9.1339,9.1339,9.1339,274,0
MEG,D,20160210,000000,9.1339,9.1339,9.1339,9.1339,10,0
MEG,D,20160216,000000,8.7772,8.7772,8.7772,8.7772,9,0
MEG,D,20160310,000000,10.231,10.231,10.231,10.231,31,0
MEG,D,20160316,000000,10.231,10.231,10.231,10.231,151,0
MEG,D,20160321,000000,10.231,10.231,10.231,10.231,65,0
MEG,D,20160322,000000,10.231,10.231,10.231,10.231,166,0
MEG,D,20160422,000000,10.231,10.231,10.231,10.231,55,0
MEG,D,20160505,000000,10.231,10.231,10.231,10.231,16,0
MEG,D,20160511,000000,10.231,10.231,10.231,10.231,309,0
MEG,D,20160512,000000,10.231,10.231,10.231,10.231,166,0
MEG,D,20160517,000000,10.962,10.962,10.962,10.962,7,0
MEG,D,20160520,000000,11.545,11.545,11.545,11.545,159,0
MEG,D,20160530,000000,10.391,10.391,10.391,10.391,50,0
MEG,D,20160609,000000,10.275,10.275,10.275,10.275,344,0
MEG,D,20160624,000000,10.275,10.275,10.275,10.275,269,0
MEG,D,20160711,000000,9.835,9.835,9.835,9.835,15,0
MEG,D,20160712,000000,10.298,10.298,10.298,10.298,7,0
MEG,D,20160719,000000,9.664,9.664,9.664,9.664,18,0
MEG,D,20160824,000000,10.05,10.05,10.05,10.05,10,0
MEG,D,20160905,000000,10.12,10.12,10.12,10.12,15,0
MEG,D,20160909,000000,10.12,10.12,10.12,10.12,225,0
MEG,D,20161003,000000,10.12,10.12,10.12,10.12,194,0
MEG,D,20161006,000000,10.12,10.12,10.12,10.12,18,0
MEG,D,20161026,000000,10.815,10.815,10.815,10.815,27,0
MEG,D,20161031,000000,11.58,11.58,11.58,11.58,53,0
MEG,D,20161103,000000,11.603,11.603,11.603,11.603,78,0
MEG,D,20161118,000000,10.088,10.088,10.088,10.088,18,0
MEG,D,20161121,000000,11.858,11.858,11.858,11.858,65,0
MEG,D,20161122,000000,10.104,10.104,10.104,10.104,11,0
MEG,D,20161130,000000,10.204,10.204,10.204,10.204,7,0
MEG,D,20161206,000000,11.836,11.836,11.836,11.836,441,0
MEG,D,20161209,000000,11.836,11.836,11.836,11.836,133,0
MEG,D,20161230,000000,11.974,11.974,11.836,11.836,262,0
MEG,D,20170105,000000,10.746,10.746,10.746,10.746,130,0
MEG,D,20170109,000000,11.135,11.135,11.135,11.135,15,0
MEG,D,20170116,000000,11.135,11.135,11.135,11.135,18,0
MEG,D,20170117,000000,11.135,11.135,11.135,11.135,50,0
MEG,D,20170118,000000,12.718,12.718,12.718,12.718,3,0
MEG,D,20170125,000000,12.629,12.629,12.629,12.629,26,0
MEG,D,20170127,000000,11.135,11.135,11.135,11.135,7,0
MEG,D,20170206,000000,11.151,11.151,11.151,11.151,7,0
MEG,D,20170221,000000,11.215,11.215,11.215,11.215,64,0
MEG,D,20170301,000000,11.254,11.254,11.254,11.254,9,0
MEG,D,20170331,000000,11.922,11.922,11.922,11.922,1,0
MEG,D,20170404,000000,11.287,11.287,11.287,11.287,3,0
MEG,D,20170412,000000,11.922,11.922,11.922,11.922,18,0
MEG,D,20170413,000000,11.302,11.302,11.302,11.302,216,0
MEG,D,20170420,000000,11.287,11.287,11.287,11.287,45,0
MEG,D,20170511,000000,11.294,11.294,11.294,11.294,30,0
MEG,D,20170512,000000,11.367,11.367,11.367,11.367,70,0
MEG,D,20170518,000000,11.367,11.367,11.367,11.367,70,0
MEG,D,20170519,000000,11.135,11.135,11.135,11.135,31,0
MEG,D,20170523,000000,11.922,11.922,11.922,11.922,92,0
MEG,D,20170524,000000,12.709,12.709,12.709,12.709,159,0
MEG,D,20170526,000000,12.709,12.709,12.709,12.709,44,0
MEG,D,20170529,000000,11.525,11.525,11.525,11.525,314,0
MEG,D,20170601,000000,12.869,12.869,12.869,12.869,3,0
MEG,D,20170602,000000,12.876,12.876,12.876,12.876,110,0
MEG,D,20170605,000000,12.001,12.001,12.001,12.001,64,0
MEG,D,20170608,000000,12.836,12.836,12.836,12.836,24,0
MEG,D,20170609,000000,12.836,12.836,12.836,12.836,94,0
MEG,D,20170613,000000,12.836,12.916,12.836,12.916,602,0
MEG,D,20170614,000000,14.148,14.227,14.148,14.227,990,0
MEG,D,20170616,000000,14.307,14.307,14.307,14.307,126,0
MEG,D,20170620,000000,15.257,15.257,15.257,15.257,11,0
MEG,D,20170622,000000,12.25,12.25,12.25,12.25,579,0
MEG,D,20170703,000000,12.598,12.598,12.598,12.598,42,0
MEG,D,20170704,000000,12.642,12.642,12.642,12.642,80,0
MEG,D,20170713,000000,13.086,13.086,13.086,13.086,7,0
MEG,D,20170803,000000,13.26,13.26,13.26,13.26,10,0
MEG,D,20170804,000000,13.26,13.26,13.26,13.26,6,0
MEG,D,20170807,000000,14.175,14.175,14.175,14.175,21,0
MEG,D,20170814,000000,14.175,14.175,14.175,14.175,1,0
MEG,D,20170818,000000,13.717,13.717,13.717,13.717,148,0
MEG,D,20170821,000000,13.123,13.123,13.123,13.123,7,0
MEG,D,20170901,000000,12.803,13.699,12.803,13.699,361,0
MEG,D,20170906,000000,13.26,13.26,13.26,13.26,71,0
MEG,D,20170912,000000,13.699,13.699,13.699,13.699,93,0
MEG,D,20171006,000000,13.717,13.717,13.717,13.717,14,0
MEG,D,20171019,000000,13.717,13.717,13.717,13.717,54,0
MEG,D,20171024,000000,13.717,13.717,13.717,13.717,137,0
MEG,D,20171114,000000,13.717,13.717,13.717,13.717,270,0
MEG,D,20171121,000000,13.717,13.717,13.717,13.717,66,0
MEG,D,20171206,000000,13.717,13.717,13.717,13.717,696,0
MEG,D,20171220,000000,13.26,13.26,13.26,13.26,98,0
MEG,D,20171221,000000,12.986,12.986,12.986,12.986,31,0
MEG,D,20180109,000000,13.26,13.26,13.26,13.26,110,0
MEG,D,20180118,000000,13.26,13.26,13.26,13.26,11,0
MEG,D,20180123,000000,10.516,10.516,10.516,10.516,6,0
MEG,D,20180220,000000,10.974,10.974,10.974,10.974,6,0
MEG,D,20180222,000000,11.98,11.98,11.98,11.98,13,0
MEG,D,20180227,000000,11.98,11.98,11.98,11.98,9,0
MEG,D,20180403,000000,13.26,13.26,13.26,13.26,274,0
MEG,D,20180525,000000,13.26,13.26,13.26,13.26,22,0
MEG,D,20180605,000000,10.059,10.059,10.059,10.059,66,0
MEG,D,20180606,000000,10.059,10.059,10.059,10.059,110,0
MEG,D,20180607,000000,10.059,10.059,10.059,10.059,483,0
MEG,D,20180702,000000,10.608,10.608,10.608,10.608,148,0
MEG,D,20180705,000000,10.059,10.059,10.059,10.059,110,0
MEG,D,20180710,000000,10.059,10.059,10.059,10.059,12,0
MEG,D,20180712,000000,10.059,10.059,10.059,10.059,215,0
MEG,D,20180719,000000,10.059,10.059,10.059,10.059,328,0
MEG,D,20180727,000000,11.065,11.065,11.065,11.065,116,0
MEG,D,20180801,000000,10.974,10.974,10.974,10.974,400,0
MEG,D,20180806,000000,11.523,11.523,11.523,11.523,129,0
MEG,D,20180809,000000,12.986,12.986,12.986,12.986,54,0
MEG,D,20180814,000000,12.803,12.803,12.803,12.803,66,0
MEG,D,20180817,000000,12.619,12.619,12.619,12.619,44,0
MEG,D,20180820,000000,12.619,13.168,12.619,13.168,175,0
MEG,D,20180821,000000,12.254,12.254,12.254,12.254,283,0
MEG,D,20180827,000000,13.168,13.26,13.168,13.26,1193,0
MEG,D,20180829,000000,13.168,13.168,13.168,13.168,199,0
MEG,D,20180830,000000,13.168,13.26,13.168,13.26,97,0
MEG,D,20180831,000000,13.943,13.943,13.943,13.943,56,0
MEG,D,20180910,000000,13.943,13.943,13.943,13.943,5,0
MEG,D,20180918,000000,13.943,13.943,13.943,13.943,51,0
MEG,D,20180919,000000,13.943,13.943,13.943,13.943,56,0
MEG,D,20180927,000000,12.578,12.578,12.578,12.578,4,0
MEG,D,20180928,000000,12.578,12.578,12.578,12.578,24,0
MEG,D,20181017,000000,11.7,11.7,11.7,11.7,21,0
MEG,D,20181019,000000,11.7,11.7,11.7,11.7,169,0
MEG,D,20181022,000000,11.7,11.7,11.7,11.7,6,0
MEG,D,20181024,000000,11.7,11.7,11.7,11.7,81,0
MEG,D,20181026,000000,11.7,11.7,11.7,11.7,103,0
MEG,D,20181128,000000,12.188,12.188,12.188,12.188,27,0
MEG,D,20181212,000000,12.188,12.188,12.188,12.188,9,0
MEG,D,20181228,000000,11.7,11.7,11.7,11.7,43,0
MEG,D,20190108,000000,11.7,11.7,11.7,11.7,46,0
MEG,D,20190114,000000,11.7,11.7,11.7,11.7,1,0
MEG,D,20190116,000000,11.7,11.7,11.7,11.7,16,0
MEG,D,20190313,000000,11.798,11.798,11.798,11.798,6,0
MEG,D,20190314,000000,11.798,11.798,11.798,11.798,15,0
MEG,D,20190410,000000,11.798,11.798,11.798,11.798,6,0
MEG,D,20190429,000000,11.895,11.895,11.895,11.895,12,0
MEG,D,20190502,000000,11.798,11.798,11.798,11.798,12,0
MEG,D,20190506,000000,11.798,11.798,11.798,11.798,5,0
MEG,D,20190701,000000,11.213,11.213,11.213,11.213,171,0
MEG,D,20190703,000000,11.213,11.213,11.213,11.213,62,0
MEG,D,20190719,000000,11.7,11.7,11.7,11.7,46,0
MEG,D,20190819,000000,11.7,11.7,11.7,11.7,10,0
MEG,D,20190823,000000,12.675,12.675,12.675,12.675,41,0
MEG,D,20190828,000000,12.675,12.675,12.675,12.675,31,0
MEG,D,20190920,000000,11.7,11.7,11.7,11.7,9,0
MEG,D,20190924,000000,10.725,10.725,10.725,10.725,47,0
MEG,D,20191018,000000,7.8,7.8488,7.8,7.8488,319,0
MEG,D,20191021,000000,7.8975,7.8975,7.8975,7.8975,31,0
MEG,D,20191022,000000,8.2875,9.36,8.2875,9.36,11,0
MEG,D,20191104,000000,10.238,10.238,10.238,10.238,5,0
MEG,D,20191105,000000,10.238,10.238,10.238,10.238,154,0
MEG,D,20191107,000000,11.213,11.213,11.213,11.213,1,0
MEG,D,20200108,000000,11.213,11.213,11.213,11.213,24,0
MEG,D,20200115,000000,8.97,8.97,8.97,8.97,65,0
MEG,D,20200130,000000,8.97,8.97,8.97,8.97,255,0
MEG,D,20200131,000000,9.848,9.848,9.848,9.848,1,0
MEG,D,20200219,000000,8.3363,8.3363,8.3363,8.3363,6,0
MEG,D,20200220,000000,9.75,9.75,9.75,9.75,72,0
MEG,D,20200227,000000,9.945,9.945,9.945,9.945,151,0
MEG,D,20200311,000000,8.2875,8.2875,8.2875,8.2875,72,0
MEG,D,20200317,000000,8.2875,8.2875,8.2875,8.2875,41,0
MEG,D,20200318,000000,8.2875,8.2875,8.2875,8.2875,65,0
MEG,D,20200421,000000,8.2875,8.2875,8.2875,8.2875,9,0
MEG,D,20200427,000000,7.3613,7.3613,7.3613,7.3613,10,0
MEG,D,20200602,000000,7.41,7.41,7.41,7.41,35,0
MEG,D,20200608,000000,9.1163,9.1163,9.1163,9.1163,474,0
MEG,D,20200609,000000,7.5563,7.5563,7.5563,7.5563,7,0
MEG,D,20200615,000000,7.605,7.605,7.605,7.605,31,0
MEG,D,20200618,000000,7.8,7.8,7.8,7.8,21,0
MEG,D,20200716,000000,7.8975,7.8975,7.8975,7.8975,87,0
MEG,D,20200721,000000,7.8488,7.8488,7.8,7.8,262,0
MEG,D,20200722,000000,7.8,7.8,7.8,7.8,67,0
MEG,D,20200806,000000,7.8,7.8,7.8,7.8,6,0
MEG,D,20200826,000000,7.8,7.8,7.8,7.8,4,0
MEG,D,20200902,000000,7.8,7.8,7.8,7.8,3,0
MEG,D,20200909,000000,7.8488,7.8488,7.8488,7.8488,62,0
MEG,D,20200911,000000,8.6288,8.6288,8.6288,8.6288,1,0
MEG,D,20200914,000000,9.4575,9.4575,9.4575,9.4575,1,0
MEG,D,20200916,000000,9.945,9.945,9.945,9.945,1,0
MEG,D,20201001,000000,9.75,9.75,9.75,9.75,31,0
MEG,D,20201016,000000,9.75,9.75,9.75,9.75,30,0
MEG,D,20201019,000000,9.75,9.75,9.75,9.75,2,0
MEG,D,20201106,000000,9.0675,9.0675,9.0675,9.0675,16,0
MEG,D,20201109,000000,9.0675,9.0675,9.0675,9.0675,29,0
MEG,D,20201116,000000,9.0675,9.0675,9.0675,9.0675,6,0
MEG,D,20201117,000000,10.14,10.14,10.14,10.14,41,0
MEG,D,20201118,000000,10.14,10.14,10.14,10.14,110,0
MEG,D,20201204,000000,9.0675,9.0675,9.0675,9.0675,25,0
MEG,D,20201208,000000,9.165,9.165,9.165,9.165,123,0
MEG,D,20201209,000000,10.043,10.043,10.043,10.043,132,0
MEG,D,20201222,000000,9.75,9.75,9.75,9.75,4,0
MEG,D,20201228,000000,9.945,9.945,9.2138,9.2138,87,0
MEG,D,20201229,000000,9.2138,9.2138,9.2138,9.2138,10,0
MEG,D,20210119,000000,10.043,10.043,10.043,10.043,21,0
MEG,D,20210120,000000,11.018,11.018,11.018,11.018,1,0
MEG,D,20210122,000000,11.505,11.505,11.505,11.505,1,0
MEG,D,20210125,000000,11.505,11.505,11.505,11.505,21,0
MEG,D,20210201,000000,12.188,12.188,12.188,12.188,1,0
MEG,D,20210202,000000,10.335,10.335,10.335,10.335,8,0
MEG,D,20210203,000000,10.335,11.31,10.335,11.31,110,0
MEG,D,20210204,000000,9.848,9.848,9.848,9.848,103,0
MEG,D,20210205,000000,10.043,10.043,10.043,10.043,128,0
MEG,D,20210208,000000,9.848,9.848,9.848,9.848,723,0
MEG,D,20210215,000000,9.848,10.823,9.848,10.823,7,0
MEG,D,20210226,000000,10.725,10.725,10.725,10.725,151,0
MEG,D,20210303,000000,9.945,10.92,9.945,10.92,116,0
MEG,D,20210304,000000,11.895,11.895,11.895,11.895,1,0
MEG,D,20210311,000000,10.725,10.725,10.725,10.725,103,0
MEG,D,20210312,000000,10.92,10.92,10.92,10.92,82,0
MEG,D,20210319,000000,9.945,9.945,9.945,9.945,151,0
MEG,D,20210322,000000,10.92,10.92,10.92,10.92,1,0
MEG,D,20210323,000000,11.603,11.603,11.603,11.603,1,0
MEG,D,20210422,000000,11.603,11.603,11.603,11.603,62,0
MEG,D,20210504,000000,11.603,11.603,11.603,11.603,3,0
MEG,D,20210507,000000,11.505,11.505,11.505,11.505,7,0
MEG,D,20210510,000000,11.505,11.505,11.505,11.505,51,0
MEG,D,20210518,000000,10.725,10.725,10.725,10.725,44,0
MEG,D,20210519,000000,9.945,10.92,9.945,10.92,77,0
MEG,D,20210525,000000,10.725,10.725,10.725,10.725,205,0
MEG,D,20210611,000000,11.603,11.603,11.603,11.603,168,0
MEG,D,20210615,000000,11.213,11.213,11.213,11.213,103,0
MEG,D,20210621,000000,10.823,10.823,10.823,10.823,103,0
MEG,D,20210628,000000,11.505,11.505,11.505,11.505,102,0
MEG,D,20210629,000000,11.603,12.383,11.603,12.383,602,0
MEG,D,20210630,000000,14.138,14.138,14.04,14.04,174,0
MEG,D,20210701,000000,15.015,15.015,15.015,15.015,146,0
MEG,D,20210702,000000,15.405,15.503,15.405,15.503,182,0
MEG,D,20210706,000000,15.6,15.6,15.6,15.6,6,0
MEG,D,20210707,000000,15.405,15.405,15.405,15.405,513,0
MEG,D,20210708,000000,15.6,15.6,15.6,15.6,10,0
MEG,D,20210709,000000,15.6,15.6,15.6,15.6,7,0
MEG,D,20210712,000000,15.6,15.6,15.6,15.6,513,0
MEG,D,20210720,000000,14.3,15.5,14.3,15.5,111,0
MEG,D,20210721,000000,17,17,17,17,8,0
MEG,D,20210722,000000,18.7,18.7,18.7,18.7,2,0
MEG,D,20210723,000000,18.7,18.7,18.7,18.7,885,0
MEG,D,20210728,000000,14.4,14.4,14.4,14.4,25,0
MEG,D,20210805,000000,15,15,15,15,40,0
MEG,D,20210809,000000,15,15,15,15,40,0
MEG,D,20210811,000000,15.1,15.1,15.1,15.1,15,0
MEG,D,20210824,000000,15.2,15.2,15.2,15.2,59,0
MEG,D,20210922,000000,15.2,15.2,15.2,15.2,135,0
MEG,D,20211014,000000,15,15,15,15,30,0
MEG,D,20211020,000000,14.8,14.8,14.8,14.8,20,0
MEG,D,20211021,000000,14,14,14,14,13,0
MEG,D,20211025,000000,13.6,13.6,13.6,13.6,27,0
MEG,D,20211028,000000,13.8,13.8,13.8,13.8,37,0
MEG,D,20211029,000000,13.7,13.7,13.7,13.7,53,0
MEG,D,20211102,000000,13.7,13.7,13.7,13.7,27,0
MEG,D,20211104,000000,13.7,13.7,13.7,13.7,7,0
MEG,D,20211105,000000,13.7,13.7,13.7,13.7,6,0
MEG,D,20211216,000000,13.7,13.7,13.7,13.7,1,0
MEG,D,20211227,000000,12.5,12.5,12.5,12.5,79,0
MEG,D,20211228,000000,12.4,12.4,12.4,12.4,108,0
MEG,D,20220111,000000,12.4,12.4,12.4,12.4,54,0
MEG,D,20220126,000000,12.5,12.5,12.5,12.5,103,0
MEG,D,20220214,000000,12,12,12,12,4,0
MEG,D,20220303,000000,12,12,12,12,46,0
MEG,D,20220304,000000,12.1,12.1,12.1,12.1,12,0
MEG,D,20220407,000000,12.4,12.4,12.4,12.4,43,0
