<TICKER>,<PER>,<DATE>,<TIME>,<OPEN>,<HIGH>,<LOW>,<CLOSE>,<VOL>,<OPENINT>
MXC,D,20170630,000000,40.055,41.374,39.235,39.948,1626,0
MXC,D,20170703,000000,40.59,40.59,38.878,39.841,2337,0
MXC,D,20170704,000000,39.841,40.982,39.841,40.982,75,0
MXC,D,20170705,000000,40.982,40.996,40.982,40.996,70,0
MXC,D,20170706,000000,40.982,40.982,40.982,40.982,28,0
MXC,D,20170707,000000,40.91,40.91,40.91,40.91,15,0
MXC,D,20170710,000000,40.126,40.126,40.126,40.126,2,0
MXC,D,20170711,000000,39.948,39.948,39.948,39.948,2,0
MXC,D,20170712,000000,39.948,39.948,39.948,39.948,2,0
MXC,D,20170713,000000,39.948,39.948,39.948,39.948,2,0
MXC,D,20170714,000000,39.948,40.447,39.235,40.447,34,0
MXC,D,20170717,000000,39.948,40.369,39.948,40.369,38,0
MXC,D,20170718,000000,40.625,44.192,40.625,42.087,6080,0
MXC,D,20170719,000000,42.087,42.787,41.981,42.087,2803,0
MXC,D,20170720,000000,42.16,42.787,41.909,42.087,8822,0
MXC,D,20170721,000000,42.687,42.851,40.625,42.087,15417,0
MXC,D,20170724,000000,42.415,42.415,40.661,40.746,3444,0
MXC,D,20170725,000000,41.474,41.917,41.088,41.646,877,0
MXC,D,20170726,000000,41.589,41.589,41.374,41.589,8385,0
MXC,D,20170727,000000,41.66,41.888,39.249,40.09,7271,0
MXC,D,20170728,000000,40.947,41.232,39.954,41.21,2219,0
MXC,D,20170731,000000,41.167,41.368,41.153,41.368,497,0
MXC,D,20170801,000000,41.374,41.374,41.296,41.374,1919,0
MXC,D,20170802,000000,41.374,41.374,40.347,41.36,1015,0
MXC,D,20170803,000000,41.36,41.36,40.604,40.661,682,0
MXC,D,20170804,000000,40.661,40.661,40.433,40.661,4955,0
MXC,D,20170807,000000,40.661,41.224,40.425,41.224,538,0
MXC,D,20170808,000000,40.661,41.153,40.661,41.153,196,0
MXC,D,20170809,000000,41.01,41.01,39.891,40.655,1695,0
MXC,D,20170810,000000,40.304,40.64,39.284,40.376,668,0
MXC,D,20170811,000000,39.94,40.041,39.94,40.041,101,0
MXC,D,20170814,000000,39.948,40.169,39.948,40.084,122,0
MXC,D,20170816,000000,40.084,40.084,39.948,39.948,44,0
MXC,D,20170817,000000,40.133,40.133,38.457,39.59,652,0
MXC,D,20170818,000000,38.528,39.59,37.808,39.498,1282,0
MXC,D,20170821,000000,39.498,39.498,38.522,39.298,519,0
MXC,D,20170822,000000,39.298,39.463,38.522,39.235,269,0
MXC,D,20170823,000000,39.391,39.391,38.522,39.235,603,0
MXC,D,20170824,000000,39.235,39.235,38.735,39.226,240,0
MXC,D,20170825,000000,39.226,39.226,38.664,39.226,782,0
MXC,D,20170828,000000,39.226,39.226,38.878,38.878,166,0
MXC,D,20170829,000000,38.735,39.235,37.808,38.757,1018,0
MXC,D,20170830,000000,39.22,39.22,38.735,38.735,516,0
MXC,D,20170831,000000,38.164,39.199,37.815,39.056,726,0
MXC,D,20170901,000000,39.199,39.199,38.878,38.878,30,0
MXC,D,20170904,000000,38.878,38.878,38.522,38.522,269,0
MXC,D,20170905,000000,38.435,38.449,38.271,38.271,303,0
MXC,D,20170906,000000,38.522,38.522,36.88,38.522,5731,0
MXC,D,20170907,000000,39.199,39.199,38.092,38.508,711,0
MXC,D,20170908,000000,39.164,39.164,37.302,38.414,396,0
MXC,D,20170911,000000,38.514,38.514,37.094,38.429,315,0
MXC,D,20170912,000000,38.414,38.414,37.808,38.164,132,0
MXC,D,20170913,000000,38.199,38.4,37.294,38.393,112,0
MXC,D,20170914,000000,38.372,38.372,37.294,38.364,108,0
MXC,D,20170915,000000,38.378,38.378,37.316,38.164,335,0
MXC,D,20170918,000000,38.378,38.378,37.322,38.092,546,0
MXC,D,20170919,000000,37.451,38.092,37.451,38.085,218,0
MXC,D,20170920,000000,38.085,38.164,37.458,38.128,1192,0
MXC,D,20170921,000000,37.808,38.128,37.679,38.121,110,0
MXC,D,20170922,000000,38.092,38.121,37.451,38.121,985,0
MXC,D,20170925,000000,38.092,38.479,37.494,38.479,340,0
MXC,D,20170926,000000,38.479,38.479,37.815,38.378,959,0
MXC,D,20170927,000000,38.443,38.443,37.572,38.164,396,0
MXC,D,20170928,000000,38.357,38.357,37.451,37.451,1953,0
MXC,D,20170929,000000,37.451,37.808,37.094,37.094,4793,0
MXC,D,20171002,000000,34.598,34.598,28.392,29.96,127507,0
MXC,D,20171003,000000,28.427,28.427,22.97,22.97,100730,0
MXC,D,20171004,000000,23.533,25.36,23.533,24.397,28668,0
MXC,D,20171005,000000,24.924,24.924,22.828,23.54,8710,0
MXC,D,20171006,000000,23.54,23.862,21.615,22.463,55782,0
MXC,D,20171009,000000,22.185,23.526,22.185,23.39,6933,0
MXC,D,20171010,000000,23.533,23.533,22.542,23.177,2917,0
MXC,D,20171011,000000,23.497,24.248,23.49,23.969,6338,0
MXC,D,20171012,000000,24.175,24.24,22.828,22.828,7420,0
MXC,D,20171013,000000,23.447,23.447,22.828,23.39,3080,0
MXC,D,20171016,000000,23.398,23.398,22.834,23.348,419,0
MXC,D,20171017,000000,23.319,23.319,22.828,23.056,1456,0
MXC,D,20171018,000000,23.255,23.255,22.536,22.536,2959,0
MXC,D,20171019,000000,23.042,23.042,22.12,22.32,1689,0
MXC,D,20171020,000000,22.328,22.757,21.943,22.449,2245,0
MXC,D,20171023,000000,22.757,22.757,21.252,22.057,2676,0
MXC,D,20171024,000000,22.077,22.092,20.694,21.102,4196,0
MXC,D,20171025,000000,21.243,21.243,19.124,20.323,14964,0
MXC,D,20171026,000000,21.03,21.03,19.267,19.625,4347,0
MXC,D,20171027,000000,19.403,20.331,19.403,19.988,2397,0
MXC,D,20171030,000000,19.988,20.258,19.988,20.216,1171,0
MXC,D,20171031,000000,20.21,20.21,19.796,20.196,773,0
MXC,D,20171102,000000,19.832,19.974,19.761,19.796,3227,0
MXC,D,20171103,000000,19.796,19.796,19.381,19.789,519,0
MXC,D,20171106,000000,19.553,19.761,19.046,19.761,21666,0
MXC,D,20171107,000000,19.781,19.781,19.26,19.474,820,0
MXC,D,20171108,000000,19.781,19.781,18.27,18.547,5375,0
MXC,D,20171109,000000,18.547,19.682,18.334,19.118,6953,0
MXC,D,20171110,000000,19.253,19.675,18.796,19.118,678,0
MXC,D,20171113,000000,19.682,19.682,18.832,18.832,621,0
MXC,D,20171114,000000,18.903,18.975,18.618,18.903,3695,0
MXC,D,20171115,000000,18.903,18.975,18.555,18.968,1854,0
MXC,D,20171116,000000,15.372,16.679,14.303,15.23,123965,0
MXC,D,20171117,000000,15.338,16.585,15.052,16.585,13623,0
MXC,D,20171120,000000,16.549,16.907,16.342,16.907,3774,0
MXC,D,20171121,000000,16.907,17.335,16.765,17.321,8173,0
MXC,D,20171122,000000,17.321,17.321,16.478,17.262,2454,0
MXC,D,20171123,000000,17.113,17.113,16.628,17.028,2805,0
MXC,D,20171124,000000,17.12,17.12,16.05,17.042,8471,0
MXC,D,20171127,000000,16.85,17.691,16.85,17.477,7206,0
MXC,D,20171128,000000,17.72,17.72,17.191,17.691,4504,0
MXC,D,20171129,000000,17.534,17.74,17.12,17.406,12596,0
MXC,D,20171130,000000,17.227,17.406,16.278,16.693,12831,0
MXC,D,20171201,000000,16.957,16.957,16.057,16.771,1653,0
MXC,D,20171204,000000,17.042,17.042,15.801,16.371,6865,0
MXC,D,20171205,000000,16.05,16.05,15.658,16.014,2098,0
MXC,D,20171206,000000,15.972,15.972,15.302,15.623,3664,0
MXC,D,20171207,000000,15.694,15.694,14.73,15.338,34264,0
MXC,D,20171208,000000,15.338,15.338,15.072,15.072,1175,0
MXC,D,20171211,000000,15.052,15.266,15.052,15.266,1438,0
MXC,D,20171212,000000,15.338,15.338,14.659,15.087,985,0
MXC,D,20171213,000000,15.33,15.338,14.874,15.259,2909,0
MXC,D,20171214,000000,15.266,15.266,14.267,14.716,14767,0
MXC,D,20171215,000000,14.609,14.894,14.267,14.894,18833,0
MXC,D,20171218,000000,14.894,14.894,14.353,14.446,1678,0
MXC,D,20171219,000000,14.446,15.623,14.446,14.909,29908,0
MXC,D,20171220,000000,14.909,15.323,14.73,15.188,2317,0
MXC,D,20171221,000000,15.058,15.452,14.837,15.452,82056,0
MXC,D,20171222,000000,15.245,15.694,15.13,15.13,12179,0
MXC,D,20171227,000000,15.123,15.13,14.624,15.108,9712,0
MXC,D,20171228,000000,15.108,15.323,14.981,15.323,1886,0
MXC,D,20171229,000000,15.316,15.316,15.001,15.03,2818,0
MXC,D,20180103,000000,15.694,15.694,14.981,15.551,820,0
MXC,D,20180104,000000,15.694,15.979,15.623,15.907,1252,0
MXC,D,20180105,000000,16.122,16.549,15.836,16.549,2988,0
MXC,D,20180108,000000,16.621,16.978,15.979,16.765,4728,0
MXC,D,20180109,000000,16.621,16.621,15.623,15.907,8449,0
MXC,D,20180110,000000,15.836,15.836,15.551,15.551,2121,0
MXC,D,20180111,000000,15.836,15.979,15.48,15.979,1477,0
MXC,D,20180112,000000,16.05,16.264,15.551,16.264,703,0
MXC,D,20180115,000000,16.407,16.407,15.979,16.336,456,0
MXC,D,20180116,000000,16.336,16.407,15.694,16.264,4978,0
MXC,D,20180117,000000,16.264,17.977,16.122,17.977,59685,0
MXC,D,20180118,000000,18.334,19.118,18.191,19.046,19480,0
MXC,D,20180119,000000,19.189,19.26,18.547,18.69,1838,0
MXC,D,20180122,000000,18.903,18.975,18.476,18.975,2160,0
MXC,D,20180123,000000,19.26,20.402,19.26,20.117,36464,0
MXC,D,20180124,000000,20.544,21.258,20.046,20.972,12832,0
MXC,D,20180125,000000,21.258,21.258,19.974,19.974,13633,0
MXC,D,20180126,000000,19.903,20.615,19.617,20.615,4461,0
MXC,D,20180129,000000,20.687,21.472,20.687,21.401,8509,0
MXC,D,20180130,000000,21.615,21.615,21.187,21.187,3138,0
MXC,D,20180131,000000,21.472,22.399,21.116,21.899,12368,0
MXC,D,20180201,000000,22.328,22.399,20.188,21.615,17160,0
MXC,D,20180202,000000,21.615,21.97,21.401,21.615,2226,0
MXC,D,20180205,000000,21.045,21.045,19.903,20.188,5313,0
MXC,D,20180206,000000,19.546,19.974,17.977,19.761,10734,0
MXC,D,20180207,000000,20.046,20.615,20.046,20.331,2232,0
MXC,D,20180208,000000,20.331,20.331,19.189,19.974,1450,0
MXC,D,20180209,000000,19.332,19.974,19.26,19.974,1118,0
MXC,D,20180212,000000,19.974,20.687,19.26,20.188,2226,0
MXC,D,20180213,000000,20.188,20.402,19.546,19.974,1587,0
MXC,D,20180214,000000,19.903,19.903,19.546,19.761,1291,0
MXC,D,20180215,000000,19.761,19.761,19.546,19.617,256,0
MXC,D,20180216,000000,19.617,19.617,18.618,19.189,1365,0
MXC,D,20180219,000000,19.189,19.26,18.547,18.832,2177,0
MXC,D,20180220,000000,18.903,18.903,18.547,18.832,240,0
MXC,D,20180221,000000,18.832,18.832,18.191,18.69,4958,0
MXC,D,20180222,000000,19.189,19.189,18.405,19.046,1722,0
MXC,D,20180223,000000,19.046,20.687,19.046,19.903,5614,0
MXC,D,20180226,000000,20.331,21.116,20.117,20.615,3517,0
MXC,D,20180227,000000,20.615,21.116,20.615,20.901,1394,0
MXC,D,20180228,000000,20.758,20.758,18.903,19.974,4111,0
MXC,D,20180301,000000,19.617,20.117,19.617,19.903,667,0
MXC,D,20180302,000000,19.617,20.544,19.546,19.974,1619,0
MXC,D,20180305,000000,19.974,19.974,19.617,19.974,154,0
MXC,D,20180306,000000,20.473,20.473,19.761,20.331,258,0
MXC,D,20180307,000000,20.758,20.758,20.331,20.615,1699,0
MXC,D,20180308,000000,20.758,20.829,20.331,20.687,415,0
MXC,D,20180309,000000,20.687,20.758,20.117,20.758,814,0
MXC,D,20180312,000000,20.687,20.687,20.615,20.615,242,0
MXC,D,20180313,000000,20.687,20.687,19.832,19.832,559,0
MXC,D,20180314,000000,19.832,20.544,19.832,20.544,104,0
MXC,D,20180315,000000,19.974,19.974,18.69,19.118,5705,0
MXC,D,20180316,000000,19.046,19.474,19.046,19.474,733,0
MXC,D,20180319,000000,19.046,19.474,19.046,19.403,690,0
MXC,D,20180320,000000,19.546,19.546,17.905,19.26,4429,0
MXC,D,20180321,000000,19.832,19.832,19.689,19.761,381,0
MXC,D,20180322,000000,19.761,19.761,18.975,19.189,1778,0
MXC,D,20180323,000000,19.26,19.26,18.334,19.118,8093,0
MXC,D,20180326,000000,19.046,19.046,18.618,18.618,573,0
MXC,D,20180327,000000,18.405,18.69,17.833,18.119,6913,0
MXC,D,20180328,000000,18.547,18.547,17.833,17.977,2440,0
MXC,D,20180329,000000,18.618,18.618,17.977,17.977,6552,0
MXC,D,20180403,000000,17.977,18.262,17.833,18.262,407,0
MXC,D,20180404,000000,18.761,18.761,18.334,18.334,59,0
MXC,D,20180405,000000,18.334,18.334,17.905,17.905,447,0
MXC,D,20180406,000000,17.833,18.191,17.833,18.191,378,0
MXC,D,20180409,000000,18.191,18.191,18.191,18.191,3,0
MXC,D,20180410,000000,17.833,18.191,17.691,18.191,1166,0
MXC,D,20180411,000000,18.334,18.334,18.334,18.334,267,0
MXC,D,20180412,000000,18.405,18.547,17.548,18.547,2970,0
MXC,D,20180413,000000,18.547,18.547,17.833,18.547,732,0
MXC,D,20180416,000000,18.547,18.547,17.691,18.547,541,0
MXC,D,20180417,000000,18.547,18.547,18.547,18.547,2,0
MXC,D,20180418,000000,18.547,18.547,17.833,18.547,465,0
MXC,D,20180419,000000,18.547,18.547,17.833,18.405,279,0
MXC,D,20180420,000000,18.405,18.405,17.691,17.691,1341,0
MXC,D,20180423,000000,17.12,17.619,17.049,17.335,2615,0
MXC,D,20180424,000000,17.12,17.406,16.264,17.12,5076,0
MXC,D,20180425,000000,17.406,17.406,16.05,16.05,2205,0
MXC,D,20180426,000000,17.049,17.049,15.979,16.407,809,0
MXC,D,20180427,000000,17.477,17.477,16.407,16.549,268,0
MXC,D,20180430,000000,16.407,16.836,16.407,16.693,1229,0
MXC,D,20180502,000000,16.907,16.907,16.264,16.765,158,0
MXC,D,20180504,000000,16.621,17.477,16.621,17.262,1208,0
MXC,D,20180507,000000,17.548,17.548,16.693,16.765,1622,0
MXC,D,20180508,000000,17.477,17.477,16.407,17.049,2114,0
MXC,D,20180509,000000,17.335,17.335,16.407,16.407,748,0
MXC,D,20180510,000000,17.12,17.12,15.907,16.549,2938,0
MXC,D,20180511,000000,16.549,16.621,15.907,16.621,213,0
MXC,D,20180514,000000,16.907,16.907,15.836,16.549,3205,0
MXC,D,20180515,000000,16.836,16.836,15.765,16.693,858,0
MXC,D,20180516,000000,16.336,16.336,15.694,15.694,1712,0
MXC,D,20180517,000000,16.05,16.336,16.05,16.336,259,0
MXC,D,20180518,000000,16.336,16.765,15.551,16.693,4281,0
MXC,D,20180521,000000,16.765,16.836,16.407,16.407,670,0
MXC,D,20180522,000000,16.693,16.693,16.693,16.693,2,0
MXC,D,20180523,000000,16.907,16.907,16.122,16.549,356,0
MXC,D,20180524,000000,16.621,16.621,15.48,16.478,682,0
MXC,D,20180525,000000,16.407,16.407,15.551,16.407,1101,0
MXC,D,20180528,000000,15.694,15.694,14.481,15.266,2974,0
MXC,D,20180529,000000,15.48,15.48,14.766,15.266,363,0
MXC,D,20180530,000000,14.981,14.981,13.197,13.411,7445,0
MXC,D,20180601,000000,12.305,13.018,11.842,12.484,24056,0
MXC,D,20180604,000000,12.52,13.197,12.52,13.197,291,0
MXC,D,20180605,000000,13.304,14.017,13.162,13.482,1215,0
MXC,D,20180606,000000,13.375,14.195,13.375,14.195,1705,0
MXC,D,20180607,000000,14.195,14.624,14.195,14.267,1393,0
MXC,D,20180608,000000,14.552,14.624,13.839,14.267,1640,0
MXC,D,20180611,000000,14.552,14.552,13.625,14.339,2101,0
MXC,D,20180612,000000,14.552,14.552,14.195,14.195,136,0
MXC,D,20180613,000000,14.339,14.339,13.768,13.91,450,0
MXC,D,20180614,000000,13.91,13.91,13.91,13.91,1303,0
MXC,D,20180615,000000,13.91,13.91,13.553,13.553,1405,0
MXC,D,20180618,000000,13.875,13.875,12.84,13.018,1440,0
MXC,D,20180619,000000,12.983,12.983,12.698,12.84,680,0
MXC,D,20180620,000000,12.84,12.84,12.484,12.698,2191,0
MXC,D,20180621,000000,12.698,12.698,12.02,12.126,3855,0
MXC,D,20180622,000000,12.02,12.126,11.985,12.126,2033,0
MXC,D,20180625,000000,13.264,13.264,12.126,12.582,1606,0
MXC,D,20180626,000000,12.695,12.847,12.24,12.809,15939,0
MXC,D,20180627,000000,12.733,12.771,12.582,12.771,8726,0
MXC,D,20180628,000000,12.62,12.695,12.62,12.695,188,0
MXC,D,20180629,000000,12.658,12.771,12.506,12.771,2141,0
MXC,D,20180702,000000,12.771,13.264,12.733,13.037,31448,0
MXC,D,20180703,000000,13.037,13.264,13.037,13.264,1696,0
MXC,D,20180704,000000,13.264,13.264,13.264,13.264,556,0
MXC,D,20180705,000000,13.264,13.264,13.188,13.264,327,0
MXC,D,20180706,000000,13.264,13.264,12.809,13.226,2022,0
MXC,D,20180709,000000,13.226,13.226,13.226,13.226,2,0
MXC,D,20180710,000000,13.226,13.226,13.037,13.226,665,0
MXC,D,20180711,000000,13.226,13.226,13.226,13.226,2,0
MXC,D,20180712,000000,13.15,13.15,12.316,12.771,839,0
MXC,D,20180713,000000,13.075,13.075,12.355,12.506,336,0
MXC,D,20180716,000000,12.506,12.506,12.278,12.278,1365,0
MXC,D,20180717,000000,12.506,12.506,12.203,12.203,43,0
MXC,D,20180718,000000,12.165,12.278,11.899,12.278,1627,0
MXC,D,20180719,000000,12.43,12.43,11.786,12.126,1001,0
MXC,D,20180720,000000,12.506,13.264,12.126,12.885,8799,0
MXC,D,20180723,000000,12.885,12.885,12.885,12.885,414,0
MXC,D,20180724,000000,12.885,12.96,12.733,12.885,750,0
MXC,D,20180725,000000,13.037,13.037,12.582,12.885,37,0
MXC,D,20180726,000000,12.885,13.264,12.809,13.075,16469,0
MXC,D,20180727,000000,13.075,13.075,12.658,13.075,3629,0
MXC,D,20180730,000000,12.999,12.999,12.885,12.885,3764,0
MXC,D,20180731,000000,13.264,13.264,12.733,12.885,16153,0
MXC,D,20180801,000000,12.999,12.999,12.278,12.999,6581,0
MXC,D,20180802,000000,12.96,12.96,12.885,12.885,800,0
MXC,D,20180803,000000,12.885,12.885,12.847,12.885,345,0
MXC,D,20180806,000000,12.885,12.923,12.506,12.923,961,0
MXC,D,20180807,000000,12.923,12.923,12.733,12.733,893,0
MXC,D,20180808,000000,12.847,12.847,12.468,12.468,764,0
MXC,D,20180809,000000,12.885,12.885,12.126,12.733,2566,0
MXC,D,20180810,000000,12.847,12.847,12.126,12.468,805,0
MXC,D,20180813,000000,12.506,12.506,12.506,12.506,74,0
MXC,D,20180814,000000,12.809,12.809,12.506,12.658,1812,0
MXC,D,20180816,000000,12.658,12.658,12.316,12.62,631,0
MXC,D,20180817,000000,12.506,12.582,11.975,12.506,4999,0
MXC,D,20180820,000000,12.506,12.506,12.126,12.126,18506,0
MXC,D,20180821,000000,12.506,12.506,11.861,11.861,2871,0
MXC,D,20180822,000000,11.824,12.355,11.824,12.355,616,0
MXC,D,20180823,000000,12.355,12.355,11.748,12.278,2583,0
MXC,D,20180824,000000,12.355,12.355,11.938,12.126,2555,0
MXC,D,20180827,000000,12.316,12.316,11.899,12.316,1559,0
MXC,D,20180828,000000,12.316,12.392,12.126,12.355,2227,0
MXC,D,20180829,000000,12.506,12.506,12.126,12.355,800,0
MXC,D,20180830,000000,12.126,12.506,12.126,12.468,4822,0
MXC,D,20180831,000000,12.468,12.468,12.165,12.468,3289,0
MXC,D,20180903,000000,12.468,12.468,12.126,12.126,1947,0
MXC,D,20180904,000000,12.278,12.278,12.126,12.126,7253,0
MXC,D,20180905,000000,12.126,12.126,11.899,12.09,1585,0
MXC,D,20180906,000000,12.126,12.126,11.293,11.369,3562,0
MXC,D,20180907,000000,11.293,11.748,11.065,11.104,4049,0
MXC,D,20180910,000000,10.99,11.104,10.687,10.839,3700,0
MXC,D,20180911,000000,10.687,10.952,10.687,10.839,4558,0
MXC,D,20180912,000000,10.839,10.839,10.384,10.535,2909,0
MXC,D,20180913,000000,10.46,10.839,10.46,10.46,7161,0
MXC,D,20180914,000000,10.839,11.369,10.573,10.573,14412,0
MXC,D,20180917,000000,10.763,10.763,10.27,10.497,2471,0
MXC,D,20180918,000000,10.384,10.611,10.384,10.611,578,0
MXC,D,20180919,000000,10.687,10.687,10.346,10.611,1580,0
MXC,D,20180920,000000,10.535,10.649,10.384,10.649,884,0
MXC,D,20180921,000000,10.687,10.687,10.46,10.687,48,0
MXC,D,20180924,000000,10.687,11.369,10.46,11.369,2928,0
MXC,D,20180925,000000,11.331,11.369,11.142,11.331,3137,0
MXC,D,20180926,000000,11.293,11.559,11.293,11.331,1043,0
MXC,D,20180927,000000,11.634,12.203,11.596,11.596,6708,0
MXC,D,20180928,000000,11.596,12.847,11.596,12.468,6705,0
MXC,D,20181001,000000,13.075,13.492,13.037,13.264,6323,0
MXC,D,20181002,000000,13.34,13.529,13.226,13.226,1848,0
MXC,D,20181003,000000,13.112,13.264,13.112,13.226,1043,0
MXC,D,20181004,000000,13.226,13.226,12.733,12.733,1101,0
MXC,D,20181005,000000,12.582,12.885,11.975,12.126,2165,0
MXC,D,20181008,000000,12.126,12.126,11.975,12.126,1923,0
MXC,D,20181009,000000,12.278,13.037,12.278,13.037,269,0
MXC,D,20181010,000000,12.506,12.543,12.506,12.543,227,0
MXC,D,20181011,000000,12.506,12.506,12.051,12.468,329,0
MXC,D,20181012,000000,12.468,13.15,12.468,13.15,27,0
MXC,D,20181015,000000,12.62,12.62,12.355,12.62,164,0
MXC,D,20181016,000000,12.885,12.885,12.658,12.658,12,0
MXC,D,20181017,000000,12.582,12.582,12.24,12.24,377,0
MXC,D,20181018,000000,12.203,12.582,12.203,12.43,932,0
MXC,D,20181019,000000,12.582,12.582,12.468,12.468,2,0
MXC,D,20181022,000000,12.43,12.43,11.824,12.43,2024,0
MXC,D,20181023,000000,11.559,11.861,11.445,11.748,3913,0
MXC,D,20181024,000000,11.256,11.559,11.256,11.559,333,0
MXC,D,20181025,000000,11.521,11.521,11.217,11.521,17,0
MXC,D,20181026,000000,11.521,11.521,11.142,11.369,2137,0
MXC,D,20181029,000000,11.369,11.369,11.065,11.369,528,0
MXC,D,20181030,000000,11.369,11.861,10.99,11.559,6365,0
MXC,D,20181031,000000,11.861,11.861,11.18,11.824,636,0
MXC,D,20181102,000000,11.596,11.786,11.596,11.786,1145,0
MXC,D,20181105,000000,11.786,11.786,11.369,11.71,685,0
MXC,D,20181106,000000,11.71,11.71,10.914,11.142,4202,0
MXC,D,20181107,000000,11.217,11.293,10.497,10.725,5963,0
MXC,D,20181108,000000,10.725,10.725,9.702,9.854,16718,0
MXC,D,20181109,000000,9.854,10.46,9.663,9.891,15006,0
MXC,D,20181113,000000,9.929,10.687,9.929,10.687,5694,0
MXC,D,20181114,000000,10.763,10.877,10.611,10.725,2501,0
MXC,D,20181115,000000,10.914,11.256,10.914,11.256,2034,0
MXC,D,20181116,000000,11.293,11.445,11.142,11.369,2724,0
MXC,D,20181119,000000,11.369,11.369,11.142,11.369,438,0
MXC,D,20181120,000000,11.369,11.369,10.99,11.293,910,0
MXC,D,20181121,000000,10.99,11.256,10.839,11.256,907,0
MXC,D,20181122,000000,10.687,11.028,10.308,10.763,3871,0
MXC,D,20181123,000000,10.763,10.99,10.649,10.99,1012,0
MXC,D,20181126,000000,10.914,11.748,10.611,11.748,6282,0
MXC,D,20181127,000000,11.824,11.824,11.673,11.748,885,0
MXC,D,20181128,000000,11.748,12.468,11.748,12.43,3318,0
MXC,D,20181129,000000,12.468,13.15,12.203,12.506,10113,0
MXC,D,20181130,000000,12.847,13.075,12.733,12.733,4962,0
MXC,D,20181203,000000,12.885,13.15,12.885,12.999,7923,0
MXC,D,20181204,000000,12.999,13.15,12.96,13.15,10985,0
MXC,D,20181205,000000,13.112,13.112,12.658,12.847,2410,0
MXC,D,20181206,000000,12.885,12.885,12.582,12.847,460,0
MXC,D,20181207,000000,12.809,12.809,12.355,12.582,2397,0
MXC,D,20181210,000000,12.506,12.506,11.256,11.861,14764,0
MXC,D,20181211,000000,12.165,12.165,11.861,11.975,1132,0
MXC,D,20181212,000000,11.975,11.975,11.824,11.975,240,0
MXC,D,20181213,000000,11.975,12.051,11.634,12.051,4364,0
MXC,D,20181214,000000,11.938,12.126,11.938,12.126,2762,0
MXC,D,20181217,000000,12.126,12.126,12.126,12.126,1,0
MXC,D,20181218,000000,12.09,12.09,11.634,12.051,17815,0
MXC,D,20181219,000000,12.126,12.126,11.596,11.861,352,0
MXC,D,20181220,000000,11.899,11.899,11.559,11.861,694,0
MXC,D,20181221,000000,11.861,11.861,11.482,11.521,6091,0
MXC,D,20181227,000000,11.521,11.748,11.521,11.748,5628,0
MXC,D,20181228,000000,11.786,11.938,11.521,11.899,8300,0
MXC,D,20190102,000000,11.899,11.899,11.673,11.824,585,0
MXC,D,20190103,000000,11.824,12.126,11.786,11.786,2360,0
MXC,D,20190104,000000,11.824,12.658,11.786,12.62,2367,0
MXC,D,20190107,000000,12.582,12.582,12.506,12.506,132,0
MXC,D,20190108,000000,12.278,13.264,12.278,13.264,964,0
MXC,D,20190109,000000,12.695,12.885,12.658,12.809,1994,0
MXC,D,20190110,000000,12.506,12.999,12.506,12.999,1124,0
MXC,D,20190111,000000,12.96,12.96,12.885,12.885,398,0
MXC,D,20190114,000000,12.885,12.999,12.809,12.999,592,0
MXC,D,20190115,000000,13.037,13.416,13.037,13.377,4305,0
MXC,D,20190116,000000,13.453,14.022,13.453,14.022,8078,0
MXC,D,20190117,000000,14.135,14.401,13.946,14.022,5018,0
MXC,D,20190118,000000,14.098,14.628,14.098,14.591,2315,0
MXC,D,20190121,000000,14.591,14.704,14.401,14.552,1261,0
MXC,D,20190122,000000,14.401,14.552,14.174,14.439,2946,0
MXC,D,20190123,000000,14.098,14.552,14.098,14.439,3768,0
MXC,D,20190124,000000,14.439,14.552,14.06,14.401,3608,0
MXC,D,20190125,000000,14.704,14.704,14.249,14.249,1162,0
MXC,D,20190128,000000,14.401,15.386,14.401,15.31,6806,0
MXC,D,20190129,000000,15.386,16.371,15.386,16.295,5410,0
MXC,D,20190130,000000,16.523,17.28,16.447,16.902,7552,0
MXC,D,20190131,000000,16.902,16.902,16.371,16.599,721,0
MXC,D,20190201,000000,16.523,16.675,16.523,16.599,1541,0
MXC,D,20190204,000000,16.675,16.675,16.295,16.447,1928,0
MXC,D,20190205,000000,16.675,16.675,16.447,16.447,2573,0
MXC,D,20190206,000000,16.978,16.978,16.523,16.523,792,0
MXC,D,20190207,000000,16.675,16.675,16.295,16.295,4012,0
MXC,D,20190208,000000,16.675,16.675,16.523,16.675,1987,0
MXC,D,20190211,000000,16.675,16.75,16.447,16.675,5210,0
MXC,D,20190212,000000,16.827,17.357,16.827,17.053,4656,0
MXC,D,20190213,000000,17.432,17.432,16.675,17.28,27811,0
MXC,D,20190214,000000,17.28,17.736,16.675,17.432,4067,0
MXC,D,20190215,000000,17.736,17.811,17.28,17.811,1505,0
MXC,D,20190218,000000,17.661,18.039,17.584,17.887,1698,0
MXC,D,20190219,000000,18.039,18.114,17.432,17.661,3349,0
MXC,D,20190220,000000,17.736,17.736,16.675,17.053,9066,0
MXC,D,20190221,000000,17.053,17.205,17.053,17.129,1284,0
MXC,D,20190222,000000,17.205,17.205,16.675,17.053,912,0
MXC,D,20190225,000000,17.053,17.053,15.993,16.978,6224,0
MXC,D,20190226,000000,16.902,17.205,16.675,16.978,1434,0
MXC,D,20190227,000000,17.129,17.357,16.978,17.053,4573,0
MXC,D,20190228,000000,17.28,17.28,17.129,17.205,415,0
MXC,D,20190301,000000,17.205,17.205,16.75,17.205,730,0
MXC,D,20190304,000000,16.75,17.205,16.675,17.205,945,0
MXC,D,20190305,000000,17.053,17.053,16.675,16.978,795,0
MXC,D,20190306,000000,16.978,17.053,16.447,16.978,3460,0
MXC,D,20190307,000000,16.978,16.978,16.371,16.902,649,0
MXC,D,20190308,000000,16.371,16.978,16.295,16.978,1829,0
MXC,D,20190311,000000,17.053,17.509,16.978,17.432,3201,0
MXC,D,20190312,000000,17.432,17.432,17.053,17.432,1064,0
MXC,D,20190313,000000,17.432,17.432,17.432,17.432,1323,0
MXC,D,20190314,000000,17.509,17.509,17.28,17.509,772,0
MXC,D,20190315,000000,17.432,17.584,17.28,17.432,1587,0
MXC,D,20190318,000000,17.432,17.432,17.28,17.432,4192,0
MXC,D,20190319,000000,17.661,17.661,17.357,17.509,450,0
MXC,D,20190320,000000,17.509,17.509,17.432,17.432,4743,0
MXC,D,20190321,000000,17.736,17.736,17.28,17.28,701,0
MXC,D,20190322,000000,17.432,17.736,17.432,17.736,240,0
MXC,D,20190325,000000,17.509,17.509,17.28,17.28,329,0
MXC,D,20190326,000000,17.736,17.736,17.28,17.584,250,0
MXC,D,20190327,000000,17.736,17.736,17.584,17.661,136,0
MXC,D,20190328,000000,17.584,17.584,17.28,17.509,1507,0
MXC,D,20190329,000000,17.509,17.509,16.675,17.129,9482,0
MXC,D,20190401,000000,17.584,17.584,16.675,17.509,201,0
MXC,D,20190402,000000,17.432,17.432,16.599,17.432,2484,0
MXC,D,20190403,000000,17.432,17.432,16.523,16.675,8627,0
MXC,D,20190404,000000,17.357,17.357,16.978,17.129,1936,0
MXC,D,20190405,000000,17.357,17.357,17.357,17.357,2,0
MXC,D,20190408,000000,17.28,17.28,16.978,16.978,1163,0
MXC,D,20190409,000000,16.902,17.205,16.902,17.205,1074,0
MXC,D,20190410,000000,17.357,17.357,17.205,17.28,441,0
MXC,D,20190411,000000,17.432,18.418,17.357,18.191,9188,0
MXC,D,20190412,000000,18.342,19.328,18.342,19.1,7471,0
MXC,D,20190415,000000,18.948,19.631,18.948,19.252,3766,0
MXC,D,20190416,000000,19.403,19.403,18.418,18.645,686,0
MXC,D,20190417,000000,18.872,18.872,18.418,18.796,430,0
MXC,D,20190418,000000,18.796,18.796,18.191,18.57,865,0
MXC,D,20190423,000000,18.948,18.948,18.494,18.494,2168,0
MXC,D,20190424,000000,18.494,18.494,17.887,18.494,6381,0
MXC,D,20190425,000000,18.57,18.57,18.57,18.57,653,0
MXC,D,20190426,000000,18.57,18.57,18.039,18.191,637,0
MXC,D,20190429,000000,18.57,19.1,18.418,18.57,3031,0
MXC,D,20190430,000000,18.948,18.948,18.191,18.494,639,0
MXC,D,20190502,000000,18.57,18.57,18.266,18.494,385,0
MXC,D,20190506,000000,18.191,18.494,18.191,18.418,2575,0
MXC,D,20190507,000000,18.114,18.494,18.039,18.039,1202,0
MXC,D,20190508,000000,18.039,18.191,17.811,17.962,5241,0
MXC,D,20190509,000000,17.962,17.962,16.827,17.28,6519,0
MXC,D,20190510,000000,17.205,17.811,16.902,17.509,4825,0
MXC,D,20190513,000000,17.736,18.039,17.661,18.039,3044,0
MXC,D,20190514,000000,17.962,18.039,17.811,18.039,313,0
MXC,D,20190515,000000,17.962,17.962,17.509,17.962,394,0
MXC,D,20190516,000000,17.962,18.039,17.509,17.962,1753,0
MXC,D,20190517,000000,18.039,18.039,17.962,18.039,169,0
MXC,D,20190520,000000,17.962,17.962,17.661,17.661,458,0
MXC,D,20190521,000000,17.811,17.811,17.584,17.661,4876,0
MXC,D,20190522,000000,17.887,17.887,17.584,17.584,1924,0
MXC,D,20190523,000000,17.887,17.887,17.584,17.887,986,0
MXC,D,20190524,000000,17.887,17.887,17.887,17.887,201,0
MXC,D,20190527,000000,17.887,17.887,17.887,17.887,109,0
MXC,D,20190528,000000,17.811,17.811,17.509,17.509,513,0
MXC,D,20190529,000000,17.811,17.811,17.509,17.509,3453,0
MXC,D,20190530,000000,17.432,17.432,16.675,17.053,24754,0
MXC,D,20190531,000000,17.053,17.053,16.827,16.827,850,0
MXC,D,20190603,000000,17.432,17.432,16.827,16.827,1938,0
MXC,D,20190604,000000,16.827,17.053,16.827,17.053,147,0
MXC,D,20190605,000000,17.053,17.053,17.053,17.053,2,0
MXC,D,20190606,000000,17.053,17.053,17.053,17.053,779,0
MXC,D,20190607,000000,17.129,17.129,17.129,17.129,186,0
MXC,D,20190610,000000,17.129,17.357,16.978,17.357,4616,0
MXC,D,20190611,000000,17.432,17.432,17.205,17.357,1882,0
MXC,D,20190612,000000,17.811,17.811,17.205,17.432,7015,0
MXC,D,20190613,000000,17.509,17.736,17.432,17.736,2529,0
MXC,D,20190614,000000,17.238,17.653,17.156,17.404,615,0
MXC,D,20190617,000000,17.404,17.736,17.238,17.736,266,0
MXC,D,20190618,000000,17.736,17.736,16.99,17.736,3258,0
MXC,D,20190619,000000,17.736,17.736,17.736,17.736,2,0
MXC,D,20190621,000000,17.736,17.736,17.487,17.487,313,0
MXC,D,20190624,000000,17.736,17.736,17.57,17.57,155,0
MXC,D,20190625,000000,17.404,17.736,16.658,17.321,6967,0
MXC,D,20190626,000000,16.451,16.451,15.042,16.451,15944,0
MXC,D,20190627,000000,15.912,16.451,15.912,16.451,1254,0
MXC,D,20190628,000000,16.451,16.451,16.161,16.161,461,0
MXC,D,20190701,000000,16.161,16.451,16.161,16.161,2160,0
MXC,D,20190702,000000,16.41,16.41,16.41,16.41,2,0
MXC,D,20190703,000000,16.41,16.41,16.161,16.161,609,0
MXC,D,20190704,000000,16.161,16.161,15.995,16.161,1555,0
MXC,D,20190705,000000,16.41,16.534,16.41,16.534,146,0
MXC,D,20190708,000000,16.534,16.534,16.534,16.534,2,0
MXC,D,20190709,000000,16.534,16.534,16.161,16.161,268,0
MXC,D,20190710,000000,16.576,16.576,16.119,16.327,535,0
MXC,D,20190711,000000,16.327,16.327,16.327,16.327,2,0
MXC,D,20190712,000000,16.327,16.327,16.327,16.327,2,0
MXC,D,20190715,000000,16.327,16.327,15.83,16.161,896,0
MXC,D,20190716,000000,16.119,16.119,16.119,16.119,2,0
MXC,D,20190717,000000,15.788,16.907,15.788,16.285,3809,0
MXC,D,20190718,000000,16.534,16.534,16.244,16.244,521,0
MXC,D,20190719,000000,16.492,16.492,16.285,16.285,84,0
MXC,D,20190722,000000,16.492,16.492,15.912,16.41,495,0
MXC,D,20190723,000000,16.492,16.492,15.912,15.912,52,0
MXC,D,20190724,000000,16.41,16.41,15.912,15.912,624,0
MXC,D,20190725,000000,16.327,16.327,16.327,16.327,2,0
MXC,D,20190726,000000,16.327,16.327,16.161,16.161,123,0
MXC,D,20190729,000000,15.995,15.995,15.83,15.995,46,0
MXC,D,20190730,000000,15.83,15.83,15.746,15.746,144,0
MXC,D,20190731,000000,15.705,15.705,15.208,15.705,592,0
MXC,D,20190801,000000,15.705,15.705,14.752,15.125,1290,0
MXC,D,20190802,000000,14.586,15.125,14.586,14.918,243,0
MXC,D,20190805,000000,14.918,14.918,14.504,14.918,149,0
MXC,D,20190806,000000,14.918,14.918,14.462,14.877,1250,0
MXC,D,20190807,000000,14.877,14.877,14.42,14.711,559,0
MXC,D,20190808,000000,14.711,14.711,14.545,14.545,123,0
MXC,D,20190809,000000,14.089,14.545,13.965,14.462,1431,0
MXC,D,20190812,000000,14.462,14.711,14.047,14.504,472,0
MXC,D,20190813,000000,14.504,14.504,13.882,14.42,980,0
MXC,D,20190814,000000,14.504,14.504,14.504,14.504,2,0
MXC,D,20190816,000000,14.669,14.669,14.089,14.42,1372,0
MXC,D,20190819,000000,14.42,14.42,14.089,14.42,828,0
MXC,D,20190820,000000,14.42,14.42,13.924,14.338,10,0
MXC,D,20190821,000000,14.297,14.297,14.255,14.255,50,0
MXC,D,20190822,000000,14.42,14.42,13.965,13.965,59,0
MXC,D,20190823,000000,13.882,14.42,13.882,14.255,257,0
MXC,D,20190826,000000,14.297,14.297,14.255,14.255,22,0
MXC,D,20190827,000000,14.131,14.255,14.089,14.255,361,0
MXC,D,20190828,000000,14.255,14.255,14.089,14.172,710,0
MXC,D,20190829,000000,14.172,14.172,13.924,14.172,1783,0
MXC,D,20190830,000000,14.089,14.172,13.924,14.047,776,0
MXC,D,20190902,000000,14.089,14.255,14.089,14.255,172,0
MXC,D,20190903,000000,14.255,14.255,13.758,14.089,1839,0
MXC,D,20190904,000000,14.089,14.089,13.674,14.089,1497,0
MXC,D,20190905,000000,14.172,14.172,14.172,14.172,2,0
MXC,D,20190906,000000,14.172,14.172,14.172,14.172,2,0
MXC,D,20190909,000000,14.172,14.462,14.172,14.462,730,0
MXC,D,20190910,000000,14.504,14.504,14.089,14.504,858,0
MXC,D,20190911,000000,14.877,14.959,14.877,14.959,102,0
MXC,D,20190912,000000,14.918,14.918,14.918,14.918,123,0
MXC,D,20190913,000000,14.918,15.001,14.918,15.001,98,0
MXC,D,20190916,000000,15.001,15.291,15.001,15.291,68,0
MXC,D,20190917,000000,15.291,15.291,14.918,15.291,136,0
MXC,D,20190918,000000,15.001,15.001,15.001,15.001,67,0
MXC,D,20190919,000000,15.291,16.492,15.291,16.161,527,0
MXC,D,20190920,000000,16.119,16.119,15.25,16.078,515,0
MXC,D,20190923,000000,16.078,16.078,15.581,15.912,363,0
MXC,D,20190924,000000,15.912,15.912,15.581,15.581,690,0
MXC,D,20190925,000000,15.912,15.912,15.664,15.664,84,0
MXC,D,20190926,000000,15.912,15.912,15.084,15.25,976,0
MXC,D,20190927,000000,15.912,15.912,14.628,14.752,888,0
MXC,D,20190930,000000,13.178,13.178,11.893,12.225,11570,0
MXC,D,20191001,000000,11.561,12.68,11.561,12.432,2436,0
MXC,D,20191002,000000,11.893,12.473,11.893,12.473,287,0
MXC,D,20191003,000000,12.514,12.514,12.266,12.514,131,0
MXC,D,20191004,000000,12.266,12.556,12.266,12.514,821,0
MXC,D,20191007,000000,12.598,12.68,12.598,12.68,742,0
MXC,D,20191008,000000,13.178,13.178,12.432,13.012,3671,0
MXC,D,20191009,000000,13.178,14.462,12.846,14.462,1043,0
MXC,D,20191010,000000,14.462,14.462,14.462,14.462,121,0
MXC,D,20191011,000000,13.758,14.462,13.758,13.924,884,0
MXC,D,20191014,000000,13.758,14.462,13.426,14.462,519,0
MXC,D,20191015,000000,14.462,14.462,14.462,14.462,2,0
MXC,D,20191016,000000,14.338,14.338,13.758,14.297,64,0
MXC,D,20191017,000000,14.213,14.213,14.213,14.213,2,0
MXC,D,20191018,000000,14.131,14.131,14.131,14.131,2,0
MXC,D,20191021,000000,13.674,14.172,13.302,14.172,73,0
MXC,D,20191022,000000,14.172,14.172,13.674,13.674,296,0
MXC,D,20191023,000000,13.674,13.674,13.302,13.426,312,0
MXC,D,20191024,000000,13.674,13.674,13.302,13.467,319,0
MXC,D,20191025,000000,13.467,13.633,13.26,13.385,630,0
MXC,D,20191028,000000,13.178,13.178,13.094,13.136,251,0
MXC,D,20191029,000000,13.178,13.178,12.473,12.846,1885,0
MXC,D,20191030,000000,13.136,13.136,13.136,13.136,2,0
MXC,D,20191031,000000,13.178,13.178,13.178,13.178,2,0
MXC,D,20191104,000000,13.094,13.094,12.929,12.97,336,0
MXC,D,20191105,000000,12.514,13.094,12.307,12.97,2813,0
MXC,D,20191106,000000,13.053,13.053,12.39,12.39,1219,0
MXC,D,20191107,000000,12.68,12.721,12.266,12.598,360,0
MXC,D,20191108,000000,12.639,12.639,12.225,12.598,101,0
MXC,D,20191112,000000,12.514,12.514,12.514,12.514,12,0
MXC,D,20191113,000000,12.225,12.432,12.225,12.432,1817,0
MXC,D,20191114,000000,12.432,12.514,12.225,12.514,811,0
MXC,D,20191115,000000,12.514,12.514,12.183,12.514,705,0
MXC,D,20191118,000000,12.514,12.514,12.39,12.514,772,0
MXC,D,20191119,000000,12.432,12.846,12.432,12.639,677,0
MXC,D,20191120,000000,12.639,12.846,12.432,12.846,68,0
MXC,D,20191121,000000,13.136,13.136,12.68,13.136,516,0
MXC,D,20191122,000000,12.887,13.136,12.887,13.136,784,0
MXC,D,20191125,000000,13.053,13.094,12.929,13.094,241,0
MXC,D,20191126,000000,13.094,13.26,13.094,13.26,655,0
MXC,D,20191127,000000,13.302,14.172,13.302,13.758,4737,0
MXC,D,20191128,000000,13.84,14.089,13.84,14.089,606,0
MXC,D,20191129,000000,14.089,14.089,14.089,14.089,16,0
MXC,D,20191202,000000,13.674,13.674,11.934,12.183,7283,0
MXC,D,20191203,000000,12.846,12.846,12.017,12.432,513,0
MXC,D,20191204,000000,12.183,12.556,12.017,12.183,1043,0
MXC,D,20191205,000000,12.432,12.432,11.686,12.1,627,0
MXC,D,20191206,000000,12.348,12.348,11.727,12.017,428,0
MXC,D,20191209,000000,12.017,12.017,11.934,12.017,232,0
MXC,D,20191210,000000,12.017,12.059,12.017,12.059,123,0
MXC,D,20191211,000000,12.39,12.39,10.815,10.815,2754,0
MXC,D,20191212,000000,11.437,11.852,10.94,11.852,2042,0
MXC,D,20191213,000000,12.348,12.348,11.395,11.561,1927,0
MXC,D,20191216,000000,12.266,12.266,11.768,11.768,20,0
MXC,D,20191217,000000,11.768,11.768,11.064,11.188,635,0
MXC,D,20191218,000000,11.603,11.603,11.437,11.603,288,0
MXC,D,20191219,000000,11.603,11.768,11.437,11.437,518,0
MXC,D,20191220,000000,11.644,11.644,10.857,11.23,1449,0
MXC,D,20191223,000000,11.23,11.52,10.94,11.106,8905,0
MXC,D,20191227,000000,11.479,11.479,11.106,11.354,1226,0
MXC,D,20191230,000000,11.479,11.852,11.272,11.272,3684,0
MXC,D,20200102,000000,11.768,12.514,11.768,12.514,1978,0
MXC,D,20200103,000000,12.556,12.556,11.934,12.39,2763,0
MXC,D,20200107,000000,12.266,12.68,12.183,12.68,2898,0
MXC,D,20200108,000000,12.598,12.598,12.432,12.432,1152,0
MXC,D,20200109,000000,12.432,12.68,12.266,12.68,1023,0
MXC,D,20200110,000000,12.68,12.68,12.598,12.68,38,0
MXC,D,20200113,000000,12.432,12.514,12.266,12.307,274,0
MXC,D,20200114,000000,12.514,12.556,12.514,12.556,164,0
MXC,D,20200115,000000,12.432,12.432,12.1,12.432,845,0
MXC,D,20200116,000000,12.432,12.639,12.432,12.639,224,0
MXC,D,20200117,000000,12.598,12.598,12.307,12.598,447,0
MXC,D,20200120,000000,12.432,12.929,12.432,12.929,1783,0
MXC,D,20200121,000000,12.929,13.178,12.846,13.178,942,0
MXC,D,20200122,000000,13.178,13.178,12.68,12.97,2219,0
MXC,D,20200123,000000,13.136,13.136,12.432,12.763,3619,0
MXC,D,20200124,000000,13.094,13.136,12.432,12.846,1810,0
MXC,D,20200127,000000,12.805,13.012,12.348,12.763,461,0
MXC,D,20200128,000000,13.012,13.012,12.1,12.514,3372,0
MXC,D,20200129,000000,12.432,12.598,12.266,12.514,462,0
MXC,D,20200130,000000,12.514,13.012,12.348,13.012,2288,0
MXC,D,20200131,000000,12.929,12.97,12.514,12.805,2628,0
MXC,D,20200203,000000,12.763,12.805,12.307,12.721,2459,0
MXC,D,20200204,000000,12.639,12.639,12.225,12.639,261,0
MXC,D,20200205,000000,12.598,12.639,12.225,12.639,243,0
MXC,D,20200206,000000,12.514,12.556,12.432,12.514,1406,0
MXC,D,20200207,000000,12.514,12.514,12.183,12.514,1298,0
MXC,D,20200210,000000,12.514,12.514,12.1,12.348,570,0
MXC,D,20200211,000000,12.432,12.514,12.183,12.432,110,0
MXC,D,20200212,000000,12.432,12.432,12.432,12.432,204,0
MXC,D,20200213,000000,12.432,12.432,12.432,12.432,100,0
MXC,D,20200214,000000,12.432,12.432,12.432,12.432,6,0
MXC,D,20200217,000000,12.473,12.473,12.183,12.432,382,0
MXC,D,20200218,000000,12.432,12.432,12.432,12.432,13,0
MXC,D,20200219,000000,12.432,12.432,12.348,12.348,96,0
MXC,D,20200220,000000,12.348,12.348,12.141,12.183,422,0
MXC,D,20200221,000000,11.603,12.017,11.603,11.852,1160,0
MXC,D,20200224,000000,12.183,12.183,11.354,11.603,1405,0
MXC,D,20200225,000000,11.561,11.561,10.442,10.774,2235,0
MXC,D,20200226,000000,11.106,11.106,9.946,10.194,5399,0
MXC,D,20200227,000000,10.442,11.106,10.194,10.94,14770,0
MXC,D,20200228,000000,10.857,10.94,9.946,10.194,2289,0
MXC,D,20200302,000000,9.946,10.526,9.946,10.526,2531,0
MXC,D,20200303,000000,10.774,11.852,10.774,11.106,1336,0
MXC,D,20200304,000000,11.272,11.603,11.106,11.106,269,0
MXC,D,20200305,000000,11.106,11.106,10.691,11.106,546,0
MXC,D,20200306,000000,10.94,10.94,10.442,10.774,245,0
MXC,D,20200309,000000,10.774,10.774,9.3654,9.531,1782,0
MXC,D,20200310,000000,9.282,9.821,9.282,9.78,356,0
MXC,D,20200311,000000,9.821,9.821,8.5363,9.282,1565,0
MXC,D,20200312,000000,9.531,9.531,8.2877,8.3706,3963,0
MXC,D,20200313,000000,8.2877,9.1162,8.2877,8.785,1520,0
MXC,D,20200316,000000,8.6192,8.6192,8.2048,8.2877,2633,0
MXC,D,20200317,000000,8.2877,8.785,8.2048,8.785,2203,0
MXC,D,20200318,000000,8.785,8.785,8.2048,8.2048,467,0
MXC,D,20200319,000000,8.785,8.785,8.2048,8.2048,5458,0
MXC,D,20200320,000000,8.785,9.1162,8.2048,8.2048,5650,0
MXC,D,20200323,000000,8.6606,8.7021,8.3706,8.6192,361,0
MXC,D,20200324,000000,8.785,8.785,8.785,8.785,2,0
MXC,D,20200325,000000,8.785,8.785,8.785,8.785,2,0
MXC,D,20200326,000000,8.7435,8.785,8.6192,8.785,488,0
MXC,D,20200327,000000,8.785,8.785,8.785,8.785,73,0
MXC,D,20200330,000000,8.785,8.785,7.8733,8.4535,4950,0
MXC,D,20200331,000000,8.4535,8.7021,7.807,8.5778,2458,0
MXC,D,20200401,000000,8.7021,8.785,8.5778,8.785,486,0
MXC,D,20200402,000000,8.785,8.785,8.785,8.785,6,0
MXC,D,20200403,000000,8.2877,8.785,8.2877,8.785,338,0
MXC,D,20200406,000000,8.785,12.432,8.3706,11.603,87020,0
MXC,D,20200407,000000,11.768,12.307,10.069,10.069,59794,0
MXC,D,20200408,000000,9.946,10.733,9.282,10.442,15016,0
MXC,D,20200409,000000,10.442,12.39,10.318,11.975,56102,0
MXC,D,20200414,000000,12.473,12.887,10.484,11.395,40096,0
MXC,D,20200415,000000,11.395,11.561,10.276,11.022,5703,0
MXC,D,20200416,000000,10.608,11.272,10.442,11.272,4224,0
MXC,D,20200417,000000,11.272,11.272,10.608,10.857,1413,0
MXC,D,20200420,000000,10.857,10.857,9.78,10.235,8201,0
MXC,D,20200421,000000,9.78,10.36,9.1583,9.655,9542,0
MXC,D,20200422,000000,9.862,10.276,9.0337,10.235,2594,0
MXC,D,20200423,000000,9.614,9.987,9.614,9.946,1181,0
MXC,D,20200424,000000,9.946,9.987,9.696,9.987,1399,0
MXC,D,20200427,000000,9.987,11.147,9.696,11.147,9566,0
MXC,D,20200428,000000,11.23,11.603,10.484,10.774,6379,0
MXC,D,20200429,000000,10.442,10.815,10.442,10.442,1151,0
MXC,D,20200430,000000,11.313,11.313,9.946,10.691,2578,0
MXC,D,20200504,000000,10.36,10.608,9.531,9.862,11955,0
MXC,D,20200505,000000,9.78,9.78,8.9503,9.1996,10524,0
MXC,D,20200506,000000,9.1996,9.614,9.0337,9.3233,2864,0
MXC,D,20200507,000000,9.4067,9.4479,9.0337,9.1996,2602,0
MXC,D,20200508,000000,9.3654,9.78,9.1583,9.531,4210,0
MXC,D,20200511,000000,9.531,9.531,9.0337,9.4891,567,0
MXC,D,20200512,000000,9.4479,11.147,9.1996,9.903,35726,0
MXC,D,20200513,000000,10.36,10.774,9.4479,10.235,12649,0
MXC,D,20200514,000000,10.235,10.235,9.2408,9.573,6231,0
MXC,D,20200515,000000,9.531,9.531,9.0749,9.3654,2455,0
MXC,D,20200518,000000,9.3654,9.614,9.0337,9.3654,4217,0
MXC,D,20200519,000000,9.531,9.614,8.9091,9.3233,13613,0
MXC,D,20200520,000000,10.774,11.147,10.318,10.733,40752,0
MXC,D,20200521,000000,11.147,11.147,10.526,10.899,23177,0
MXC,D,20200522,000000,10.899,10.899,10.36,10.774,5329,0
MXC,D,20200525,000000,10.774,10.899,10.484,10.899,5002,0
MXC,D,20200526,000000,10.899,10.899,10.649,10.857,4124,0
MXC,D,20200527,000000,10.857,10.899,10.526,10.857,7226,0
MXC,D,20200528,000000,10.899,11.354,10.899,11.188,8726,0
MXC,D,20200529,000000,11.313,11.603,10.94,11.064,4172,0
MXC,D,20200601,000000,10.774,11.768,10.649,11.52,16467,0
MXC,D,20200602,000000,11.603,12.39,11.603,12.266,23646,0
MXC,D,20200603,000000,12.39,12.598,12.266,12.432,13199,0
MXC,D,20200604,000000,12.432,12.473,12.266,12.39,15990,0
MXC,D,20200605,000000,12.598,12.763,12.432,12.598,15912,0
MXC,D,20200608,000000,12.514,13.178,12.514,12.721,17549,0
MXC,D,20200609,000000,12.763,13.053,12.763,12.929,12803,0
MXC,D,20200610,000000,13.053,13.178,13.012,13.053,8754,0
MXC,D,20200612,000000,12.763,12.887,12.017,12.887,18082,0
MXC,D,20200615,000000,12.887,13.26,12.68,12.929,12976,0
MXC,D,20200616,000000,12.68,13.053,12.598,12.887,10482,0
MXC,D,20200617,000000,12.97,13.633,12.846,13.26,19515,0
MXC,D,20200618,000000,13.26,13.551,13.178,13.426,17396,0
MXC,D,20200619,000000,13.426,13.924,13.426,13.882,18310,0
MXC,D,20200622,000000,13.882,14.752,13.882,14.669,25912,0
MXC,D,20200623,000000,14.877,15.623,14.669,14.835,36644,0
MXC,D,20200624,000000,14.669,15.291,14.213,14.711,56804,0
MXC,D,20200625,000000,14.752,14.918,14.006,14.462,30946,0
MXC,D,20200626,000000,14.379,14.42,13.674,13.882,25602,0
MXC,D,20200629,000000,14.255,14.504,13.758,14.504,21657,0
MXC,D,20200630,000000,14.545,15.415,13.84,14.131,74942,0
MXC,D,20200701,000000,14.628,14.752,14.172,14.338,31816,0
MXC,D,20200702,000000,14.244,14.994,13.588,14.666,23939,0
MXC,D,20200703,000000,14.666,15.65,14.431,15.462,37719,0
MXC,D,20200706,000000,15.134,15.603,14.994,15.275,8647,0
MXC,D,20200707,000000,15.087,15.369,14.806,14.9,9043,0
MXC,D,20200708,000000,14.9,14.9,14.478,14.806,3280,0
MXC,D,20200709,000000,14.713,14.9,14.338,14.431,4895,0
MXC,D,20200710,000000,14.431,14.431,13.401,13.963,15847,0
MXC,D,20200713,000000,13.963,13.963,13.588,13.775,3272,0
MXC,D,20200714,000000,13.775,13.775,13.307,13.401,5925,0
MXC,D,20200715,000000,13.447,13.447,12.651,12.651,7041,0
MXC,D,20200716,000000,12.651,13.682,12.651,13.635,6357,0
MXC,D,20200717,000000,13.635,14.057,13.307,14.057,3145,0
MXC,D,20200720,000000,13.963,14.338,13.682,14.244,5298,0
MXC,D,20200721,000000,14.244,14.244,13.775,13.869,3761,0
MXC,D,20200722,000000,13.775,14.666,13.682,14.338,12930,0
MXC,D,20200723,000000,14.666,14.666,14.15,14.15,4159,0
MXC,D,20200724,000000,14.15,14.15,13.588,13.775,5431,0
MXC,D,20200727,000000,14.525,16.071,13.869,15.65,82566,0
MXC,D,20200728,000000,15.65,16.868,15.228,16.118,50816,0
MXC,D,20200729,000000,16.306,16.306,14.806,15.65,13598,0
MXC,D,20200730,000000,15.462,15.462,12.651,12.932,19134,0
MXC,D,20200731,000000,12.932,13.869,12.932,13.119,19060,0
MXC,D,20200803,000000,13.494,13.869,13.119,13.494,8016,0
MXC,D,20200804,000000,13.494,13.775,13.401,13.588,8671,0
MXC,D,20200805,000000,13.775,13.775,13.119,13.307,6085,0
MXC,D,20200806,000000,13.166,13.588,13.119,13.401,4473,0
MXC,D,20200807,000000,13.307,13.401,13.026,13.119,2670,0
MXC,D,20200810,000000,13.354,13.354,12.979,13.026,1535,0
MXC,D,20200811,000000,13.026,13.26,12.792,13.119,3007,0
MXC,D,20200812,000000,13.119,13.119,12.745,13.073,448,0
MXC,D,20200813,000000,12.932,13.494,12.792,13.447,1670,0
MXC,D,20200814,000000,13.447,13.447,12.792,13.401,2444,0
MXC,D,20200817,000000,13.354,13.354,12.838,13.119,1642,0
MXC,D,20200818,000000,13.119,13.119,12.745,12.885,4820,0
MXC,D,20200819,000000,13.073,13.073,12.651,12.885,1907,0
MXC,D,20200820,000000,13.026,13.026,12.37,12.745,2289,0
MXC,D,20200821,000000,12.745,13.119,12.557,13.119,4184,0
MXC,D,20200824,000000,13.119,13.119,12.37,13.073,2789,0
MXC,D,20200825,000000,13.073,13.073,12.792,13.073,230,0
MXC,D,20200826,000000,13.073,13.073,12.464,12.745,5741,0
MXC,D,20200827,000000,13.026,13.026,12.745,12.932,1154,0
MXC,D,20200828,000000,12.932,12.932,12.51,12.885,2217,0
MXC,D,20200831,000000,12.51,12.838,12.51,12.651,1650,0
MXC,D,20200901,000000,12.651,12.698,11.948,11.995,3382,0
MXC,D,20200902,000000,12.276,12.323,11.808,12.182,1936,0
MXC,D,20200903,000000,11.808,12.182,11.808,11.995,808,0
MXC,D,20200904,000000,11.901,12.37,11.573,11.948,4418,0
MXC,D,20200907,000000,11.526,11.948,11.433,11.808,1556,0
MXC,D,20200908,000000,11.339,11.808,10.917,11.245,4272,0
MXC,D,20200909,000000,11.245,11.433,11.011,11.433,3194,0
MXC,D,20200910,000000,11.62,11.854,11.48,11.854,1754,0
MXC,D,20200911,000000,11.995,12.276,11.714,12.276,1576,0
MXC,D,20200914,000000,12.276,12.276,12.136,12.276,449,0
MXC,D,20200915,000000,12.276,12.276,12.182,12.276,502,0
MXC,D,20200916,000000,12.323,12.323,11.714,11.854,1656,0
MXC,D,20200917,000000,12.182,12.182,11.526,12.089,2037,0
MXC,D,20200918,000000,12.089,12.089,11.433,12.089,702,0
MXC,D,20200921,000000,12.042,12.042,11.433,11.433,3226,0
MXC,D,20200922,000000,11.714,11.854,11.433,11.808,1385,0
MXC,D,20200923,000000,12.042,12.042,11.245,11.526,1596,0
MXC,D,20200924,000000,11.526,11.761,11.245,11.433,1330,0
MXC,D,20200925,000000,11.761,12.042,11.105,11.433,1899,0
MXC,D,20200928,000000,10.777,11.433,10.73,11.433,3532,0
MXC,D,20200929,000000,11.433,11.433,10.917,11.386,1083,0
MXC,D,20200930,000000,11.245,11.433,10.87,11.105,2835,0
MXC,D,20201001,000000,11.058,11.058,10.73,11.058,1482,0
MXC,D,20201002,000000,10.964,11.105,10.87,11.058,1187,0
MXC,D,20201005,000000,11.058,11.058,10.87,11.058,1321,0
MXC,D,20201006,000000,11.152,11.198,11.058,11.198,1781,0
MXC,D,20201007,000000,11.245,11.245,11.058,11.198,987,0
MXC,D,20201008,000000,11.245,11.245,11.058,11.198,2451,0
MXC,D,20201009,000000,11.245,11.245,10.777,10.964,3184,0
MXC,D,20201012,000000,11.198,11.198,10.777,11.011,814,0
MXC,D,20201013,000000,10.777,11.198,10.777,11.152,3116,0
MXC,D,20201014,000000,11.245,11.245,10.87,11.105,1698,0
MXC,D,20201015,000000,11.152,11.152,10.308,10.308,7353,0
MXC,D,20201016,000000,10.496,10.496,10.214,10.308,2385,0
MXC,D,20201019,000000,10.402,10.402,10.168,10.308,2617,0
MXC,D,20201020,000000,10.308,10.402,10.168,10.214,5284,0
MXC,D,20201021,000000,10.355,10.355,10.121,10.261,1219,0
MXC,D,20201022,000000,10.261,10.355,9.84,10.121,4685,0
MXC,D,20201023,000000,10.121,10.214,9.933,10.214,1250,0
MXC,D,20201026,000000,10.214,10.214,9.746,9.746,1839,0
MXC,D,20201027,000000,9.746,10.168,9.652,9.933,2156,0
MXC,D,20201028,000000,9.558,9.558,8.9213,9.3148,5601,0
MXC,D,20201029,000000,9.3148,9.3148,8.9025,9.2774,2917,0
MXC,D,20201030,000000,9.2961,9.2961,8.9025,9.0899,1816,0
MXC,D,20201102,000000,9.2774,9.558,9.1274,9.3711,3046,0
MXC,D,20201103,000000,9.652,9.84,9.3711,9.746,2914,0
MXC,D,20201104,000000,9.699,9.699,9.2774,9.605,1729,0
MXC,D,20201105,000000,9.2774,9.699,9.2774,9.699,983,0
MXC,D,20201106,000000,9.699,11.901,9.3148,11.339,21951,0
MXC,D,20201109,000000,11.901,12.417,11.152,11.292,14579,0
MXC,D,20201110,000000,11.198,11.386,10.121,10.402,7047,0
MXC,D,20201112,000000,10.964,11.152,10.636,11.011,4027,0
MXC,D,20201113,000000,11.152,11.292,10.824,11.198,2256,0
MXC,D,20201116,000000,11.245,11.339,11.058,11.245,1605,0
MXC,D,20201117,000000,11.339,11.339,11.058,11.339,1306,0
MXC,D,20201118,000000,11.245,11.339,11.011,11.339,2560,0
MXC,D,20201119,000000,11.339,11.339,11.058,11.245,318,0
MXC,D,20201120,000000,11.339,11.339,11.011,11.245,862,0
MXC,D,20201123,000000,11.245,11.292,10.964,11.152,4892,0
MXC,D,20201124,000000,11.245,11.245,10.777,10.87,1853,0
MXC,D,20201125,000000,10.87,10.87,10.683,10.87,4222,0
MXC,D,20201126,000000,10.87,10.87,10.496,10.73,1390,0
MXC,D,20201127,000000,10.73,10.73,10.496,10.73,1320,0
MXC,D,20201130,000000,11.433,11.526,10.824,11.058,5393,0
MXC,D,20201201,000000,11.058,11.058,10.777,11.011,2959,0
MXC,D,20201202,000000,11.011,11.011,10.589,11.011,3481,0
MXC,D,20201203,000000,11.198,11.198,10.777,10.964,695,0
MXC,D,20201204,000000,11.011,11.011,10.777,11.011,1535,0
MXC,D,20201207,000000,11.011,11.245,11.011,11.198,4101,0
MXC,D,20201208,000000,11.198,11.714,10.87,11.667,9792,0
MXC,D,20201209,000000,11.714,11.948,11.386,11.62,16949,0
MXC,D,20201210,000000,11.714,11.808,11.526,11.714,1114,0
MXC,D,20201211,000000,11.714,11.714,11.198,11.339,2884,0
MXC,D,20201214,000000,11.62,11.62,11.245,11.48,843,0
MXC,D,20201215,000000,11.62,11.62,11.245,11.433,1416,0
MXC,D,20201216,000000,11.433,11.62,11.245,11.62,3004,0
MXC,D,20201217,000000,11.62,11.62,11.245,11.526,7825,0
MXC,D,20201218,000000,11.62,11.667,11.339,11.339,1545,0
MXC,D,20201221,000000,11.292,11.292,11.011,11.245,8614,0
MXC,D,20201222,000000,11.245,11.526,11.058,11.339,7610,0
MXC,D,20201223,000000,11.48,11.526,11.292,11.433,2396,0
MXC,D,20201228,000000,11.433,11.526,11.105,11.292,8258,0
MXC,D,20201229,000000,11.386,11.433,11.198,11.433,8620,0
MXC,D,20201230,000000,11.48,11.714,11.386,11.667,4639,0
MXC,D,20210104,000000,11.526,12.182,11.433,12.136,8641,0
MXC,D,20210105,000000,12.182,13.026,12.182,12.557,10251,0
MXC,D,20210107,000000,12.885,13.401,12.651,13.401,7367,0
MXC,D,20210108,000000,13.541,13.775,12.979,13.588,8823,0
MXC,D,20210111,000000,13.307,13.588,13.119,13.26,3609,0
MXC,D,20210112,000000,13.213,13.213,12.979,13.166,2717,0
MXC,D,20210113,000000,13.213,13.213,12.604,12.979,4361,0
MXC,D,20210114,000000,12.698,13.073,12.698,13.026,5453,0
MXC,D,20210115,000000,12.792,13.541,12.792,13.354,5247,0
MXC,D,20210118,000000,13.213,13.213,13.119,13.213,1529,0
MXC,D,20210119,000000,13.26,13.26,13.026,13.073,2229,0
MXC,D,20210120,000000,13.307,13.307,12.698,13.026,2956,0
MXC,D,20210121,000000,13.26,13.26,12.698,12.792,2183,0
MXC,D,20210122,000000,12.932,13.213,12.745,13.026,2516,0
MXC,D,20210125,000000,13.166,13.166,12.979,13.166,2351,0
MXC,D,20210126,000000,13.166,13.541,12.932,13.119,9693,0
MXC,D,20210127,000000,12.932,13.119,12.651,12.979,5262,0
MXC,D,20210128,000000,12.932,12.932,12.557,12.745,6594,0
MXC,D,20210129,000000,12.885,12.885,12.698,12.792,674,0
MXC,D,20210201,000000,12.885,13.307,12.792,13.166,2884,0
MXC,D,20210202,000000,13.166,13.26,12.932,13.26,1470,0
MXC,D,20210203,000000,13.307,13.541,12.979,13.354,8985,0
MXC,D,20210204,000000,13.307,13.354,13.026,13.307,1054,0
MXC,D,20210205,000000,13.073,13.307,12.745,13.213,5026,0
MXC,D,20210208,000000,13.213,13.354,13.119,13.166,2617,0
MXC,D,20210209,000000,13.166,13.213,12.932,13.213,749,0
MXC,D,20210210,000000,13.213,13.26,13.119,13.213,657,0
MXC,D,20210211,000000,13.119,14.15,13.119,14.057,15334,0
MXC,D,20210212,000000,14.057,14.385,13.822,14.01,3492,0
MXC,D,20210215,000000,13.963,14.385,13.963,14.338,8525,0
MXC,D,20210216,000000,14.338,14.431,14.15,14.431,2573,0
MXC,D,20210217,000000,14.525,14.525,13.775,14.197,2176,0
MXC,D,20210218,000000,14.197,14.244,13.869,14.244,2141,0
MXC,D,20210219,000000,14.385,14.385,14.01,14.01,1355,0
MXC,D,20210222,000000,14.244,14.244,13.869,14.15,1478,0
MXC,D,20210223,000000,14.057,14.15,13.401,13.682,6784,0
MXC,D,20210224,000000,13.588,13.775,13.354,13.775,3509,0
MXC,D,20210225,000000,13.775,14.01,13.775,13.916,1961,0
MXC,D,20210226,000000,13.869,13.963,13.635,13.916,3160,0
MXC,D,20210301,000000,13.916,14.385,13.682,14.103,11236,0
MXC,D,20210302,000000,14.057,14.431,13.822,14.291,4544,0
MXC,D,20210303,000000,14.291,14.478,14.15,14.244,5123,0
MXC,D,20210304,000000,14.244,14.244,13.775,14.197,2770,0
MXC,D,20210305,000000,14.01,14.01,13.729,13.963,1324,0
MXC,D,20210308,000000,13.963,14.15,13.401,13.822,6078,0
MXC,D,20210309,000000,13.775,13.775,13.119,13.541,11800,0
MXC,D,20210310,000000,13.541,13.541,12.979,13.119,10938,0
MXC,D,20210311,000000,13.447,13.588,13.119,13.447,12255,0
MXC,D,20210312,000000,13.119,13.307,12.557,12.885,20318,0
MXC,D,20210315,000000,12.885,12.885,12.417,12.745,11537,0
MXC,D,20210316,000000,12.745,12.838,12.698,12.745,8629,0
MXC,D,20210317,000000,12.885,12.885,12.464,12.792,6624,0
MXC,D,20210318,000000,12.651,12.838,12.604,12.838,3391,0
MXC,D,20210319,000000,12.932,13.026,12.792,12.885,2893,0
MXC,D,20210322,000000,12.979,12.979,12.698,12.885,4204,0
MXC,D,20210323,000000,12.932,13.401,12.792,13.119,4820,0
MXC,D,20210324,000000,13.119,13.119,12.885,13.026,883,0
MXC,D,20210325,000000,13.026,13.026,12.838,12.932,1891,0
MXC,D,20210326,000000,12.932,12.979,12.838,12.979,321,0
MXC,D,20210329,000000,13.119,13.213,12.792,13.213,5945,0
MXC,D,20210330,000000,13.26,13.26,12.885,13.213,4037,0
MXC,D,20210331,000000,12.932,13.213,12.885,13.166,1683,0
MXC,D,20210401,000000,13.166,14.057,13.073,13.916,9458,0
MXC,D,20210406,000000,14.057,14.525,13.963,14.525,9424,0
MXC,D,20210407,000000,14.525,14.806,14.197,14.431,4643,0
MXC,D,20210408,000000,14.431,14.431,13.869,14.01,2341,0
MXC,D,20210409,000000,14.385,14.385,14.01,14.15,1954,0
MXC,D,20210412,000000,14.103,14.291,14.057,14.291,1559,0
MXC,D,20210413,000000,14.291,14.291,13.916,14.15,2057,0
MXC,D,20210414,000000,14.197,14.244,13.822,14.244,2749,0
MXC,D,20210415,000000,14.103,14.103,13.869,14.057,846,0
MXC,D,20210416,000000,13.869,14.103,13.869,14.057,955,0
MXC,D,20210419,000000,14.057,14.057,13.588,14.057,2594,0
MXC,D,20210420,000000,13.963,13.963,13.588,13.588,510,0
MXC,D,20210421,000000,13.869,13.869,13.588,13.775,809,0
MXC,D,20210422,000000,13.822,13.822,13.682,13.775,1104,0
MXC,D,20210423,000000,13.869,14.057,13.729,13.775,1005,0
MXC,D,20210426,000000,13.775,14.01,13.775,13.963,1519,0
MXC,D,20210427,000000,14.057,14.057,13.963,13.963,387,0
MXC,D,20210428,000000,13.916,14.244,13.775,14.15,3851,0
MXC,D,20210429,000000,14.197,14.197,13.775,13.916,762,0
MXC,D,20210430,000000,13.869,14.244,13.869,14.244,4151,0
MXC,D,20210504,000000,14.291,14.478,13.588,14.478,7479,0
MXC,D,20210505,000000,14.338,14.525,14.057,14.431,7984,0
MXC,D,20210506,000000,14.431,15.228,14.244,14.994,12321,0
MXC,D,20210507,000000,15.228,15.275,14.666,15.275,9052,0
MXC,D,20210510,000000,15.369,15.415,14.478,14.9,7762,0
MXC,D,20210511,000000,14.525,14.9,14.525,14.9,861,0
MXC,D,20210512,000000,14.806,14.806,14.713,14.759,1294,0
MXC,D,20210513,000000,14.713,14.713,14.338,14.478,4716,0
MXC,D,20210514,000000,14.572,14.572,14.431,14.431,1448,0
MXC,D,20210517,000000,14.478,14.525,14.197,14.197,3968,0
MXC,D,20210518,000000,14.385,14.385,14.197,14.197,1678,0
MXC,D,20210519,000000,14.244,14.291,14.15,14.15,1381,0
MXC,D,20210520,000000,14.15,14.291,14.15,14.291,2128,0
MXC,D,20210521,000000,14.291,14.478,14.291,14.431,3944,0
MXC,D,20210524,000000,14.431,14.713,14.431,14.525,2301,0
MXC,D,20210525,000000,14.385,14.619,14.197,14.197,4502,0
MXC,D,20210526,000000,14.338,14.431,14.338,14.385,236,0
MXC,D,20210527,000000,14.525,14.525,14.291,14.431,3278,0
MXC,D,20210528,000000,14.525,14.525,14.197,14.385,4655,0
MXC,D,20210531,000000,14.385,14.431,13.775,14.244,9867,0
MXC,D,20210601,000000,14.197,14.291,13.963,14.291,5441,0
MXC,D,20210602,000000,14.385,14.478,14.385,14.478,1330,0
MXC,D,20210604,000000,14.478,14.525,14.338,14.478,5760,0
MXC,D,20210607,000000,14.525,14.713,14.478,14.572,7670,0
MXC,D,20210608,000000,14.713,14.713,14.385,14.385,4008,0
MXC,D,20210609,000000,14.385,14.525,14.385,14.431,1395,0
MXC,D,20210610,000000,14.525,14.759,14.385,14.713,31762,0
MXC,D,20210611,000000,14.759,14.806,14.338,14.713,5231,0
MXC,D,20210614,000000,14.525,14.806,14.431,14.713,8103,0
MXC,D,20210615,000000,14.713,14.9,14.385,14.9,10762,0
MXC,D,20210616,000000,14.8,15.2,14.75,14.8,3712,0
MXC,D,20210617,000000,15,15,14.6,14.6,1115,0
MXC,D,20210618,000000,15,15,13.55,14.4,5855,0
MXC,D,20210621,000000,14,14.2,13.6,14,2982,0
MXC,D,20210622,000000,13.9,14,13.9,14,1211,0
MXC,D,20210623,000000,14.35,14.35,13.95,14,340,0
MXC,D,20210624,000000,14.35,14.35,13.95,13.95,2183,0
MXC,D,20210625,000000,13.9,14,13.75,13.95,4269,0
MXC,D,20210628,000000,14,14.35,13.6,13.85,2146,0
MXC,D,20210629,000000,13.9,13.9,13.55,13.75,591,0
MXC,D,20210630,000000,13.75,13.75,13.5,13.65,968,0
MXC,D,20210701,000000,13.75,13.75,13.6,13.7,479,0
MXC,D,20210702,000000,13.65,13.75,13.55,13.6,2913,0
MXC,D,20210705,000000,13.55,13.9,13.3,13.35,4432,0
MXC,D,20210706,000000,13.35,13.4,13.25,13.4,2749,0
MXC,D,20210707,000000,13.6,13.6,13.15,13.3,2431,0
MXC,D,20210708,000000,13.35,13.35,13.15,13.3,1280,0
MXC,D,20210709,000000,13.35,13.35,13.3,13.3,147,0
MXC,D,20210712,000000,13.35,13.35,13.2,13.3,527,0
MXC,D,20210713,000000,13.3,13.35,13.05,13.1,4452,0
MXC,D,20210714,000000,13.1,13.2,13.1,13.15,612,0
MXC,D,20210715,000000,13.15,13.15,12.25,12.75,6057,0
MXC,D,20210716,000000,12.65,13,12.5,12.8,1867,0
MXC,D,20210719,000000,12.8,12.8,12.4,12.55,2697,0
MXC,D,20210720,000000,12.6,12.7,12.35,12.35,4039,0
MXC,D,20210721,000000,12.5,12.5,11.5,12.45,10108,0
MXC,D,20210722,000000,12.1,12.4,12,12.3,4112,0
MXC,D,20210723,000000,12.45,12.45,12.2,12.4,301,0
MXC,D,20210726,000000,12.45,12.45,12.15,12.45,2278,0
MXC,D,20210727,000000,12.5,12.5,12.1,12.35,833,0
MXC,D,20210728,000000,12.35,12.4,12.35,12.35,231,0
MXC,D,20210729,000000,12.4,12.45,12.2,12.2,244,0
MXC,D,20210730,000000,12.25,12.45,12.25,12.3,988,0
MXC,D,20210802,000000,12.4,12.45,12.35,12.45,902,0
MXC,D,20210803,000000,12.35,12.55,12.35,12.55,2036,0
MXC,D,20210804,000000,12.5,13.25,12.5,13,3160,0
MXC,D,20210805,000000,13.25,13.25,13.1,13.1,432,0
MXC,D,20210806,000000,13.25,13.25,12.8,13.15,294,0
MXC,D,20210809,000000,13.15,13.35,13.15,13.35,658,0
MXC,D,20210810,000000,13.45,13.45,13.15,13.3,123,0
MXC,D,20210811,000000,13.4,13.4,13.25,13.25,136,0
MXC,D,20210812,000000,13.25,13.25,12.8,12.8,808,0
MXC,D,20210813,000000,13.15,13.15,12.8,12.8,2167,0
MXC,D,20210816,000000,12.95,12.95,12.8,12.8,2120,0
MXC,D,20210817,000000,12.95,13.1,12.8,12.8,205,0
MXC,D,20210818,000000,12.8,12.95,12.8,12.8,537,0
MXC,D,20210819,000000,12.95,12.95,12.5,12.5,1692,0
MXC,D,20210820,000000,12.8,12.85,12.45,12.8,1569,0
MXC,D,20210823,000000,12.9,12.9,12.9,12.9,1000,0
MXC,D,20210824,000000,12.95,13,12.9,12.9,576,0
MXC,D,20210825,000000,13.15,13.15,12.9,12.95,1049,0
MXC,D,20210826,000000,12.85,13.05,12.6,12.75,2694,0
MXC,D,20210827,000000,12.85,12.85,12.5,12.8,3254,0
MXC,D,20210830,000000,12.85,12.9,12.2,12.45,3865,0
MXC,D,20210831,000000,12.55,12.6,12.3,12.6,941,0
MXC,D,20210901,000000,12.6,12.6,12.35,12.55,112,0
MXC,D,20210902,000000,12.6,12.95,12.55,12.95,1503,0
MXC,D,20210903,000000,12.65,12.7,12.6,12.65,1178,0
MXC,D,20210906,000000,12.8,13,12.65,12.65,1551,0
MXC,D,20210907,000000,12.9,12.9,12.7,12.85,536,0
MXC,D,20210908,000000,12.75,13,12.6,12.8,1488,0
MXC,D,20210909,000000,12.8,12.85,12.65,12.85,727,0
MXC,D,20210910,000000,12.85,12.85,12.65,12.8,340,0
MXC,D,20210913,000000,12.8,12.8,12.65,12.8,261,0
MXC,D,20210914,000000,12.85,12.85,12.7,12.85,842,0
MXC,D,20210915,000000,12.85,13.15,12.8,12.8,1984,0
MXC,D,20210916,000000,12.8,12.8,12.65,12.8,2649,0
MXC,D,20210917,000000,12.8,12.8,12.75,12.8,641,0
MXC,D,20210920,000000,12.8,12.8,12.25,12.5,3895,0
MXC,D,20210921,000000,12.5,12.5,12.2,12.2,860,0
MXC,D,20210922,000000,12.4,12.4,12.25,12.4,1463,0
MXC,D,20210923,000000,12.5,12.5,12.35,12.45,1520,0
MXC,D,20210924,000000,12.5,12.5,12.4,12.4,153,0
MXC,D,20210927,000000,12.4,12.5,12.4,12.4,1059,0
MXC,D,20210928,000000,12.5,12.5,12.35,12.45,1310,0
MXC,D,20210929,000000,12.45,12.45,12.15,12.35,2354,0
MXC,D,20210930,000000,12.35,12.35,12.1,12.35,736,0
MXC,D,20211001,000000,12.4,12.4,12.3,12.35,543,0
MXC,D,20211004,000000,12.4,12.45,12.3,12.3,364,0
MXC,D,20211005,000000,12.15,12.45,12.15,12.2,1058,0
MXC,D,20211006,000000,12.2,12.4,12.15,12.4,1809,0
MXC,D,20211007,000000,12.45,12.5,12.4,12.4,361,0
MXC,D,20211008,000000,12.5,12.5,12.3,12.4,251,0
MXC,D,20211011,000000,12.45,12.6,12.25,12.4,1090,0
MXC,D,20211012,000000,12.45,12.45,12.4,12.4,120,0
MXC,D,20211013,000000,12.4,12.5,12.4,12.4,717,0
MXC,D,20211014,000000,12.4,12.5,12.4,12.5,175,0
MXC,D,20211015,000000,12.5,12.5,12.45,12.5,356,0
MXC,D,20211018,000000,12.5,12.5,12.15,12.15,3595,0
MXC,D,20211019,000000,12.35,12.4,12.15,12.4,134,0
MXC,D,20211020,000000,12.4,12.4,12.15,12.35,827,0
MXC,D,20211021,000000,12.4,12.4,12.25,12.25,456,0
MXC,D,20211022,000000,12.35,12.35,12.2,12.25,1322,0
MXC,D,20211025,000000,12.2,12.4,12.2,12.3,711,0
MXC,D,20211026,000000,12.4,12.4,12.2,12.25,241,0
MXC,D,20211027,000000,12.45,12.45,12.15,12.25,916,0
MXC,D,20211028,000000,12.35,12.35,12.2,12.25,295,0
MXC,D,20211029,000000,12.35,12.35,11.9,12,8160,0
MXC,D,20211102,000000,11.95,12.15,11.7,11.95,9135,0
MXC,D,20211103,000000,11.95,11.95,11.5,11.8,8343,0
MXC,D,20211104,000000,11.55,11.7,11,11.5,5958,0
MXC,D,20211105,000000,11.5,11.5,11.4,11.5,2419,0
MXC,D,20211108,000000,11.5,12.2,11.5,11.95,6408,0
MXC,D,20211109,000000,12,12,11.7,11.7,2480,0
MXC,D,20211110,000000,11.7,11.7,11.4,11.6,2465,0
MXC,D,20211112,000000,11.7,11.7,11.7,11.7,845,0
MXC,D,20211115,000000,11.65,11.7,11.3,11.45,5271,0
MXC,D,20211116,000000,11.35,11.6,11.25,11.5,2005,0
MXC,D,20211117,000000,11.4,11.6,11.3,11.6,741,0
MXC,D,20211118,000000,11.6,11.75,11.3,11.3,2516,0
MXC,D,20211119,000000,11.3,11.3,11.1,11.2,3070,0
MXC,D,20211122,000000,11.15,11.3,11.1,11.15,1237,0
MXC,D,20211123,000000,11.4,11.4,11.1,11.4,1675,0
MXC,D,20211124,000000,11.35,11.35,11.25,11.25,502,0
MXC,D,20211125,000000,11.35,11.4,11.2,11.35,950,0
MXC,D,20211126,000000,11.4,11.4,11.1,11.1,1509,0
MXC,D,20211129,000000,11.3,11.3,11.1,11.25,3012,0
MXC,D,20211130,000000,11.25,11.3,11,11.2,1994,0
MXC,D,20211201,000000,11.3,11.3,11.2,11.2,162,0
MXC,D,20211202,000000,11.25,11.3,11.1,11.1,3101,0
MXC,D,20211203,000000,11.25,11.25,11.25,11.25,28,0
MXC,D,20211206,000000,11.05,11.25,11.05,11.1,3285,0
MXC,D,20211207,000000,11.1,11.25,11.1,11.25,1558,0
MXC,D,20211208,000000,11.15,11.25,11.1,11.2,2632,0
MXC,D,20211209,000000,11.2,11.45,11.2,11.25,5800,0
MXC,D,20211210,000000,11.45,12,11.4,11.55,8800,0
MXC,D,20211213,000000,11.9,11.9,11.55,11.8,5603,0
MXC,D,20211214,000000,11.8,11.8,11.55,11.75,230,0
MXC,D,20211215,000000,11.75,11.75,11.5,11.6,1324,0
MXC,D,20211216,000000,11.65,11.65,11.25,11.25,3499,0
MXC,D,20211217,000000,11.25,11.3,11.2,11.2,1892,0
MXC,D,20211220,000000,11.2,11.3,11.1,11.25,2854,0
MXC,D,20211221,000000,11.3,11.3,11.1,11.15,323,0
MXC,D,20211222,000000,11.15,11.15,11.1,11.15,750,0
MXC,D,20211223,000000,11.3,11.3,11.05,11.05,4996,0
MXC,D,20211227,000000,11.05,11.2,10.8,11,24685,0
MXC,D,20211228,000000,10.95,11.2,10.85,11,10367,0
MXC,D,20211229,000000,11.15,11.6,10.9,11.6,3483,0
MXC,D,20211230,000000,11.6,11.7,11.2,11.35,1751,0
MXC,D,20220103,000000,11.55,11.55,11.55,11.55,747,0
MXC,D,20220104,000000,11.6,11.9,11.6,11.6,1175,0
MXC,D,20220105,000000,11.85,11.85,11.7,11.85,390,0
MXC,D,20220107,000000,11.85,12.5,11.5,12.3,3143,0
MXC,D,20220110,000000,12.3,12.5,12.2,12.2,559,0
MXC,D,20220111,000000,12.4,12.4,12,12.4,5139,0
MXC,D,20220112,000000,12.1,12.45,12.1,12.2,905,0
MXC,D,20220113,000000,12.4,12.45,12.05,12.45,3644,0
MXC,D,20220114,000000,12.45,12.45,12.3,12.45,340,0
MXC,D,20220117,000000,12.4,12.4,12.1,12.35,1106,0
MXC,D,20220118,000000,12.35,12.4,12.1,12.4,728,0
MXC,D,20220119,000000,12.4,12.4,12.1,12.4,1092,0
MXC,D,20220120,000000,12.3,12.3,12.15,12.3,215,0
MXC,D,20220121,000000,12.3,12.3,12,12.05,2948,0
MXC,D,20220124,000000,11.8,12.2,11,11.9,3414,0
MXC,D,20220125,000000,11.55,11.6,11.15,11.3,1175,0
MXC,D,20220126,000000,11.3,11.5,11.3,11.3,1886,0
MXC,D,20220127,000000,11.3,11.5,11.3,11.45,1001,0
MXC,D,20220128,000000,11.45,11.5,11.3,11.5,636,0
MXC,D,20220131,000000,11.5,11.55,11.5,11.55,159,0
MXC,D,20220201,000000,11.55,11.7,11.55,11.7,599,0
MXC,D,20220202,000000,11.7,12.35,11.7,11.9,1185,0
MXC,D,20220203,000000,11.9,12,11.75,12,198,0
MXC,D,20220204,000000,12,12,11.95,12,177,0
MXC,D,20220207,000000,12,12.05,11.9,12.05,608,0
MXC,D,20220208,000000,12,12.05,11.95,12.05,523,0
MXC,D,20220209,000000,12.05,12.05,12.05,12.05,170,0
MXC,D,20220210,000000,12,12.2,11.75,11.95,2096,0
MXC,D,20220211,000000,11.95,11.95,11.4,11.85,1041,0
MXC,D,20220214,000000,11.85,11.85,11.05,11.2,4502,0
MXC,D,20220215,000000,11.55,11.55,11.1,11.1,1256,0
MXC,D,20220216,000000,11.3,11.4,11,11.35,499,0
MXC,D,20220217,000000,11.3,11.35,11.15,11.15,465,0
MXC,D,20220218,000000,11.35,11.35,11.1,11.35,413,0
MXC,D,20220221,000000,11.1,11.35,10.9,11.25,704,0
MXC,D,20220222,000000,11.25,11.25,10.8,11.1,732,0
MXC,D,20220223,000000,11.2,11.25,11.1,11.1,255,0
MXC,D,20220224,000000,10.7,11.3,10.1,10.35,5176,0
MXC,D,20220225,000000,10.7,10.7,10.5,10.65,1173,0
MXC,D,20220228,000000,10.75,10.75,10.45,10.7,689,0
MXC,D,20220301,000000,10.75,10.8,10.75,10.8,927,0
MXC,D,20220302,000000,11,11,10.6,10.65,860,0
MXC,D,20220303,000000,10.65,10.95,10.65,10.7,1057,0
MXC,D,20220304,000000,10.8,10.85,10.45,10.45,6682,0
MXC,D,20220307,000000,10.65,10.7,10.5,10.6,1918,0
MXC,D,20220308,000000,10.7,10.7,10.45,10.7,306,0
MXC,D,20220309,000000,10.4,11.05,10.4,11,350,0
MXC,D,20220310,000000,10.95,11,10.95,11,50,0
MXC,D,20220311,000000,11.1,11.1,10.9,10.95,205,0
MXC,D,20220314,000000,11,11.8,10.9,11.8,1707,0
MXC,D,20220315,000000,11.7,11.7,11,11.3,1943,0
MXC,D,20220316,000000,11.3,11.3,11.3,11.3,14,0
MXC,D,20220317,000000,11.3,11.55,11.2,11.5,764,0
MXC,D,20220318,000000,11.5,11.5,11.4,11.5,171,0
MXC,D,20220321,000000,11.5,11.55,11.5,11.55,124,0
MXC,D,20220322,000000,11.55,11.55,11.5,11.5,311,0
MXC,D,20220323,000000,11.55,11.6,11.3,11.6,463,0
MXC,D,20220324,000000,11.35,12,11.35,12,3096,0
MXC,D,20220325,000000,12,12.3,11.8,12.3,1377,0
MXC,D,20220328,000000,12.3,12.3,12,12.25,2890,0
MXC,D,20220329,000000,12.25,12.5,11.75,12.25,530,0
MXC,D,20220330,000000,12.2,12.35,12,12.35,371,0
MXC,D,20220331,000000,12.35,12.35,12.05,12.35,606,0
MXC,D,20220401,000000,12.35,12.5,12.35,12.4,334,0
MXC,D,20220404,000000,12.4,12.4,12.2,12.3,1179,0
MXC,D,20220405,000000,12.3,12.3,12.25,12.25,28,0
MXC,D,20220406,000000,12.35,12.35,12.35,12.35,6,0
MXC,D,20220407,000000,12.4,12.4,11.95,12.1,441,0
MXC,D,20220408,000000,11.95,12.3,11.95,12.2,235,0
MXC,D,20220411,000000,12.2,12.2,11.9,11.9,90,0
MXC,D,20220412,000000,12.2,12.2,11.75,11.95,664,0
MXC,D,20220413,000000,11.95,12.2,11.7,12,118,0
MXC,D,20220414,000000,12,12,12,12,18,0
MXC,D,20220419,000000,12.2,12.2,11.9,11.9,154,0
MXC,D,20220420,000000,12.2,12.2,12.2,12.2,5,0
MXC,D,20220421,000000,11.7,12.1,11.7,12.1,62,0
MXC,D,20220422,000000,12.1,12.1,11.9,12.1,687,0
