<TICKER>,<PER>,<DATE>,<TIME>,<OPEN>,<HIGH>,<LOW>,<CLOSE>,<VOL>,<OPENINT>
OND,D,20210719,000000,30,31,26.605,28.08,265014,0
OND,D,20210720,000000,28.5,29.5,27,27.52,52756,0
OND,D,20210721,000000,28.08,28.08,27,27,30318,0
OND,D,20210722,000000,27.02,27.39,26.61,26.8,11581,0
OND,D,20210723,000000,26.8,27.46,26.75,26.9,13891,0
OND,D,20210726,000000,27.9,27.9,26.99,27.3,13598,0
OND,D,20210727,000000,27.595,27.595,26.91,26.91,1873,0
OND,D,20210728,000000,26.91,26.975,26.2,26.5,24481,0
OND,D,20210729,000000,26.9,27.5,26.52,26.87,55609,0
OND,D,20210730,000000,27,28.385,26.35,28.08,29235,0
OND,D,20210802,000000,28.395,29,27.75,27.75,15610,0
OND,D,20210803,000000,28.2,28.45,27.005,27.69,4798,0
OND,D,20210804,000000,28,28,26.845,27.6,10238,0
OND,D,20210805,000000,27.595,27.595,26.995,27.455,505,0
OND,D,20210806,000000,27.6,27.6,26.8,27.095,3730,0
OND,D,20210809,000000,27.49,27.49,27,27.48,26411,0
OND,D,20210810,000000,27.2,27.62,26.7,26.9,13088,0
OND,D,20210811,000000,27.78,27.78,26.8,27.37,3230,0
OND,D,20210812,000000,27.03,27.445,26.75,26.81,9101,0
OND,D,20210813,000000,27,27,26.75,27,825,0
OND,D,20210816,000000,27,27,26.4,26.79,119317,0
OND,D,20210817,000000,26.99,26.99,26.41,26.7,1178,0
OND,D,20210818,000000,26.51,26.79,26.4,26.79,4546,0
OND,D,20210819,000000,26.99,26.99,26.5,26.5,254,0
OND,D,20210820,000000,26.6,27.15,26.5,27.15,9234,0
OND,D,20210823,000000,27.4,27.4,27.005,27.36,1775,0
OND,D,20210824,000000,27.4,27.49,26.525,27.49,745,0
OND,D,20210825,000000,27.7,27.7,26.625,26.7,1912,0
OND,D,20210826,000000,26.7,26.7,26.425,26.51,12155,0
OND,D,20210827,000000,26.45,27.36,26.45,26.62,6214,0
OND,D,20210830,000000,26.9,27.005,26.6,26.95,2939,0
OND,D,20210831,000000,27,27,26.42,26.5,12067,0
OND,D,20210901,000000,26.6,26.6,26.35,26.47,9573,0
OND,D,20210902,000000,26.89,26.9,26.08,26.31,78684,0
OND,D,20210903,000000,26.45,26.48,26.22,26.265,17082,0
OND,D,20210906,000000,26.4,26.4,25.8,25.99,27052,0
OND,D,20210907,000000,25.95,25.95,24.9,24.94,39870,0
OND,D,20210908,000000,25,25.005,23.9,24,25950,0
OND,D,20210909,000000,23.995,25,23.9,24.795,5134,0
OND,D,20210910,000000,24.995,25,24.6,24.675,3867,0
OND,D,20210913,000000,25,26.09,24.7,25.7,14500,0
OND,D,20210914,000000,25.995,26.38,25.8,25.95,10344,0
OND,D,20210915,000000,26.29,26.29,25.82,26.18,4272,0
OND,D,20210916,000000,26,26.5,25.2,25.81,12688,0
OND,D,20210917,000000,26,26.4,25.2,26.195,5002,0
OND,D,20210920,000000,26.19,26.19,24.4,24.99,13979,0
OND,D,20210921,000000,24.98,25.495,24.47,24.5,6179,0
OND,D,20210922,000000,25.6,26.15,24.5,24.5,23346,0
OND,D,20210923,000000,24.88,25.5,24.64,25.145,2727,0
OND,D,20210924,000000,25.17,25.835,24.95,25,2284,0
OND,D,20210927,000000,25,25.575,24.94,25.4,4076,0
OND,D,20210928,000000,25.02,25.3,24.96,25.26,1051,0
OND,D,20210929,000000,25,25.035,24.6,24.67,9782,0
OND,D,20210930,000000,24.67,24.8,24,24.5,13398,0
OND,D,20211001,000000,24.29,24.85,24.1,24.835,1774,0
OND,D,20211004,000000,24.5,25.1,24.5,25,2470,0
OND,D,20211005,000000,25,25.1,24.515,25.07,2941,0
OND,D,20211006,000000,24.83,25,24,24.48,10400,0
OND,D,20211007,000000,24.5,24.87,24,24.6,11240,0
OND,D,20211008,000000,24.4,24.6,24,24.1,16076,0
OND,D,20211011,000000,24.3,24.49,23.91,24,9175,0
OND,D,20211012,000000,24.235,24.235,23.625,23.8,12068,0
OND,D,20211013,000000,23.8,24.4,23.49,23.5,290326,0
OND,D,20211014,000000,23.875,24.22,23.4,23.5,9826,0
OND,D,20211015,000000,23.5,24.5,23.4,24.4,45031,0
OND,D,20211018,000000,24.5,24.75,24.4,24.7,11653,0
OND,D,20211019,000000,24.67,24.67,23.495,23.8,30518,0
OND,D,20211020,000000,23.65,23.69,22.98,23.21,114909,0
OND,D,20211021,000000,23.22,23.4,22.9,23,20249,0
OND,D,20211022,000000,23,23,22.45,22.455,16766,0
OND,D,20211025,000000,22.715,22.715,21.81,21.81,19219,0
OND,D,20211026,000000,21.81,22.185,21.3,21.495,12339,0
OND,D,20211027,000000,21.495,21.495,20.55,21.24,20738,0
OND,D,20211028,000000,21.1,21.1,20,20.1,44782,0
OND,D,20211029,000000,20.2,21.48,20,20.015,43128,0
OND,D,20211102,000000,20.02,20.96,20.02,20.12,13574,0
OND,D,20211103,000000,20.12,20.68,20.01,20.355,11389,0
OND,D,20211104,000000,20.35,20.95,20.35,20.8,7313,0
OND,D,20211105,000000,21,21.3,20.3,20.41,10977,0
OND,D,20211108,000000,20.59,20.59,18.69,19,156308,0
OND,D,20211109,000000,19,19.136,18.4,18.838,10522,0
OND,D,20211110,000000,18.89,18.896,18.06,18.4,22366,0
OND,D,20211112,000000,18.07,18.602,17.4,17.5,37354,0
OND,D,20211115,000000,17.5,17.85,17.44,17.44,27134,0
OND,D,20211116,000000,17.7,18.15,17.56,17.876,34078,0
OND,D,20211117,000000,17.552,18.8,17.552,18.68,14556,0
OND,D,20211118,000000,18.68,19,18.502,19,6604,0
OND,D,20211119,000000,19.25,19.25,17.998,18.2,12096,0
OND,D,20211122,000000,18.2,18.702,17.51,18,14057,0
OND,D,20211123,000000,17.986,18.302,17.6,17.652,9310,0
OND,D,20211124,000000,17.7,17.9,17.202,17.5,15486,0
OND,D,20211125,000000,17.52,17.84,17.25,17.706,28677,0
OND,D,20211126,000000,17.6,17.694,17.202,17.202,9360,0
OND,D,20211129,000000,17.2,17.2,16.398,16.8,26498,0
OND,D,20211130,000000,16.86,16.86,16.602,16.698,5366,0
OND,D,20211201,000000,16.6,17,16.5,16.52,96725,0
OND,D,20211202,000000,16.58,16.902,16.58,16.766,5428,0
OND,D,20211203,000000,16.7,16.77,16.5,16.77,19162,0
OND,D,20211206,000000,17.2,18.9,17.2,18,87032,0
OND,D,20211207,000000,18.6,18.8,18.31,18.4,9870,0
OND,D,20211208,000000,18.78,20.19,18.35,20,189648,0
OND,D,20211209,000000,20.2,21.35,20,20.55,48281,0
OND,D,20211210,000000,20.65,20.65,18.8,18.93,14600,0
OND,D,20211213,000000,18.96,19,18,18,15137,0
OND,D,20211214,000000,18,19.6,17.23,18.32,83820,0
OND,D,20211215,000000,18.5,19.258,17.6,17.95,25806,0
OND,D,20211216,000000,17.95,18.59,17.802,18.5,14867,0
OND,D,20211217,000000,18.5,19.05,18,18.5,215464,0
OND,D,20211220,000000,18.5,18.89,18.05,18.5,14701,0
OND,D,20211221,000000,18.69,18.79,17.9,18,12677,0
OND,D,20211222,000000,18,18.218,17.55,17.6,11291,0
OND,D,20211223,000000,17.6,17.6,17.05,17.1,20737,0
OND,D,20211227,000000,17,17.102,16.57,16.57,54275,0
OND,D,20211228,000000,16.55,16.56,15.61,15.712,96456,0
OND,D,20211229,000000,15.75,16.86,15.75,16.002,27996,0
OND,D,20211230,000000,16.368,16.65,16.1,16.4,11640,0
OND,D,20220103,000000,16.72,16.72,16.002,16.18,23527,0
OND,D,20220104,000000,16.34,17.78,16.338,17.68,214249,0
OND,D,20220105,000000,18.2,18.39,17.92,18.29,11712,0
OND,D,20220107,000000,17.996,17.996,17.33,17.9,16897,0
OND,D,20220110,000000,17.9,18.18,17.8,17.96,11772,0
OND,D,20220111,000000,17.51,17.9,17.31,17.7,12234,0
OND,D,20220112,000000,17.7,17.74,17.4,17.6,11600,0
OND,D,20220113,000000,17.798,17.798,17.31,17.548,10797,0
OND,D,20220114,000000,17.498,17.5,17.31,17.48,3242,0
OND,D,20220117,000000,17.76,18.5,17.51,17.75,35585,0
OND,D,20220118,000000,17.978,18.778,17.5,18.65,82507,0
OND,D,20220119,000000,18.5,18.59,17.9,18.44,65453,0
OND,D,20220120,000000,18.44,19.4,18.2,19.3,56628,0
OND,D,20220121,000000,19.358,19.388,18.2,19.03,19881,0
OND,D,20220124,000000,18.62,19.5,17.7,17.83,27721,0
OND,D,20220125,000000,17.83,18.278,17.83,18.05,11010,0
OND,D,20220126,000000,18.1,18.6,18,18.392,13559,0
OND,D,20220127,000000,18.3,18.3,18,18,35296,0
OND,D,20220128,000000,18,18.28,17.86,18,22365,0
OND,D,20220131,000000,18.4,18.4,17.9,18.15,23113,0
OND,D,20220201,000000,18.38,18.876,17.87,18.6,24455,0
OND,D,20220202,000000,18.7,18.8,18.2,18.55,30459,0
OND,D,20220203,000000,18.55,18.876,18,18.52,27253,0
OND,D,20220204,000000,18.52,19.26,18.1,18.9,38708,0
OND,D,20220207,000000,19.2,19.27,18.92,19.238,7436,0
OND,D,20220208,000000,19.11,19.27,18.9,19.188,7851,0
OND,D,20220209,000000,19.19,20,18.7,19.996,119682,0
OND,D,20220210,000000,20,20.74,20,20.1,45732,0
OND,D,20220211,000000,20.1,20.49,19.55,20.2,22923,0
OND,D,20220214,000000,19.7,19.88,18.3,19.88,21142,0
OND,D,20220215,000000,19.85,20.3,19.21,20,22195,0
OND,D,20220216,000000,20.2,20.2,19.56,19.95,12055,0
OND,D,20220217,000000,19.1,19.99,18.526,19.426,17893,0
OND,D,20220218,000000,19.2,19.798,18.72,19.65,8932,0
OND,D,20220221,000000,20.5,20.5,18.472,19.2,23479,0
OND,D,20220222,000000,18.5,19.498,17.91,18.912,15312,0
OND,D,20220223,000000,19.2,19.2,18.77,19.192,4899,0
OND,D,20220224,000000,17.49,18.38,16.05,18,46272,0
OND,D,20220225,000000,17.8,18.3,16.76,17.4,34488,0
OND,D,20220228,000000,17.5,18.38,17.2,17.79,9152,0
OND,D,20220301,000000,17.84,18.248,17.7,18.24,9103,0
OND,D,20220302,000000,18,18,17.2,18,13134,0
OND,D,20220303,000000,18,18.5,17.63,18.45,12828,0
OND,D,20220304,000000,18.3,18.3,17.646,17.744,8435,0
OND,D,20220307,000000,17.51,17.98,17.1,17.7,16020,0
OND,D,20220308,000000,17.978,17.986,17.6,17.986,4551,0
OND,D,20220309,000000,17.988,18.6,17.988,18.4,6373,0
OND,D,20220310,000000,18.46,18.48,17.98,17.99,8213,0
OND,D,20220311,000000,18.48,18.5,18.078,18.5,7024,0
OND,D,20220314,000000,18.75,18.9,18.5,18.87,6620,0
OND,D,20220315,000000,18.9,18.9,18.25,18.32,2775,0
OND,D,20220316,000000,18.7,18.7,18.4,18.6,3539,0
OND,D,20220317,000000,18.96,19.25,18.62,19.098,6889,0
OND,D,20220318,000000,19.098,19.6,18.998,19.48,9729,0
OND,D,20220321,000000,19.478,19.5,19.2,19.5,3134,0
OND,D,20220322,000000,19.5,19.5,19.202,19.4,3495,0
OND,D,20220323,000000,19.5,19.5,19.28,19.5,4253,0
OND,D,20220324,000000,19.5,19.7,18.4,18.99,11218,0
OND,D,20220325,000000,19.3,19.398,19.012,19.302,1168,0
OND,D,20220328,000000,19.6,19.6,18.9,19.4,10726,0
OND,D,20220329,000000,19.478,19.478,18.912,18.952,6007,0
OND,D,20220330,000000,19,19.24,18.68,18.95,15920,0
OND,D,20220331,000000,18.95,19.208,18.5,19,15690,0
OND,D,20220401,000000,19.18,19.602,18.9,19.48,55595,0
OND,D,20220404,000000,19.8,19.9,19.1,19.4,10688,0
OND,D,20220405,000000,19.39,19.39,18.99,19.25,11971,0
OND,D,20220406,000000,19.25,19.25,18.64,19.138,7097,0
OND,D,20220407,000000,19.138,19.138,18.5,18.7,60409,0
OND,D,20220408,000000,18.7,18.7,17.7,17.72,146820,0
OND,D,20220411,000000,17.61,17.89,17,17.47,23751,0
OND,D,20220412,000000,17.47,17.5,16.52,17.24,17826,0
OND,D,20220413,000000,17.28,17.28,16.24,16.9,21860,0
OND,D,20220414,000000,16.88,16.88,16,16.3,38236,0
OND,D,20220419,000000,16.5,16.7,15.9,16.44,21430,0
OND,D,20220420,000000,16.3,16.42,16.3,16.38,14385,0
OND,D,20220421,000000,16.34,16.78,16.34,16.34,11465,0
OND,D,20220422,000000,16.6,16.7,16,16.1,8673,0
