<TICKER>,<PER>,<DATE>,<TIME>,<OPEN>,<HIGH>,<LOW>,<CLOSE>,<VOL>,<OPENINT>
PBX,D,20150708,000000,9.0079,9.0079,9.0079,9.0079,600,0
PBX,D,20150709,000000,9.0079,9.0079,8.9645,8.9645,14916,0
PBX,D,20150710,000000,9.2256,9.2793,9.0983,9.0983,5645,0
PBX,D,20150713,000000,9.0983,9.324,9.0983,9.324,15784,0
PBX,D,20150714,000000,9.4588,9.549,9.324,9.504,12098,0
PBX,D,20150715,000000,9.549,9.549,9.549,9.549,23088,0
PBX,D,20150716,000000,9.612,9.711,9.612,9.711,29164,0
PBX,D,20150717,000000,9.747,9.819,9.729,9.729,8049,0
PBX,D,20150720,000000,9.774,9.911,9.774,9.911,3354,0
PBX,D,20150721,000000,9.911,9.911,9.657,9.81,2595,0
PBX,D,20150722,000000,9.549,9.549,9.549,9.549,3107,0
PBX,D,20150723,000000,9.639,9.649,9.639,9.649,166,0
PBX,D,20150724,000000,9.4499,9.4499,9.4499,9.4499,66,0
PBX,D,20150728,000000,9.639,9.639,9.514,9.514,108,0
PBX,D,20150729,000000,9.514,9.729,9.2968,9.639,630,0
PBX,D,20150730,000000,9.639,9.639,9.639,9.639,16677,0
PBX,D,20150731,000000,9.711,9.711,9.2968,9.2968,5578,0
PBX,D,20150803,000000,9.4588,9.4588,9.4588,9.4588,23530,0
PBX,D,20150804,000000,9.639,9.639,9.639,9.639,22257,0
PBX,D,20150805,000000,9.4134,9.4588,9.4134,9.4588,15138,0
PBX,D,20150806,000000,9.4686,9.4686,9.4686,9.4686,10,0
PBX,D,20150807,000000,9.54,9.639,9.54,9.639,2498,0
PBX,D,20150810,000000,9.684,9.684,9.639,9.639,416,0
PBX,D,20150811,000000,9.567,9.567,9.567,9.567,53,0
PBX,D,20150812,000000,9.549,9.549,9.4588,9.4588,7658,0
PBX,D,20150813,000000,9.567,9.684,9.567,9.684,158,0
PBX,D,20150818,000000,9.629,9.629,9.629,9.629,555,0
PBX,D,20150819,000000,9.548,9.83,9.539,9.539,383,0
PBX,D,20150820,000000,9.539,9.576,9.539,9.566,2063,0
PBX,D,20150824,000000,9.0945,9.531,9.0673,9.44,24094,0
PBX,D,20150825,000000,9.44,9.44,9.3928,9.44,20950,0
PBX,D,20150828,000000,9.44,9.531,9.44,9.531,11503,0
PBX,D,20150831,000000,9.576,9.667,9.531,9.667,8584,0
PBX,D,20150901,000000,9.667,9.667,9.531,9.629,4466,0
PBX,D,20150902,000000,9.657,9.657,9.649,9.649,7100,0
PBX,D,20150903,000000,9.621,9.667,9.621,9.667,19865,0
PBX,D,20150904,000000,9.531,9.531,9.531,9.531,8801,0
PBX,D,20150907,000000,9.2579,9.639,9.167,9.585,1796,0
PBX,D,20150908,000000,9.44,9.513,9.2133,9.513,77948,0
PBX,D,20150910,000000,9.44,9.44,9.44,9.44,320,0
PBX,D,20150911,000000,9.44,9.629,9.44,9.604,12988,0
PBX,D,20150914,000000,9.604,9.604,9.3493,9.531,7174,0
PBX,D,20150915,000000,9.585,9.585,9.531,9.566,2035,0
PBX,D,20150916,000000,9.566,9.566,9.4942,9.4942,1407,0
PBX,D,20150917,000000,9.522,9.522,9.4578,9.4578,6737,0
PBX,D,20150918,000000,9.44,9.44,9.44,9.44,763,0
PBX,D,20150921,000000,9.44,9.44,9.3928,9.3928,616,0
PBX,D,20150922,000000,9.3928,9.44,9.3928,9.44,3440,0
PBX,D,20150923,000000,9.44,9.44,9.44,9.44,680,0
PBX,D,20150924,000000,9.503,9.621,9.3839,9.621,45171,0
PBX,D,20150925,000000,9.3928,9.4676,9.3928,9.4676,877,0
PBX,D,20150928,000000,9.531,9.531,9.4844,9.4844,1788,0
PBX,D,20150929,000000,9.531,9.531,9.531,9.531,10,0
PBX,D,20150930,000000,9.522,9.531,9.522,9.531,21,0
PBX,D,20151001,000000,9.522,9.604,9.4489,9.531,32781,0
PBX,D,20151002,000000,9.612,9.612,9.531,9.531,65959,0
PBX,D,20151005,000000,9.531,9.612,9.4942,9.531,3442,0
PBX,D,20151006,000000,9.531,9.793,9.4125,9.758,42922,0
PBX,D,20151007,000000,9.758,9.758,9.667,9.74,3595,0
PBX,D,20151008,000000,9.74,9.758,9.531,9.711,1333,0
PBX,D,20151009,000000,9.758,9.758,9.629,9.758,2466,0
PBX,D,20151012,000000,9.758,9.939,9.748,9.929,2399,0
PBX,D,20151013,000000,9.893,10.393,9.893,10.393,20928,0
PBX,D,20151015,000000,10.248,10.257,10.075,10.257,793,0
PBX,D,20151016,000000,10.075,10.393,9.802,10.374,7945,0
PBX,D,20151019,000000,10.448,10.847,10.448,10.802,31862,0
PBX,D,20151020,000000,10.802,10.802,10.393,10.393,9259,0
PBX,D,20151021,000000,10.393,10.393,10.129,10.347,8227,0
PBX,D,20151022,000000,10.257,10.438,10.257,10.438,28096,0
PBX,D,20151023,000000,10.438,10.546,10.438,10.546,2137,0
PBX,D,20151026,000000,10.075,10.546,10.075,10.546,94,0
PBX,D,20151027,000000,10.529,10.802,10.347,10.755,4310,0
PBX,D,20151028,000000,10.257,10.71,10.257,10.71,5544,0
PBX,D,20151029,000000,10.693,10.71,10.529,10.693,6416,0
PBX,D,20151030,000000,10.693,10.71,10.474,10.71,1865,0
PBX,D,20151102,000000,10.666,10.764,10.666,10.764,7038,0
PBX,D,20151103,000000,10.71,10.71,10.257,10.71,1071,0
PBX,D,20151104,000000,10.693,10.693,10.266,10.693,249,0
PBX,D,20151105,000000,10.666,10.693,10.283,10.693,1131,0
PBX,D,20151106,000000,10.303,10.666,10.293,10.666,1207,0
PBX,D,20151109,000000,10.656,10.656,10.656,10.656,110,0
PBX,D,20151110,000000,10.293,10.656,10.275,10.656,5232,0
PBX,D,20151113,000000,10.438,10.619,10.257,10.619,8827,0
PBX,D,20151116,000000,10.393,10.565,9.3681,10.565,8637,0
PBX,D,20151117,000000,10.393,10.619,10.393,10.619,6558,0
PBX,D,20151118,000000,10.529,10.619,10.529,10.619,4418,0
PBX,D,20151119,000000,10.609,10.702,10.602,10.702,75263,0
PBX,D,20151120,000000,10.693,10.693,10.693,10.693,84,0
PBX,D,20151124,000000,10.266,10.575,10.257,10.575,4133,0
PBX,D,20151125,000000,10.619,10.619,10.619,10.619,1,0
PBX,D,20151126,000000,10.438,10.693,10.257,10.619,3332,0
PBX,D,20151127,000000,10.202,10.347,9.44,10.347,2239,0
PBX,D,20151130,000000,10.575,10.575,10.165,10.575,3762,0
PBX,D,20151201,000000,10.666,10.666,10.257,10.575,983,0
PBX,D,20151203,000000,10.03,10.438,10.03,10.438,133,0
PBX,D,20151204,000000,10.211,10.483,10.165,10.483,7972,0
PBX,D,20151207,000000,10.575,10.575,10.083,10.575,1862,0
PBX,D,20151208,000000,10.619,10.619,10.619,10.619,1,0
PBX,D,20151209,000000,10.438,10.619,9.802,10.619,7060,0
PBX,D,20151210,000000,10.666,10.666,10.175,10.438,4790,0
PBX,D,20151211,000000,10.647,10.647,10.083,10.438,3117,0
PBX,D,20151214,000000,10.465,10.465,10.03,10.303,15843,0
PBX,D,20151215,000000,10.448,10.465,9.721,10.393,50984,0
PBX,D,20151216,000000,10.448,10.529,10.448,10.511,3308,0
PBX,D,20151217,000000,10.511,10.519,10.511,10.519,2,0
PBX,D,20151218,000000,10.083,10.257,9.775,10.257,16615,0
PBX,D,20151221,000000,10.438,10.438,9.984,9.984,6766,0
PBX,D,20151222,000000,10.338,10.338,9.867,9.984,5311,0
PBX,D,20151223,000000,10.275,10.275,9.867,10.202,6242,0
PBX,D,20151228,000000,10.202,10.303,9.984,10.303,14653,0
PBX,D,20151229,000000,10.257,10.257,10.248,10.257,13967,0
PBX,D,20151230,000000,10.347,10.347,9.711,10.165,81143,0
PBX,D,20160104,000000,10.529,10.529,10.03,10.248,1023,0
PBX,D,20160105,000000,9.802,10.202,9.802,10.165,2091,0
PBX,D,20160111,000000,9.83,9.83,8.8952,9.531,13604,0
PBX,D,20160112,000000,9.975,9.975,9.3396,9.3396,1158,0
PBX,D,20160113,000000,9.721,9.721,9.1219,9.3493,13310,0
PBX,D,20160114,000000,9.167,9.167,9.167,9.167,1103,0
PBX,D,20160115,000000,9.2579,9.667,9.0767,9.639,13812,0
PBX,D,20160118,000000,9.585,9.585,9.2579,9.522,2615,0
PBX,D,20160119,000000,9.4844,9.4844,9.0767,9.4844,489,0
PBX,D,20160120,000000,9.4844,9.4844,9.4844,9.4844,227,0
PBX,D,20160121,000000,9.0767,9.3493,9.0767,9.3493,995,0
PBX,D,20160122,000000,9.4844,9.4844,9.0315,9.0315,2463,0
PBX,D,20160125,000000,9.4844,9.4844,9.1219,9.4578,733,0
PBX,D,20160126,000000,9.44,9.44,8.7139,9.1483,4081,0
PBX,D,20160127,000000,8.7139,9.2133,8.7139,9.167,4179,0
PBX,D,20160128,000000,9.167,9.167,8.6227,9.0673,581,0
PBX,D,20160129,000000,8.6227,9.167,8.6227,9.0588,127,0
PBX,D,20160201,000000,8.6227,8.9777,8.178,8.3505,1230,0
PBX,D,20160202,000000,8.3505,8.8952,8.2598,8.886,42547,0
PBX,D,20160203,000000,8.9777,8.9777,8.2598,8.8407,89627,0
PBX,D,20160204,000000,8.178,8.85,8.178,8.8407,272,0
PBX,D,20160205,000000,8.8047,8.85,8.4866,8.85,30112,0
PBX,D,20160208,000000,8.85,8.85,8.305,8.8047,25,0
PBX,D,20160209,000000,8.8047,8.8407,8.6227,8.6682,756,0
PBX,D,20160210,000000,8.6682,8.8047,8.6682,8.8047,4992,0
PBX,D,20160211,000000,8.7139,8.85,8.5319,8.85,3488,0
PBX,D,20160212,000000,8.5319,8.8952,8.5319,8.8952,25506,0
PBX,D,20160215,000000,8.8952,9.3396,8.8952,9.2397,1900,0
PBX,D,20160216,000000,9.0767,9.2397,8.4502,9.0673,1281,0
PBX,D,20160217,000000,8.8952,9.0673,8.8047,8.8952,1285,0
PBX,D,20160218,000000,9.1134,9.167,9.0673,9.0767,16298,0
PBX,D,20160219,000000,9.0767,9.167,9.0767,9.167,34083,0
PBX,D,20160222,000000,9.3308,9.3308,9.0767,9.167,333,0
PBX,D,20160223,000000,9.167,9.167,8.7313,9.167,23,0
PBX,D,20160224,000000,9.167,9.167,8.8583,9.1577,3712,0
PBX,D,20160225,000000,8.8231,9.0673,8.7769,9.0673,728,0
PBX,D,20160226,000000,8.9862,9.1577,8.9862,9.1577,344,0
PBX,D,20160229,000000,9.167,9.167,8.7862,8.9862,13547,0
PBX,D,20160301,000000,9.2133,9.2579,9.0767,9.2491,5304,0
PBX,D,20160302,000000,9.2491,9.3493,8.7587,9.3396,3254,0
PBX,D,20160303,000000,9.3036,9.3036,9.0767,9.2579,988,0
PBX,D,20160304,000000,9.2579,9.2579,8.9405,9.167,2022,0
PBX,D,20160307,000000,9.3036,9.3036,9.0767,9.2763,1717,0
PBX,D,20160308,000000,9.2666,9.2763,9.1134,9.2763,462,0
PBX,D,20160309,000000,9.1219,9.2763,9.1134,9.2579,1454,0
PBX,D,20160310,000000,9.2763,9.621,9.1765,9.621,8319,0
PBX,D,20160311,000000,9.639,9.921,9.639,9.913,2665,0
PBX,D,20160314,000000,9.903,9.975,9.802,9.802,2470,0
PBX,D,20160315,000000,9.802,10.083,9.667,10.083,5693,0
PBX,D,20160316,000000,10.075,10.248,9.994,10.039,22853,0
PBX,D,20160317,000000,10.12,10.347,10.12,10.347,30693,0
PBX,D,20160318,000000,10.075,10.347,10.075,10.303,66712,0
PBX,D,20160321,000000,10.303,10.347,10.303,10.347,274,0
PBX,D,20160322,000000,10.347,10.347,9.3581,10.211,20107,0
PBX,D,20160323,000000,10.347,10.347,10.211,10.211,1797,0
PBX,D,20160324,000000,10.165,10.257,10.165,10.257,6061,0
PBX,D,20160329,000000,10.257,10.393,9.994,10.393,4620,0
PBX,D,20160330,000000,10.393,10.609,10.384,10.609,23701,0
PBX,D,20160331,000000,10.619,10.693,10.338,10.609,39979,0
PBX,D,20160401,000000,10.529,10.91,10.529,10.91,17821,0
PBX,D,20160404,000000,10.892,10.91,10.892,10.892,1047,0
PBX,D,20160405,000000,10.71,10.71,10.71,10.71,56,0
PBX,D,20160406,000000,10.165,10.438,10.165,10.438,165,0
PBX,D,20160407,000000,10.438,10.71,10.438,10.546,11857,0
PBX,D,20160408,000000,10.619,10.619,10.556,10.556,1191,0
PBX,D,20160411,000000,10.556,10.556,10.438,10.438,1162,0
PBX,D,20160412,000000,10.438,11.164,10.347,10.892,11676,0
PBX,D,20160414,000000,10.802,11.074,10.802,11.074,1295,0
PBX,D,20160415,000000,11.074,11.074,10.892,10.892,509,0
PBX,D,20160418,000000,11.047,11.437,10.882,10.892,4708,0
PBX,D,20160419,000000,10.892,11.065,10.71,10.71,3113,0
PBX,D,20160420,000000,10.702,10.755,10.702,10.755,1244,0
PBX,D,20160421,000000,10.847,10.892,10.847,10.892,5300,0
PBX,D,20160422,000000,11.065,11.074,10.892,11.074,6198,0
PBX,D,20160425,000000,11.118,11.118,11.11,11.11,32,0
PBX,D,20160426,000000,11.1,11.164,11.1,11.164,4130,0
PBX,D,20160427,000000,10.839,11.518,10.839,11.164,9247,0
PBX,D,20160429,000000,11.164,11.164,11.164,11.164,5352,0
PBX,D,20160502,000000,11.164,11.164,11.164,11.164,1167,0
PBX,D,20160504,000000,11.437,11.437,11.027,11.065,2745,0
PBX,D,20160505,000000,10.075,10.075,10.075,10.075,21,0
PBX,D,20160506,000000,10.093,11.065,10.093,10.529,842,0
PBX,D,20160509,000000,10.774,10.774,10.774,10.774,1236,0
PBX,D,20160511,000000,10.165,10.619,10.165,10.619,457,0
PBX,D,20160512,000000,10.438,10.438,10.03,10.175,2642,0
PBX,D,20160513,000000,9.711,10.438,9.711,10.438,837,0
PBX,D,20160517,000000,10.438,10.666,10.438,10.438,26004,0
PBX,D,20160518,000000,10.666,10.666,10.374,10.666,10978,0
PBX,D,20160519,000000,10.71,10.71,10.529,10.529,7271,0
PBX,D,20160520,000000,10.802,11.11,10.347,10.802,9257,0
PBX,D,20160523,000000,10.802,11.1,10.619,11.055,3605,0
PBX,D,20160524,000000,10.619,11.118,10.619,11.118,6633,0
PBX,D,20160525,000000,10.892,10.983,10.892,10.983,2312,0
PBX,D,20160527,000000,10.619,10.619,10.619,10.619,1,0
PBX,D,20160530,000000,11.074,11.074,11.074,11.074,220,0
PBX,D,20160531,000000,11.027,11.32,10.983,11.32,12430,0
PBX,D,20160601,000000,10.892,11.074,10.71,11.074,11050,0
PBX,D,20160602,000000,10.802,10.983,10.529,10.983,5785,0
PBX,D,20160603,000000,11.074,11.074,11.074,11.074,2888,0
PBX,D,20160607,000000,10.892,11.164,10.719,10.719,10434,0
PBX,D,20160608,000000,10.719,10.719,10.719,10.719,222,0
PBX,D,20160609,000000,10.693,10.693,10.529,10.529,5064,0
PBX,D,20160614,000000,10.438,10.656,10.165,10.656,2312,0
PBX,D,20160615,000000,11.118,11.118,11.118,11.118,16555,0
PBX,D,20160616,000000,10.892,10.929,10.465,10.892,8703,0
PBX,D,20160617,000000,10.892,10.892,10.892,10.892,1817,0
PBX,D,20160621,000000,10.546,10.855,10.356,10.529,15583,0
PBX,D,20160622,000000,10.465,10.71,10.465,10.71,2975,0
PBX,D,20160623,000000,10.465,10.666,10.429,10.666,30052,0
PBX,D,20160624,000000,9.984,10.964,9.984,10.71,17048,0
PBX,D,20160627,000000,10.465,10.492,9.984,10.492,14221,0
PBX,D,20160628,000000,10.184,10.184,10.075,10.165,18741,0
PBX,D,20160629,000000,10.511,10.964,10.02,10.71,14916,0
PBX,D,20160630,000000,10.802,10.892,10.802,10.892,4474,0
PBX,D,20160701,000000,10.619,11.074,10.619,11.074,1104,0
PBX,D,20160704,000000,10.637,11.164,10.637,11.164,1061,0
PBX,D,20160706,000000,10.719,11.118,10.719,11.118,243,0
PBX,D,20160707,000000,10.719,11.209,10.719,11.209,4577,0
PBX,D,20160708,000000,11.254,11.254,11.254,11.254,1,0
PBX,D,20160712,000000,11.254,11.345,11.254,11.345,2412,0
PBX,D,20160713,000000,10.892,11.437,10.892,11.437,11578,0
PBX,D,20160718,000000,11.083,11.528,11.083,11.528,1597,0
PBX,D,20160721,000000,11.091,11.8,11.091,11.8,6068,0
PBX,D,20160722,000000,11.8,11.8,11.8,11.8,273,0
PBX,D,20160725,000000,11.71,11.98,11.71,11.8,5395,0
PBX,D,20160726,000000,11.889,12,11.8,12,6698,0
PBX,D,20160727,000000,11.509,11.98,11.509,11.98,3753,0
PBX,D,20160729,000000,11.8,11.8,11.8,11.8,898,0
PBX,D,20160801,000000,11.71,11.71,11.71,11.71,14,0
PBX,D,20160808,000000,11.5,11.71,11.437,11.71,20786,0
PBX,D,20160809,000000,11.8,11.8,11.672,11.8,5509,0
PBX,D,20160810,000000,11.98,11.98,11.98,11.98,7051,0
PBX,D,20160812,000000,12.064,12.795,12.018,12.064,5277,0
PBX,D,20160816,000000,12.064,12.064,12.064,12.064,19,0
PBX,D,20160818,000000,12.064,12.064,12.064,12.064,369,0
PBX,D,20160822,000000,11.616,11.88,11.616,11.88,2691,0
PBX,D,20160825,000000,11.88,11.88,11.88,11.88,21,0
PBX,D,20160829,000000,11.889,11.889,11.88,11.88,1640,0
PBX,D,20160830,000000,11.698,11.742,11.698,11.698,43010,0
PBX,D,20160831,000000,11.698,11.698,11.698,11.698,161699,0
PBX,D,20160906,000000,11.698,11.698,11.515,11.56,80067,0
PBX,D,20160907,000000,11.56,11.88,11.56,11.88,47555,0
PBX,D,20160909,000000,11.889,11.889,11.88,11.88,6237,0
PBX,D,20160912,000000,11.423,11.79,11.058,11.79,8540,0
PBX,D,20160915,000000,11.972,11.972,11.972,11.972,766,0
PBX,D,20160919,000000,11.972,11.972,11.972,11.972,164,0
PBX,D,20160921,000000,11.972,11.972,11.972,11.972,1154,0
PBX,D,20160923,000000,11.698,11.88,11.698,11.88,384,0
PBX,D,20160927,000000,11.88,11.88,11.88,11.88,950,0
PBX,D,20160928,000000,11.972,12.064,11.972,12.064,558,0
PBX,D,20161003,000000,11.88,11.88,11.88,11.88,1039,0
PBX,D,20161005,000000,11.88,11.88,11.806,11.88,2737,0
PBX,D,20161006,000000,11.799,11.799,11.471,11.471,920,0
PBX,D,20161012,000000,11.423,11.423,11.423,11.423,17,0
PBX,D,20161013,000000,11.423,11.423,11.423,11.423,1,0
PBX,D,20161017,000000,11.79,11.79,11.79,11.79,2737,0
PBX,D,20161020,000000,11.79,11.79,11.79,11.79,109,0
PBX,D,20161021,000000,11.79,11.79,11.79,11.79,5470,0
PBX,D,20161024,000000,11.79,11.79,11.058,11.606,2302,0
PBX,D,20161025,000000,11.496,11.597,11.058,11.323,2280,0
PBX,D,20161026,000000,11.323,11.323,10.966,11.141,11726,0
PBX,D,20161027,000000,11.423,11.423,10.966,11.423,5470,0
PBX,D,20161028,000000,11.413,11.79,11.413,11.79,21883,0
PBX,D,20161031,000000,11.79,11.79,11.752,11.762,13349,0
PBX,D,20161102,000000,11.496,11.771,11.496,11.771,6622,0
PBX,D,20161103,000000,11.79,11.79,11.79,11.79,1,0
PBX,D,20161107,000000,11.79,11.79,11.79,11.79,109,0
PBX,D,20161108,000000,11.496,11.606,10.756,11.606,1368,0
PBX,D,20161110,000000,11.233,11.233,10.784,11.132,10779,0
PBX,D,20161114,000000,11.132,11.132,11.132,11.132,495,0
PBX,D,20161115,000000,11.058,11.058,10.784,10.966,3619,0
PBX,D,20161116,000000,10.702,10.921,10.518,10.921,742,0
PBX,D,20161117,000000,10.518,10.546,9.504,9.871,168395,0
PBX,D,20161118,000000,10.784,10.784,10.053,10.501,5103,0
PBX,D,20161121,000000,10.51,10.51,10.144,10.501,55615,0
PBX,D,20161122,000000,10.053,10.053,9.696,10.053,3639,0
PBX,D,20161123,000000,10.602,10.602,10.602,10.602,26,0
PBX,D,20161124,000000,10.784,10.784,10.784,10.784,2,0
PBX,D,20161125,000000,10.784,10.784,10.784,10.784,76,0
PBX,D,20161129,000000,10.784,10.784,9.961,10.053,2016,0
PBX,D,20161130,000000,9.843,10.053,9.742,9.742,3141,0
PBX,D,20161201,000000,9.733,9.733,9.733,9.733,3863,0
PBX,D,20161205,000000,9.952,9.952,9.733,9.733,658,0
PBX,D,20161207,000000,10.245,10.245,9.322,9.596,11640,0
PBX,D,20161209,000000,9.596,9.861,9.596,9.596,673,0
PBX,D,20161212,000000,9.596,9.596,9.549,9.549,654,0
PBX,D,20161213,000000,9.549,9.596,9.549,9.549,2468,0
PBX,D,20161214,000000,9.733,9.733,9.549,9.549,18,0
PBX,D,20161215,000000,10.053,10.053,10.053,10.053,4,0
PBX,D,20161216,000000,9.504,9.504,9.504,9.504,62,0
PBX,D,20161219,000000,9.504,9.504,9.504,9.504,342,0
PBX,D,20161221,000000,10.053,10.053,9.1389,9.917,4411,0
PBX,D,20161222,000000,9.917,9.917,9.852,9.852,1640,0
PBX,D,20161227,000000,10.144,10.144,10.144,10.144,3,0
PBX,D,20161228,000000,10.135,10.135,9.596,10.043,32830,0
PBX,D,20161229,000000,10.043,10.043,10.034,10.034,22102,0
PBX,D,20170104,000000,9.596,10.034,9.596,10.034,12526,0
PBX,D,20170105,000000,9.596,9.861,9.596,9.861,1332,0
PBX,D,20170109,000000,9.824,9.824,9.824,9.824,109,0
PBX,D,20170110,000000,9.815,9.815,9.815,9.815,404,0
PBX,D,20170111,000000,9.504,9.897,9.504,9.833,1084,0
PBX,D,20170112,000000,9.4125,9.4125,9.4125,9.4125,1476,0
PBX,D,20170113,000000,9.952,9.952,9.596,9.871,10203,0
PBX,D,20170116,000000,9.1936,9.871,9.1936,9.871,9,0
PBX,D,20170118,000000,9.824,10.034,9.641,10.034,2220,0
PBX,D,20170119,000000,10.034,10.034,10.034,10.034,196,0
PBX,D,20170120,000000,10.034,10.053,10.034,10.053,2284,0
PBX,D,20170123,000000,10.144,10.29,10.144,10.19,683,0
PBX,D,20170124,000000,10.19,10.363,10.19,10.327,1226,0
PBX,D,20170125,000000,10.327,10.436,10.235,10.235,52332,0
PBX,D,20170126,000000,10.079,10.593,9.623,10.053,22653,0
PBX,D,20170127,000000,10.053,10.546,9.961,10.436,31265,0
PBX,D,20170130,000000,10.071,10.555,10.071,10.29,367,0
PBX,D,20170131,000000,10.29,10.491,10.235,10.235,12673,0
PBX,D,20170201,000000,10.28,10.28,10.053,10.273,2082,0
PBX,D,20170202,000000,10.273,10.446,10.053,10.446,318,0
PBX,D,20170203,000000,9.706,10.235,9.706,10.235,702,0
PBX,D,20170207,000000,10.043,10.235,10.043,10.235,766,0
PBX,D,20170208,000000,10.053,10.171,10.053,10.171,494,0
PBX,D,20170209,000000,10.099,10.099,10.099,10.099,5,0
PBX,D,20170210,000000,10.053,10.053,10.053,10.053,10968,0
PBX,D,20170213,000000,10.043,10.043,10.034,10.034,219,0
PBX,D,20170214,000000,10.025,10.034,9.961,10.034,352,0
PBX,D,20170216,000000,10.043,10.043,10.025,10.043,339,0
PBX,D,20170217,000000,10.025,10.025,9.961,9.961,133,0
PBX,D,20170220,000000,9.871,9.871,9.871,9.871,108,0
PBX,D,20170221,000000,10.043,10.043,9.614,9.778,5827,0
PBX,D,20170222,000000,9.778,9.778,8.8278,9.596,22457,0
PBX,D,20170223,000000,9.596,9.596,9.2851,9.4125,39872,0
PBX,D,20170224,000000,9.4125,9.4588,9.4125,9.4125,631,0
PBX,D,20170227,000000,9.952,9.952,9.952,9.952,1,0
PBX,D,20170228,000000,10.053,10.053,10.053,10.053,1185,0
PBX,D,20170301,000000,10.053,10.235,10.053,10.235,1093,0
PBX,D,20170302,000000,10.19,10.19,9.871,9.871,553,0
PBX,D,20170306,000000,9.596,10.053,9.596,10.053,10905,0
PBX,D,20170308,000000,10.053,10.053,10.008,10.008,996,0
PBX,D,20170309,000000,9.961,10.28,9.596,10.28,778,0
PBX,D,20170310,000000,9.687,10.235,9.687,10.235,572,0
PBX,D,20170313,000000,9.596,10.226,9.596,10.226,19,0
PBX,D,20170315,000000,9.614,9.917,9.596,9.67,7207,0
PBX,D,20170316,000000,10.226,10.226,10.226,10.226,1,0
PBX,D,20170320,000000,9.651,9.871,9.651,9.871,75,0
PBX,D,20170321,000000,9.871,9.871,9.3681,9.3681,6226,0
PBX,D,20170322,000000,9.3681,9.3681,9.3681,9.3681,5067,0
PBX,D,20170324,000000,9.952,9.952,9.952,9.952,2,0
PBX,D,20170329,000000,9.778,9.999,9.778,9.999,655,0
PBX,D,20170330,000000,9.1389,9.761,9.1389,9.378,68,0
PBX,D,20170331,000000,9.3681,9.3681,9.0474,9.322,3816,0
PBX,D,20170403,000000,9.77,9.77,9.77,9.77,2,0
PBX,D,20170404,000000,9.961,9.961,8.9749,9.1389,1458,0
PBX,D,20170405,000000,9.733,9.778,9.733,9.778,56,0
PBX,D,20170406,000000,9.952,9.952,9.641,9.77,351,0
PBX,D,20170407,000000,9.751,9.943,9.751,9.888,326,0
PBX,D,20170411,000000,9.888,9.888,9.888,9.888,15,0
PBX,D,20170412,000000,9.952,9.952,9.924,9.952,12,0
PBX,D,20170419,000000,9.943,9.943,9.943,9.943,2,0
PBX,D,20170420,000000,9.0568,9.778,9.0568,9.778,83,0
PBX,D,20170425,000000,9.549,9.733,9.549,9.733,37,0
PBX,D,20170426,000000,9.999,9.999,9.999,9.999,1,0
PBX,D,20170428,000000,10.008,10.008,9.596,9.77,626,0
PBX,D,20170502,000000,10.053,10.181,9.952,9.952,4199,0
PBX,D,20170504,000000,9.687,10.053,9.4125,10.053,4571,0
PBX,D,20170505,000000,10.162,10.162,10.008,10.008,275,0
PBX,D,20170508,000000,9.999,9.999,9.852,9.852,5912,0
PBX,D,20170509,000000,9.1567,9.861,9.1567,9.852,585,0
PBX,D,20170510,000000,9.961,9.961,9.924,9.924,2207,0
PBX,D,20170512,000000,9.871,9.871,9.514,9.861,2267,0
PBX,D,20170515,000000,9.541,9.815,9.541,9.815,376,0
PBX,D,20170518,000000,9.4588,9.504,9.4125,9.4125,1142,0
PBX,D,20170519,000000,9.1567,9.1567,9.1389,9.1389,13372,0
PBX,D,20170522,000000,9.824,9.824,8.9016,9.1389,1709,0
PBX,D,20170523,000000,9.524,9.524,8.9378,9.1389,6247,0
PBX,D,20170524,000000,8.6911,9.524,8.6911,9.524,102,0
PBX,D,20170525,000000,8.956,9.533,8.956,9.533,3398,0
PBX,D,20170526,000000,9.1389,9.1389,9.0474,9.1389,8092,0
PBX,D,20170530,000000,9.596,9.596,9.596,9.596,2,0
PBX,D,20170531,000000,9.1389,9.1389,9.1389,9.1389,18329,0
PBX,D,20170601,000000,9.1473,9.1473,9.1473,9.1473,131,0
PBX,D,20170602,000000,9.67,9.67,9.1389,9.1389,3726,0
PBX,D,20170606,000000,9.0568,9.0568,9.0474,9.0474,3762,0
PBX,D,20170608,000000,9.1389,9.1389,9.0474,9.1389,6609,0
PBX,D,20170609,000000,9.1389,9.67,9.1389,9.67,859,0
PBX,D,20170612,000000,9.1389,9.1389,9.1389,9.1389,2188,0
PBX,D,20170613,000000,9.0474,9.0474,9.0474,9.0474,295,0
PBX,D,20170614,000000,9.0474,9.0474,9.0474,9.0474,219,0
PBX,D,20170616,000000,9.0474,9.0474,9.0474,9.0474,109,0
PBX,D,20170619,000000,9.0474,9.0474,9.0474,9.0474,109,0
PBX,D,20170620,000000,9.1389,9.533,9.1389,9.1389,1206,0
PBX,D,20170621,000000,9.1304,9.1304,9.1304,9.1304,145,0
PBX,D,20170623,000000,9.0474,9.0474,9.0474,9.0474,92,0
PBX,D,20170626,000000,8.9655,8.9655,8.9655,8.9655,313,0
PBX,D,20170628,000000,9.0012,9.0012,8.8648,8.8648,4841,0
PBX,D,20170629,000000,9.0107,9.0474,8.956,8.956,2200,0
PBX,D,20170630,000000,8.8648,8.8648,8.8648,8.8648,1204,0
PBX,D,20170703,000000,8.8648,8.8648,8.8648,8.8648,104,0
PBX,D,20170704,000000,8.8741,8.8741,8.8741,8.8741,553,0
PBX,D,20170705,000000,8.7538,9.1238,8.7538,9.1238,405,0
PBX,D,20170706,000000,8.9665,8.9665,8.957,8.957,2488,0
PBX,D,20170710,000000,9.1511,9.2432,9.1511,9.2432,1104,0
PBX,D,20170711,000000,9.2349,9.2349,8.837,9.0954,265,0
PBX,D,20170712,000000,8.9016,9.1333,8.7816,9.1333,4444,0
PBX,D,20170714,000000,9.0954,9.0954,8.7816,9.0588,4211,0
PBX,D,20170718,000000,9.0588,9.0588,9.0588,9.0588,167,0
PBX,D,20170719,000000,8.7538,8.7538,8.7353,8.7353,11712,0
PBX,D,20170720,000000,8.7353,8.7353,8.7353,8.7353,108,0
PBX,D,20170721,000000,8.9387,8.9387,8.9294,8.9294,1320,0
PBX,D,20170724,000000,8.6799,8.6799,8.6799,8.6799,1081,0
PBX,D,20170725,000000,8.6521,8.6521,8.4951,8.4951,7849,0
PBX,D,20170726,000000,8.5966,8.5966,8.5966,8.5966,973,0
PBX,D,20170728,000000,8.9294,8.9294,8.9294,8.9294,55,0
PBX,D,20170731,000000,8.957,8.957,8.5413,8.5413,1277,0
PBX,D,20170801,000000,8.7816,8.7816,8.458,8.7816,5889,0
PBX,D,20170802,000000,8.7908,8.8278,8.5504,8.8278,54095,0
PBX,D,20170803,000000,8.8185,8.8185,8.8185,8.8185,217,0
PBX,D,20170804,000000,8.4302,8.8185,8.4302,8.8092,1270,0
PBX,D,20170807,000000,8.7816,8.7816,8.7816,8.7816,3349,0
PBX,D,20170809,000000,8.8,8.8,8.4302,8.4302,2993,0
PBX,D,20170810,000000,8.7816,8.7908,8.7816,8.7908,2689,0
PBX,D,20170814,000000,8.5504,8.5504,8.4302,8.4302,2305,0
PBX,D,20170816,000000,8.4302,8.4302,8.2269,8.3194,6914,0
PBX,D,20170817,000000,8.2731,8.2731,8.2731,8.2731,9322,0
PBX,D,20170818,000000,8.7353,8.7353,7.9035,8.3101,3915,0
PBX,D,20170821,000000,8.6429,8.6429,8.042,8.6429,14,0
PBX,D,20170823,000000,8.6429,8.6429,8.6429,8.6429,174,0
PBX,D,20170828,000000,8.5042,8.6891,8.5042,8.6891,113,0
PBX,D,20170831,000000,8.6891,8.7353,8.6891,8.7353,60,0
PBX,D,20170908,000000,8.6706,8.6706,8.6706,8.6706,2,0
PBX,D,20170914,000000,8.6429,8.6706,8.6429,8.6706,292,0
PBX,D,20170915,000000,8.421,8.421,8.4118,8.4118,962,0
PBX,D,20170918,000000,8.6706,8.6706,8.6706,8.6706,173,0
PBX,D,20170920,000000,8.6337,8.6429,8.6337,8.6429,368,0
PBX,D,20170922,000000,8.6429,8.6429,8.1437,8.6429,325,0
PBX,D,20170926,000000,8.6429,8.6429,8.6244,8.6244,2,0
PBX,D,20171002,000000,8.1437,8.6706,8.1437,8.6706,144,0
PBX,D,20171003,000000,8.1437,8.1437,8.1437,8.1437,742,0
PBX,D,20171004,000000,8.3194,8.3194,8.3194,8.3194,2,0
PBX,D,20171009,000000,8.2731,8.4118,8.2731,8.4118,1573,0
PBX,D,20171011,000000,8.4118,8.4118,8.3194,8.3194,247,0
PBX,D,20171016,000000,8.3009,8.3009,8.3009,8.3009,4761,0
PBX,D,20171018,000000,8.1437,8.3194,8.1437,8.3194,1659,0
PBX,D,20171023,000000,8.3655,8.3655,8.3194,8.3194,432,0
PBX,D,20171024,000000,8.3194,8.3194,8.3194,8.3194,1623,0
PBX,D,20171026,000000,8.1437,8.2731,8.1345,8.2269,1917,0
PBX,D,20171027,000000,8.1345,8.3194,7.9496,8.3194,65909,0
PBX,D,20171030,000000,7.857,8.3194,7.857,8.3194,1159,0
PBX,D,20171106,000000,8.4118,8.4118,8.4118,8.4118,32,0
PBX,D,20171107,000000,8.4118,8.5875,8.3194,8.5875,878,0
PBX,D,20171108,000000,8.5966,8.5966,8.5966,8.5966,108,0
PBX,D,20171113,000000,8.5689,8.5966,8.5689,8.5966,68,0
PBX,D,20171116,000000,8.5875,8.5875,8.5875,8.5875,108,0
PBX,D,20171120,000000,8.6337,9.1143,8.3194,8.8741,14991,0
PBX,D,20171121,000000,9.1511,9.1511,8.8924,9.1511,21756,0
PBX,D,20171123,000000,9.2161,9.974,9.2161,9.706,10817,0
PBX,D,20171124,000000,9.567,9.946,9.567,9.946,52897,0
PBX,D,20171127,000000,9.937,9.937,9.605,9.613,120572,0
PBX,D,20171128,000000,9.2987,9.696,8.9202,8.9758,133531,0
PBX,D,20171129,000000,9.696,9.696,9.2432,9.2432,32677,0
PBX,D,20171130,000000,9.2432,9.2432,9.087,9.087,258,0
PBX,D,20171204,000000,9.1605,9.512,9.1605,9.512,1841,0
PBX,D,20171205,000000,9.2432,9.2432,9.2432,9.2432,108,0
PBX,D,20171207,000000,9.1699,9.613,9.0588,9.522,41911,0
PBX,D,20171208,000000,9.1699,9.1699,9.1511,9.1511,2162,0
PBX,D,20171212,000000,8.8278,9.2432,8.8278,9.2432,242,0
PBX,D,20171214,000000,9.2256,9.2432,9.2256,9.2432,543,0
PBX,D,20171218,000000,8.9202,8.9202,8.9202,8.9202,63,0
PBX,D,20171219,000000,8.9202,8.9202,8.9202,8.9202,882,0
PBX,D,20171220,000000,8.8185,8.9665,8.6891,8.9665,1798,0
PBX,D,20171221,000000,8.6891,9.0315,8.6891,9.0315,1037,0
PBX,D,20171222,000000,8.9758,8.9758,8.9758,8.9758,108,0
PBX,D,20171227,000000,8.8278,8.8278,8.8278,8.8278,380,0
PBX,D,20171228,000000,9.0315,9.0315,8.9665,8.9665,400,0
PBX,D,20171229,000000,9.0588,9.2432,8.9665,9.2432,1342,0
PBX,D,20180103,000000,9.2432,9.4292,9.2432,9.3357,40852,0
PBX,D,20180104,000000,9.4292,9.4292,9.4292,9.4292,215384,0
PBX,D,20180105,000000,9.4292,9.4292,9.4292,9.4292,162,0
PBX,D,20180108,000000,9.4292,9.4292,9.4292,9.4292,16032,0
PBX,D,20180109,000000,9.4292,9.522,9.2432,9.522,215775,0
PBX,D,20180110,000000,9.3357,9.522,9.3357,9.522,11308,0
PBX,D,20180112,000000,9.522,9.522,9.522,9.522,22572,0
PBX,D,20180115,000000,9.522,9.522,9.2432,9.2432,23032,0
PBX,D,20180116,000000,9.2432,9.3357,9.2432,9.3357,18556,0
PBX,D,20180117,000000,9.522,9.522,9.522,9.522,8740,0
PBX,D,20180118,000000,9.522,9.522,9.4292,9.522,108192,0
PBX,D,20180119,000000,9.4292,9.522,9.4292,9.522,17413,0
PBX,D,20180122,000000,9.522,9.522,9.4292,9.522,1892,0
PBX,D,20180123,000000,9.2432,9.2432,9.2432,9.2432,26618,0
PBX,D,20180125,000000,9.2432,9.2432,9.0588,9.0588,63035,0
PBX,D,20180129,000000,9.3357,9.522,9.3357,9.3357,67261,0
PBX,D,20180130,000000,9.3357,9.4292,9.1049,9.4292,963,0
PBX,D,20180131,000000,9.4292,9.4292,9.4292,9.4292,44,0
PBX,D,20180201,000000,9.3357,9.3357,9.3357,9.3357,95,0
PBX,D,20180202,000000,9.3357,9.4292,9.2432,9.3357,43524,0
PBX,D,20180206,000000,9.1049,9.1511,9.0588,9.1511,2589,0
PBX,D,20180207,000000,9.1511,9.1511,9.1511,9.1511,1623,0
PBX,D,20180208,000000,9.1511,9.1511,8.9202,9.1511,42300,0
PBX,D,20180209,000000,9.0588,9.0588,9.0588,9.0588,274,0
PBX,D,20180212,000000,9.2432,9.3357,9.2432,9.3357,4,0
PBX,D,20180213,000000,9.3357,9.3357,9.0588,9.2432,21871,0
PBX,D,20180214,000000,9.3357,9.3357,9.3357,9.3357,140,0
PBX,D,20180215,000000,9.4292,9.4292,9.4292,9.4292,135,0
PBX,D,20180216,000000,9.4292,9.4292,9.4292,9.4292,6669,0
PBX,D,20180221,000000,9.4292,9.4292,9.4292,9.4292,1926,0
PBX,D,20180222,000000,9.4292,9.4292,9.4292,9.4292,1081,0
PBX,D,20180223,000000,9.4292,9.4292,9.4292,9.4292,1861,0
PBX,D,20180226,000000,9.4292,9.706,9.4292,9.706,2910,0
PBX,D,20180302,000000,9.3357,9.4292,9.3357,9.4292,95,0
PBX,D,20180305,000000,9.613,9.613,9.1511,9.1511,1921,0
PBX,D,20180306,000000,8.9665,9.4292,8.9665,9.4292,174,0
PBX,D,20180308,000000,9.0588,9.706,9.0588,9.706,7078,0
PBX,D,20180309,000000,9.706,9.706,9.706,9.706,121,0
PBX,D,20180312,000000,9.4292,9.706,9.4292,9.706,543,0
PBX,D,20180314,000000,9.706,9.89,9.706,9.89,3876,0
PBX,D,20180315,000000,9.89,9.983,9.89,9.89,3514,0
PBX,D,20180319,000000,9.89,9.89,9.89,9.89,3540,0
PBX,D,20180320,000000,9.89,10.815,9.89,10.815,2813,0
PBX,D,20180321,000000,10.353,10.539,10.167,10.539,250,0
PBX,D,20180322,000000,10.167,10.723,9.613,10.723,4544,0
PBX,D,20180323,000000,9.799,9.983,9.799,9.983,7069,0
PBX,D,20180326,000000,10.63,10.63,9.4292,9.4292,9402,0
PBX,D,20180327,000000,9.4292,9.4292,9.4292,9.4292,1607,0
PBX,D,20180328,000000,9.613,9.983,9.613,9.983,17549,0
PBX,D,20180329,000000,9.983,9.983,9.983,9.983,1238,0
PBX,D,20180403,000000,9.983,9.983,9.89,9.89,11987,0
PBX,D,20180404,000000,9.983,9.983,9.89,9.983,15470,0
PBX,D,20180406,000000,9.983,9.983,9.522,9.983,13307,0
PBX,D,20180409,000000,9.983,10.075,9.983,10.075,368,0
PBX,D,20180416,000000,9.983,9.983,9.983,9.983,9,0
PBX,D,20180417,000000,9.4292,9.522,9.4292,9.4292,30786,0
PBX,D,20180418,000000,9.613,9.613,9.613,9.613,162,0
PBX,D,20180419,000000,9.799,9.799,9.799,9.799,162,0
PBX,D,20180420,000000,9.799,9.799,9.2432,9.706,2030,0
PBX,D,20180423,000000,9.522,9.799,9.522,9.799,13447,0
PBX,D,20180426,000000,9.613,9.799,9.2432,9.706,1947,0
PBX,D,20180427,000000,9.2432,9.613,9.1511,9.613,2764,0
PBX,D,20180430,000000,9.706,9.983,9.706,9.983,13436,0
PBX,D,20180502,000000,9.4292,9.613,9.3357,9.613,346,0
PBX,D,20180504,000000,9.983,9.983,9.983,9.983,1,0
PBX,D,20180507,000000,9.89,9.89,9.89,9.89,55,0
PBX,D,20180508,000000,9.4292,9.89,9.4292,9.89,1321,0
PBX,D,20180510,000000,9.2432,10.075,9.2432,9.983,8330,0
PBX,D,20180511,000000,9.983,9.983,9.983,9.983,7701,0
PBX,D,20180517,000000,9.983,10.261,9.983,10.167,16274,0
PBX,D,20180518,000000,10.539,10.539,10.261,10.261,346,0
PBX,D,20180521,000000,10.353,10.353,10.075,10.353,837,0
PBX,D,20180522,000000,9.89,10.167,9.89,10.167,22231,0
PBX,D,20180524,000000,9.799,9.89,9.4292,9.522,5409,0
PBX,D,20180525,000000,9.522,9.522,9.522,9.522,335,0
PBX,D,20180528,000000,10.075,10.353,10.075,10.353,99252,0
PBX,D,20180529,000000,10.353,10.353,9.89,9.89,25848,0
PBX,D,20180530,000000,10.167,10.353,10.167,10.353,36876,0
PBX,D,20180601,000000,10.167,10.167,10.167,10.167,69237,0
PBX,D,20180604,000000,10.167,10.353,10.167,10.167,28715,0
PBX,D,20180606,000000,10.353,10.353,10.353,10.353,1623,0
PBX,D,20180607,000000,10.353,10.353,9.89,10.353,331,0
PBX,D,20180611,000000,10.167,10.353,9.89,10.353,173,0
PBX,D,20180612,000000,10.353,10.353,10.353,10.353,578,0
PBX,D,20180613,000000,10.353,10.353,10.353,10.353,434,0
PBX,D,20180614,000000,10.353,10.353,10.353,10.353,513,0
PBX,D,20180615,000000,10.353,10.353,10.353,10.353,2415,0
PBX,D,20180619,000000,10.167,10.167,10.167,10.167,18390,0
PBX,D,20180620,000000,10.446,10.446,10.446,10.446,1,0
PBX,D,20180621,000000,10.539,10.539,10.446,10.446,1352,0
PBX,D,20180622,000000,10.539,10.539,10.167,10.167,3002,0
PBX,D,20180626,000000,9.983,10.075,9.89,9.89,755,0
PBX,D,20180627,000000,9.983,9.983,9.799,9.799,1602,0
PBX,D,20180628,000000,9.799,9.799,9.522,9.799,145,0
PBX,D,20180629,000000,8.9202,9.799,8.9202,9.799,25670,0
PBX,D,20180706,000000,9.4292,9.706,9.4292,9.706,1199,0
PBX,D,20180710,000000,9.706,9.706,9.706,9.706,564,0
PBX,D,20180711,000000,9.706,9.706,9.706,9.706,4449,0
PBX,D,20180713,000000,9.613,9.613,9.613,9.613,217,0
PBX,D,20180716,000000,9.522,9.522,9.522,9.522,55,0
PBX,D,20180717,000000,9.522,9.613,9.522,9.613,543087,0
PBX,D,20180718,000000,9.522,9.799,9.4292,9.799,22354,0
PBX,D,20180719,000000,10.27,10.27,10.27,10.27,1730,0
PBX,D,20180724,000000,9.987,9.987,9.987,9.987,21,0
PBX,D,20180727,000000,9.799,9.987,9.799,9.987,595,0
PBX,D,20180730,000000,9.704,9.987,9.704,9.987,210,0
PBX,D,20180731,000000,9.987,9.987,9.987,9.987,151,0
PBX,D,20180801,000000,9.704,9.987,9.704,9.987,403,0
PBX,D,20180802,000000,9.987,9.987,9.987,9.987,8,0
PBX,D,20180807,000000,9.799,9.799,9.704,9.704,703,0
PBX,D,20180808,000000,9.704,9.704,9.704,9.704,2343,0
PBX,D,20180809,000000,9.704,9.704,9.704,9.704,1062,0
PBX,D,20180810,000000,9.61,9.61,9.516,9.61,17151,0
PBX,D,20180813,000000,9.987,9.987,9.987,9.987,1,0
PBX,D,20180816,000000,9.61,9.61,9.61,9.61,21,0
PBX,D,20180817,000000,9.61,9.61,9.61,9.61,22820,0
PBX,D,20180820,000000,9.987,9.987,9.987,9.987,5,0
PBX,D,20180821,000000,9.704,9.704,9.704,9.704,213,0
PBX,D,20180822,000000,9.704,9.704,9.3269,9.61,25210,0
PBX,D,20180824,000000,9.704,9.704,9.704,9.704,5,0
PBX,D,20180827,000000,9.704,9.704,9.704,9.704,27,0
PBX,D,20180828,000000,9.516,9.516,9.2331,9.2331,20966,0
PBX,D,20180829,000000,9.516,9.61,9.516,9.61,4,0
PBX,D,20180831,000000,9.516,9.516,9.0446,9.0446,26498,0
PBX,D,20180903,000000,8.9975,8.9975,8.9975,8.9975,245,0
PBX,D,20180904,000000,9.0446,9.0446,9.0446,9.0446,1274,0
PBX,D,20180905,000000,9.0446,9.0446,8.9504,8.9504,12270,0
PBX,D,20180906,000000,8.9504,8.9504,8.9504,8.9504,5307,0
PBX,D,20180907,000000,8.9504,8.9504,8.9504,8.9504,21227,0
PBX,D,20180910,000000,9.2802,9.516,9.2331,9.2331,59573,0
PBX,D,20180911,000000,9.2331,9.4213,9.2331,9.2331,13513,0
PBX,D,20180912,000000,9.2331,9.2331,9.186,9.186,1963,0
PBX,D,20180913,000000,9.186,9.186,9.0446,9.0446,33195,0
PBX,D,20180914,000000,9.2331,9.2331,9.2331,9.2331,3184,0
PBX,D,20180917,000000,9.704,9.704,9.0918,9.2331,6369,0
PBX,D,20180918,000000,9.2331,9.4213,9.2331,9.4213,8,0
PBX,D,20180920,000000,9.2331,9.2331,9.2331,9.2331,68319,0
PBX,D,20180921,000000,9.4213,9.4213,9.3269,9.3269,10466,0
PBX,D,20180925,000000,9.61,9.61,9.61,9.61,207,0
PBX,D,20180927,000000,9.4213,9.4213,9.4213,9.4213,2122,0
PBX,D,20180928,000000,9.375,9.375,9.3269,9.3269,796,0
PBX,D,20181001,000000,9.61,9.61,9.2331,9.4213,2420,0
PBX,D,20181002,000000,9.2331,9.2331,9.2331,9.2331,5837,0
PBX,D,20181003,000000,9.2331,9.704,9.2331,9.704,28954,0
PBX,D,20181004,000000,9.704,10.364,9.704,10.175,127382,0
PBX,D,20181005,000000,9.987,10.364,9.987,10.364,2829,0
PBX,D,20181008,000000,10.364,10.364,10.364,10.364,1453,0
PBX,D,20181009,000000,10.364,10.364,10.364,10.364,74,0
PBX,D,20181010,000000,10.458,10.551,10.27,10.551,24097,0
PBX,D,20181011,000000,10.27,10.646,10.27,10.646,34337,0
PBX,D,20181012,000000,10.74,10.93,10.551,10.74,18488,0
PBX,D,20181015,000000,10.93,10.93,10.551,10.93,18514,0
PBX,D,20181016,000000,11.117,11.401,11.117,11.401,2986,0
PBX,D,20181017,000000,11.589,11.589,11.306,11.306,3566,0
PBX,D,20181018,000000,11.306,11.494,11.306,11.494,208,0
PBX,D,20181019,000000,11.211,11.682,11.211,11.306,44573,0
PBX,D,20181022,000000,11.682,11.682,11.211,11.306,14839,0
PBX,D,20181023,000000,11.211,11.306,11.023,11.306,25548,0
PBX,D,20181024,000000,11.306,11.306,11.306,11.306,221,0
PBX,D,20181025,000000,10.835,11.117,10.646,11.117,27532,0
PBX,D,20181026,000000,11.023,11.117,10.458,11.117,1455,0
PBX,D,20181029,000000,11.023,11.117,11.023,11.117,223,0
PBX,D,20181030,000000,10.835,10.835,10.835,10.835,21441,0
PBX,D,20181031,000000,10.551,10.835,10.364,10.835,24768,0
PBX,D,20181102,000000,11.117,11.211,10.835,11.211,8410,0
PBX,D,20181105,000000,11.211,11.211,10.835,10.835,2292,0
PBX,D,20181107,000000,10.835,10.835,10.835,10.835,1698,0
PBX,D,20181108,000000,10.835,10.835,10.835,10.835,5625,0
PBX,D,20181113,000000,10.835,10.835,10.835,10.835,6610,0
PBX,D,20181114,000000,10.551,10.551,10.551,10.551,1190,0
PBX,D,20181116,000000,10.364,10.551,10.364,10.551,5357,0
PBX,D,20181120,000000,10.646,10.646,10.646,10.646,1229,0
PBX,D,20181121,000000,10.551,10.551,10.364,10.364,2228,0
PBX,D,20181122,000000,10.27,10.646,10.27,10.646,2792,0
PBX,D,20181123,000000,10.74,10.74,10.74,10.74,1062,0
PBX,D,20181126,000000,10.835,11.211,10.835,10.93,129614,0
PBX,D,20181127,000000,11.023,11.87,10.835,11.682,78318,0
PBX,D,20181128,000000,11.965,12.248,11.87,11.965,43409,0
PBX,D,20181129,000000,12.154,12.531,11.87,11.87,29535,0
PBX,D,20181130,000000,11.965,12.154,11.777,12.06,7064,0
PBX,D,20181203,000000,12.154,12.625,12.06,12.625,34185,0
PBX,D,20181204,000000,12.813,12.813,12.248,12.625,16889,0
PBX,D,20181205,000000,12.531,12.531,12.248,12.436,1655,0
PBX,D,20181206,000000,12.248,12.341,11.965,12.248,2474,0
PBX,D,20181207,000000,12.154,12.154,11.777,12.154,3237,0
PBX,D,20181210,000000,12.154,12.154,12.06,12.06,322,0
PBX,D,20181211,000000,12.06,12.06,11.777,11.965,3677,0
PBX,D,20181212,000000,11.777,12.341,11.777,12.341,31064,0
PBX,D,20181213,000000,12.531,12.72,12.154,12.154,22530,0
PBX,D,20181214,000000,12.154,12.531,12.154,12.436,1672,0
PBX,D,20181217,000000,12.436,12.436,12.154,12.154,1595,0
PBX,D,20181218,000000,12.154,12.341,12.06,12.341,6214,0
PBX,D,20181220,000000,12.06,12.154,11.682,11.682,9445,0
PBX,D,20181221,000000,11.87,11.87,11.589,11.589,2647,0
PBX,D,20181227,000000,11.682,11.965,11.682,11.965,2218,0
PBX,D,20181228,000000,12.06,12.154,11.777,12.154,9316,0
PBX,D,20190102,000000,12.341,12.531,11.965,12.341,547,0
PBX,D,20190103,000000,12.341,12.341,11.777,12.06,3338,0
PBX,D,20190104,000000,12.06,12.154,12.06,12.06,1642,0
PBX,D,20190107,000000,12.06,12.436,12.06,12.341,2325,0
PBX,D,20190108,000000,11.965,11.965,11.494,11.682,12398,0
PBX,D,20190109,000000,11.589,11.87,11.306,11.494,3484,0
PBX,D,20190110,000000,12.06,12.06,11.494,11.494,1227,0
PBX,D,20190111,000000,11.682,11.87,11.494,11.777,14199,0
PBX,D,20190114,000000,11.777,11.777,11.589,11.589,1008,0
PBX,D,20190115,000000,11.777,11.87,11.494,11.777,6040,0
PBX,D,20190116,000000,11.682,11.777,11.682,11.777,1934,0
PBX,D,20190117,000000,11.777,11.87,11.682,11.87,5971,0
PBX,D,20190118,000000,11.87,11.87,11.494,11.494,3470,0
PBX,D,20190121,000000,11.494,11.494,10.835,10.835,13029,0
PBX,D,20190122,000000,10.93,11.023,10.551,10.835,8942,0
PBX,D,20190123,000000,10.835,11.023,10.364,10.551,14215,0
PBX,D,20190124,000000,10.93,10.93,10.74,10.835,289,0
PBX,D,20190125,000000,10.646,11.023,10.551,11.023,2065,0
PBX,D,20190128,000000,11.023,11.117,10.646,11.117,2055,0
PBX,D,20190129,000000,11.023,11.117,10.835,11.117,1391,0
PBX,D,20190130,000000,11.023,11.023,10.74,10.93,2171,0
PBX,D,20190131,000000,11.117,11.117,10.74,11.117,134,0
PBX,D,20190201,000000,11.117,11.306,10.93,11.211,4892,0
PBX,D,20190204,000000,11.117,11.117,10.835,11.117,278,0
PBX,D,20190205,000000,11.117,11.211,10.835,11.211,7365,0
PBX,D,20190206,000000,10.835,11.023,10.835,11.023,1223,0
PBX,D,20190207,000000,11.023,11.023,10.835,10.835,3002,0
PBX,D,20190208,000000,10.74,11.023,10.74,11.023,102,0
PBX,D,20190211,000000,11.023,11.023,10.08,10.74,8252,0
PBX,D,20190212,000000,10.93,10.93,10.93,10.93,2,0
PBX,D,20190213,000000,10.93,10.93,10.646,10.93,1320,0
PBX,D,20190214,000000,10.93,10.93,10.93,10.93,455,0
PBX,D,20190215,000000,10.93,11.023,10.646,10.646,1373,0
PBX,D,20190218,000000,10.835,10.835,10.835,10.835,1358,0
PBX,D,20190219,000000,10.93,11.117,10.93,11.117,2006,0
PBX,D,20190220,000000,10.93,11.117,10.93,11.117,1622,0
PBX,D,20190221,000000,11.023,11.023,11.023,11.023,503,0
PBX,D,20190222,000000,11.023,11.023,10.835,10.835,4264,0
PBX,D,20190225,000000,10.835,10.835,10.74,10.74,1433,0
PBX,D,20190226,000000,11.023,11.117,11.023,11.117,1312,0
PBX,D,20190227,000000,11.117,11.494,11.117,11.494,6713,0
PBX,D,20190228,000000,11.401,11.589,11.211,11.589,31560,0
PBX,D,20190301,000000,11.589,11.777,11.589,11.777,3886,0
PBX,D,20190304,000000,11.777,11.87,11.777,11.87,2515,0
PBX,D,20190305,000000,11.589,11.87,11.589,11.682,31625,0
PBX,D,20190306,000000,11.589,11.589,11.589,11.589,2247,0
PBX,D,20190307,000000,11.589,11.589,11.494,11.494,13236,0
PBX,D,20190308,000000,11.401,11.401,11.117,11.401,23813,0
PBX,D,20190311,000000,11.494,11.494,11.117,11.401,4044,0
PBX,D,20190312,000000,11.306,11.494,11.211,11.306,17295,0
PBX,D,20190313,000000,11.306,11.306,11.306,11.306,133,0
PBX,D,20190315,000000,11.306,11.306,11.306,11.306,106,0
PBX,D,20190318,000000,11.306,11.306,11.306,11.306,48,0
PBX,D,20190319,000000,11.117,11.306,11.023,11.023,56917,0
PBX,D,20190321,000000,11.023,11.023,10.835,11.023,24019,0
PBX,D,20190322,000000,11.023,11.023,10.74,10.74,2260,0
PBX,D,20190325,000000,10.74,10.835,10.646,10.646,55183,0
PBX,D,20190326,000000,10.646,10.74,10.364,10.364,6337,0
PBX,D,20190327,000000,10.646,10.646,10.364,10.364,4065,0
PBX,D,20190328,000000,10.27,10.835,10.27,10.835,2907,0
PBX,D,20190329,000000,10.551,11.117,10.551,11.117,234805,0
PBX,D,20190401,000000,11.117,11.117,11.023,11.023,164,0
PBX,D,20190402,000000,11.023,11.023,10.364,10.93,362686,0
PBX,D,20190403,000000,11.023,11.023,10.364,10.835,2052,0
PBX,D,20190404,000000,10.835,10.835,10.835,10.835,318,0
PBX,D,20190405,000000,10.835,10.835,10.835,10.835,26747,0
PBX,D,20190408,000000,10.93,11.211,10.835,10.93,8173,0
PBX,D,20190409,000000,10.93,10.93,10.93,10.93,478,0
PBX,D,20190410,000000,10.74,10.74,10.74,10.74,3264,0
PBX,D,20190411,000000,11.117,11.117,10.74,10.74,16000,0
PBX,D,20190412,000000,10.74,10.74,10.551,10.646,1742,0
PBX,D,20190415,000000,10.458,10.551,10.458,10.551,644,0
PBX,D,20190416,000000,10.551,10.646,10.27,10.646,3819,0
PBX,D,20190417,000000,10.646,10.646,10.364,10.551,1327,0
PBX,D,20190418,000000,10.551,10.74,9.4213,9.4213,53780,0
PBX,D,20190423,000000,9.704,9.799,9.516,9.61,3117,0
PBX,D,20190424,000000,9.516,9.61,9.3269,9.375,26833,0
PBX,D,20190425,000000,9.4213,9.4213,9.3269,9.4213,6634,0
PBX,D,20190426,000000,9.4213,9.4213,9.375,9.4213,17286,0
PBX,D,20190429,000000,9.704,9.799,9.4213,9.4213,16151,0
PBX,D,20190430,000000,9.4213,9.4213,9.375,9.4213,1408,0
PBX,D,20190502,000000,9.4213,9.704,9.4213,9.4213,1169,0
PBX,D,20190506,000000,9.4213,9.61,9.375,9.375,3283,0
PBX,D,20190507,000000,9.3269,9.3269,9.3269,9.3269,2387,0
PBX,D,20190508,000000,9.3269,9.3269,9.1389,9.3269,4099,0
PBX,D,20190509,000000,9.2802,9.375,9.2802,9.3269,3597,0
PBX,D,20190510,000000,9.375,9.375,9.1389,9.375,3282,0
PBX,D,20190513,000000,9.1389,9.1389,9.1389,9.1389,10402,0
PBX,D,20190514,000000,9.186,9.186,9.0918,9.0918,3212,0
PBX,D,20190515,000000,9.0446,9.0446,8.7619,8.9033,5005,0
PBX,D,20190516,000000,8.8562,8.8562,8.7148,8.7148,3382,0
PBX,D,20190517,000000,8.809,8.809,8.7619,8.809,3705,0
PBX,D,20190520,000000,8.8562,8.9975,8.8562,8.9504,5254,0
PBX,D,20190521,000000,8.8562,8.8562,8.7619,8.7619,7364,0
PBX,D,20190522,000000,8.7619,8.7619,8.7148,8.7619,23776,0
PBX,D,20190523,000000,8.7619,8.7619,8.7619,8.7619,4988,0
PBX,D,20190524,000000,8.7619,8.8562,8.7148,8.7619,24380,0
PBX,D,20190527,000000,9.1389,9.1389,8.7619,8.7619,874,0
PBX,D,20190528,000000,8.7148,8.809,8.7148,8.809,1110,0
PBX,D,20190529,000000,8.7148,8.8562,8.6678,8.8562,2569,0
PBX,D,20190530,000000,8.8562,8.8562,8.7619,8.7619,7593,0
PBX,D,20190531,000000,8.8562,8.8562,8.7619,8.7619,3885,0
PBX,D,20190603,000000,8.8562,8.8562,8.7619,8.7619,1884,0
PBX,D,20190605,000000,8.8562,9.2331,8.8562,9.2331,4877,0
PBX,D,20190606,000000,9.375,9.61,9.375,9.61,2586,0
PBX,D,20190607,000000,9.516,9.704,9.516,9.704,319,0
PBX,D,20190610,000000,9.516,9.516,9.516,9.516,531,0
PBX,D,20190611,000000,9.4213,9.4213,9.2331,9.375,861,0
PBX,D,20190612,000000,9.1389,9.3269,9.0918,9.3269,1739,0
PBX,D,20190613,000000,9.375,9.516,9.375,9.516,5723,0
PBX,D,20190614,000000,9.516,9.516,9.516,9.516,1091,0
PBX,D,20190617,000000,9.516,9.516,9.516,9.516,1529,0
PBX,D,20190618,000000,9.4213,9.4213,9.4213,9.4213,283,0
PBX,D,20190619,000000,9.4213,9.61,9.4213,9.61,1059,0
PBX,D,20190621,000000,9.4213,9.4213,9.4213,9.4213,265,0
PBX,D,20190624,000000,9.4213,9.4213,9.4213,9.4213,424,0
PBX,D,20190625,000000,9.2802,9.375,9.2802,9.375,467,0
PBX,D,20190626,000000,9.2331,9.2331,8.9975,9.0446,1818,0
PBX,D,20190627,000000,9.0446,9.0446,8.8562,8.9504,2245,0
PBX,D,20190628,000000,9.0963,9.68,9.0963,9.68,9558,0
PBX,D,20190701,000000,9.4371,9.729,9.4371,9.583,3601,0
PBX,D,20190702,000000,9.68,10.02,9.68,9.826,2755,0
PBX,D,20190703,000000,9.729,9.826,9.68,9.826,1209,0
PBX,D,20190704,000000,9.826,10.02,9.826,10.02,538,0
PBX,D,20190705,000000,9.924,10.02,9.826,10.02,2389,0
PBX,D,20190708,000000,10.02,10.215,10.02,10.118,1465,0
PBX,D,20190709,000000,10.02,10.02,10.02,10.02,1028,0
PBX,D,20190710,000000,10.118,10.118,9.924,9.924,376,0
PBX,D,20190711,000000,9.924,9.924,9.924,9.924,756,0
PBX,D,20190712,000000,9.924,9.924,9.729,9.729,1041,0
PBX,D,20190715,000000,9.729,9.729,9.145,9.1936,7502,0
PBX,D,20190716,000000,9.583,9.631,9.583,9.631,750,0
PBX,D,20190717,000000,9.3396,9.3396,8.9504,9.2423,11831,0
PBX,D,20190718,000000,9.2423,9.4854,9.2423,9.4854,1649,0
PBX,D,20190722,000000,9.4371,9.4371,9.1936,9.3396,1238,0
PBX,D,20190724,000000,9.2423,9.2423,9.145,9.145,206,0
PBX,D,20190726,000000,9.3396,9.583,9.3396,9.583,1182,0
PBX,D,20190729,000000,9.3878,9.4371,9.3878,9.4371,1801,0
PBX,D,20190730,000000,9.3396,9.4371,9.2423,9.4371,3712,0
PBX,D,20190731,000000,9.4854,9.583,9.4371,9.583,1616,0
PBX,D,20190801,000000,9.631,9.631,9.631,9.631,10,0
PBX,D,20190805,000000,9.583,9.729,9.583,9.631,6735,0
PBX,D,20190806,000000,9.3878,9.3878,9.3878,9.3878,154,0
PBX,D,20190807,000000,9.2909,9.2909,9.2909,9.2909,31864,0
PBX,D,20190808,000000,9.583,9.583,9.583,9.583,154,0
PBX,D,20190809,000000,9.583,9.583,9.583,9.583,2,0
PBX,D,20190812,000000,9.3396,9.3396,9.2909,9.2909,216,0
PBX,D,20190814,000000,9.2909,9.3878,9.2909,9.3396,317,0
PBX,D,20190819,000000,9.4854,9.583,9.2909,9.2909,3070,0
PBX,D,20190820,000000,9.4371,9.4371,9.0477,9.0477,6103,0
PBX,D,20190821,000000,9.145,9.145,8.6099,8.6099,56023,0
PBX,D,20190822,000000,8.6099,8.6099,8.1721,8.2694,20639,0
PBX,D,20190823,000000,8.2208,8.2694,7.9775,8.2694,9267,0
PBX,D,20190826,000000,8.0262,8.0262,8.0262,8.0262,3666,0
PBX,D,20190827,000000,8.0262,8.0262,7.6857,7.7343,10994,0
PBX,D,20190828,000000,7.5397,8.0262,7.4912,8.0262,6503,0
PBX,D,20190829,000000,8.1234,8.1234,7.8803,7.8803,6127,0
PBX,D,20190830,000000,8.1234,8.1721,7.6371,7.9775,2498,0
PBX,D,20190902,000000,8.0749,8.0749,7.8803,7.8803,4217,0
PBX,D,20190903,000000,7.8803,7.8803,7.5884,7.783,9487,0
PBX,D,20190904,000000,7.783,7.783,7.783,7.783,3627,0
PBX,D,20190905,000000,7.8316,7.8803,7.783,7.783,13587,0
PBX,D,20190906,000000,7.5397,8.1721,7.4912,8.1721,4711,0
PBX,D,20190909,000000,8.1721,8.1721,7.7343,7.7343,20012,0
PBX,D,20190910,000000,7.783,7.783,7.4912,7.5397,46954,0
PBX,D,20190911,000000,7.5397,7.8803,7.5397,7.6857,24960,0
PBX,D,20190912,000000,7.5397,7.6857,7.4425,7.4912,4503,0
PBX,D,20190913,000000,7.6371,7.6371,7.3451,7.4912,9890,0
PBX,D,20190916,000000,7.4425,7.4912,7.3938,7.4425,8144,0
PBX,D,20190917,000000,7.4425,7.4425,7.2966,7.3451,9970,0
PBX,D,20190918,000000,7.3451,7.3451,7.2966,7.2966,3084,0
PBX,D,20190919,000000,7.3451,7.3451,7.1506,7.1992,7167,0
PBX,D,20190920,000000,7.3938,7.3938,7.1506,7.3451,18604,0
PBX,D,20190923,000000,7.2966,7.3938,7.1992,7.3451,19045,0
PBX,D,20190925,000000,7.3451,7.3451,7.1992,7.3451,629,0
PBX,D,20190926,000000,7.3938,7.5397,7.3938,7.5397,78219,0
PBX,D,20190927,000000,7.6371,7.6371,7.2966,7.2966,4398,0
PBX,D,20190930,000000,7.6371,7.6371,7.2479,7.2966,8115,0
PBX,D,20191001,000000,7.4912,7.5884,7.4912,7.4912,1315,0
PBX,D,20191002,000000,7.5884,7.6371,7.5884,7.6371,530,0
PBX,D,20191003,000000,7.6371,7.6371,7.6371,7.6371,82,0
PBX,D,20191004,000000,7.7343,8.1234,7.6371,8.1234,2102,0
PBX,D,20191007,000000,8.1234,8.1234,7.6857,8.0262,1446,0
PBX,D,20191009,000000,7.9775,7.9775,7.9775,7.9775,364,0
PBX,D,20191010,000000,8.0262,8.0262,7.783,7.783,1976,0
PBX,D,20191011,000000,7.9775,8.0262,7.8803,7.8803,2288,0
PBX,D,20191014,000000,7.9775,7.9775,7.8803,7.9775,1998,0
PBX,D,20191015,000000,8.0749,8.0749,7.8803,7.8803,98,0
PBX,D,20191016,000000,7.9289,7.9289,7.9289,7.9289,114,0
PBX,D,20191017,000000,7.8803,8.0749,7.8803,8.0749,448,0
PBX,D,20191018,000000,8.0262,8.0262,8.0262,8.0262,441,0
PBX,D,20191021,000000,7.9289,7.9289,7.8803,7.8803,324,0
PBX,D,20191024,000000,8.0749,8.0749,7.9289,7.9289,720,0
PBX,D,20191025,000000,8.0262,8.0262,7.8316,7.9775,1428,0
PBX,D,20191028,000000,8.0749,8.0749,8.0749,8.0749,1,0
PBX,D,20191029,000000,7.8316,7.8316,7.8316,7.8316,149,0
PBX,D,20191030,000000,7.8803,7.9775,7.8803,7.9775,103099,0
PBX,D,20191031,000000,7.9775,8.0262,7.783,7.783,1424,0
PBX,D,20191104,000000,7.8803,7.9775,7.6857,7.9289,41672,0
PBX,D,20191105,000000,8.0262,8.0749,7.9775,7.9775,2800,0
PBX,D,20191106,000000,7.9775,7.9775,7.9775,7.9775,172,0
PBX,D,20191107,000000,7.9775,7.9775,7.6857,7.9289,2405,0
PBX,D,20191108,000000,7.9289,7.9289,7.8316,7.8316,7874,0
PBX,D,20191112,000000,7.783,7.783,7.6857,7.6857,6072,0
PBX,D,20191113,000000,7.6371,7.783,7.5884,7.783,42995,0
PBX,D,20191114,000000,7.8803,7.9289,7.8803,7.9289,13997,0
PBX,D,20191115,000000,7.9289,7.9775,7.8316,7.9289,1429,0
PBX,D,20191118,000000,7.9289,8.0262,7.9289,8.0262,11816,0
PBX,D,20191119,000000,8.0262,8.318,8.0262,8.1721,7015,0
PBX,D,20191120,000000,8.2694,8.318,8.2208,8.2694,12153,0
PBX,D,20191121,000000,8.318,8.318,7.9775,7.9775,8013,0
PBX,D,20191122,000000,8.464,8.6586,8.1234,8.5613,68407,0
PBX,D,20191125,000000,8.6586,8.6586,8.318,8.464,3668,0
PBX,D,20191126,000000,8.464,8.5613,8.464,8.5613,1830,0
PBX,D,20191127,000000,8.3667,8.464,8.3667,8.464,206,0
PBX,D,20191128,000000,8.464,8.5613,8.3667,8.5613,926,0
PBX,D,20191129,000000,8.464,8.6586,8.464,8.6586,4659,0
PBX,D,20191202,000000,8.7072,8.7072,8.6099,8.6099,5444,0
PBX,D,20191203,000000,8.6586,8.8532,8.6099,8.7558,3474,0
PBX,D,20191204,000000,8.7558,8.9504,8.7558,8.9504,6223,0
PBX,D,20191205,000000,9.0477,9.0477,9.0477,9.0477,249,0
PBX,D,20191206,000000,8.8532,8.9017,8.7558,8.7558,21045,0
PBX,D,20191209,000000,8.9504,8.9991,8.7558,8.9991,2392,0
PBX,D,20191210,000000,8.7558,8.7558,8.7558,8.7558,2674,0
PBX,D,20191211,000000,8.7558,8.7558,8.7558,8.7558,191,0
PBX,D,20191212,000000,8.7072,8.7558,8.7072,8.7558,30837,0
PBX,D,20191213,000000,8.8532,9.0477,8.8045,9.0477,92666,0
PBX,D,20191216,000000,8.8532,8.9991,8.8532,8.9991,285,0
PBX,D,20191217,000000,8.9991,9.145,8.8532,9.145,4617,0
PBX,D,20191218,000000,9.145,9.3396,8.8532,8.9991,9810,0
PBX,D,20191219,000000,8.9991,9.2423,8.9017,8.9991,26711,0
PBX,D,20191220,000000,8.9504,9.1936,8.8532,8.9991,5904,0
PBX,D,20191223,000000,8.9991,8.9991,8.7558,8.7558,7220,0
PBX,D,20191227,000000,8.8532,8.8532,8.8532,8.8532,2,0
PBX,D,20191230,000000,8.8532,9.0963,8.8532,8.9991,6669,0
PBX,D,20200102,000000,9.2423,9.583,9.2423,9.583,4824,0
PBX,D,20200103,000000,9.4854,9.4854,8.9504,9.2423,5603,0
PBX,D,20200107,000000,9.2423,9.583,9.1936,9.4371,5869,0
PBX,D,20200108,000000,9.4371,9.4371,9.145,9.2423,4314,0
PBX,D,20200109,000000,9.2423,9.4371,9.145,9.4371,8972,0
PBX,D,20200110,000000,9.3396,9.3878,9.2423,9.2423,9150,0
PBX,D,20200113,000000,9.2909,9.729,9.2423,9.3396,11834,0
PBX,D,20200114,000000,9.4854,9.729,9.4854,9.729,4570,0
PBX,D,20200115,000000,9.729,10.02,9.729,10.02,6171,0
PBX,D,20200116,000000,10.02,10.409,9.924,9.924,14566,0
PBX,D,20200117,000000,10.118,10.896,10.118,10.896,38477,0
PBX,D,20200120,000000,10.994,11.188,10.896,10.994,3734,0
PBX,D,20200121,000000,10.896,10.994,10.896,10.994,760,0
PBX,D,20200122,000000,10.896,10.896,10.507,10.896,1575,0
PBX,D,20200123,000000,10.896,10.896,10.799,10.799,7369,0
PBX,D,20200124,000000,10.799,11.674,10.799,11.383,34711,0
PBX,D,20200127,000000,11.188,11.188,10.702,10.896,7384,0
PBX,D,20200128,000000,11.188,11.48,11.188,11.48,4322,0
PBX,D,20200129,000000,11.48,11.577,11.091,11.48,1171,0
PBX,D,20200130,000000,11.188,11.48,11.188,11.383,238,0
PBX,D,20200131,000000,11.188,11.383,11.091,11.285,638,0
PBX,D,20200203,000000,11.383,11.48,11.285,11.48,2653,0
PBX,D,20200204,000000,11.383,11.48,11.188,11.285,3955,0
PBX,D,20200205,000000,11.383,11.577,11.188,11.48,9508,0
PBX,D,20200206,000000,11.285,11.383,10.994,11.383,1419,0
PBX,D,20200207,000000,11.285,11.674,11.285,11.48,6554,0
PBX,D,20200210,000000,11.383,11.577,10.994,11.091,10750,0
PBX,D,20200211,000000,10.994,10.994,10.507,10.994,17761,0
PBX,D,20200212,000000,10.702,11.091,10.702,11.091,1494,0
PBX,D,20200213,000000,10.896,11.383,10.896,11.383,211,0
PBX,D,20200214,000000,11.091,11.188,10.896,11.188,4079,0
PBX,D,20200217,000000,11.188,11.188,10.799,10.799,1359,0
PBX,D,20200218,000000,10.994,10.994,10.702,10.896,107,0
PBX,D,20200219,000000,10.994,11.188,10.507,10.605,3439,0
PBX,D,20200220,000000,10.994,10.994,10.605,10.799,7336,0
PBX,D,20200221,000000,10.702,10.799,10.702,10.799,1053,0
PBX,D,20200224,000000,10.507,10.507,9.4854,10.313,5442,0
PBX,D,20200225,000000,10.313,10.702,10.118,10.313,4715,0
PBX,D,20200226,000000,9.924,10.605,9.4854,10.507,9900,0
PBX,D,20200227,000000,9.826,10.313,9.4854,9.4854,4787,0
PBX,D,20200228,000000,9.4371,9.631,8.9991,9.631,15481,0
PBX,D,20200302,000000,9.631,9.729,8.7558,9.535,27396,0
PBX,D,20200303,000000,9.3396,9.729,9.3396,9.729,3939,0
PBX,D,20200304,000000,9.3396,9.729,9.3396,9.729,4902,0
PBX,D,20200305,000000,9.535,9.535,9.535,9.535,805,0
PBX,D,20200306,000000,9.0963,9.729,9.0963,9.729,5581,0
PBX,D,20200309,000000,8.8532,9.2423,8.464,9.0477,9838,0
PBX,D,20200310,000000,9.145,9.4371,9.145,9.4371,1580,0
PBX,D,20200311,000000,9.0477,9.1936,8.7558,8.8532,4361,0
PBX,D,20200312,000000,7.8803,8.2208,7.2966,8.1721,2547,0
PBX,D,20200313,000000,7.6857,8.4154,7.6857,8.1721,7703,0
PBX,D,20200316,000000,7.2479,7.9289,7.2479,7.8316,20102,0
PBX,D,20200317,000000,7.783,8.1721,7.5884,8.1234,12733,0
PBX,D,20200318,000000,8.0749,8.1721,7.783,7.783,1325,0
PBX,D,20200319,000000,7.9289,8.1234,7.2966,7.3451,14060,0
PBX,D,20200320,000000,7.7343,7.783,6.8101,6.8101,35188,0
PBX,D,20200323,000000,7.0047,7.0047,6.3237,6.8101,4798,0
PBX,D,20200324,000000,7.2966,7.2966,6.7614,7.0047,4468,0
PBX,D,20200325,000000,7.2479,7.2479,6.6155,6.6155,1115,0
PBX,D,20200326,000000,7.0047,7.2966,6.7614,7.2966,9638,0
PBX,D,20200327,000000,7.1992,7.1992,6.8101,6.956,12912,0
PBX,D,20200330,000000,7.0533,7.0533,6.6155,6.8588,9938,0
PBX,D,20200331,000000,7.0047,7.1506,6.8588,7.1506,4002,0
PBX,D,20200401,000000,7.0047,7.0047,6.8101,6.8101,2153,0
PBX,D,20200402,000000,6.8101,6.9463,6.8101,6.8101,2189,0
PBX,D,20200403,000000,6.8296,6.9463,6.6155,6.7907,24188,0
PBX,D,20200406,000000,6.8101,7.0047,6.7129,6.7907,11941,0
PBX,D,20200407,000000,6.8101,7.4327,6.8101,7.0825,21234,0
PBX,D,20200408,000000,7.2771,7.2771,6.8879,7.0631,6405,0
PBX,D,20200409,000000,7.2771,7.3744,7.102,7.2771,4346,0
PBX,D,20200414,000000,7.2966,7.9192,7.2966,7.6857,15551,0
PBX,D,20200415,000000,7.8219,7.8219,7.4912,7.6662,10806,0
PBX,D,20200416,000000,7.7051,8.1527,7.7051,8.1527,4915,0
PBX,D,20200417,000000,7.8414,8.1721,7.8414,8.1332,8449,0
PBX,D,20200420,000000,8.1721,8.464,8.1721,8.4056,4014,0
PBX,D,20200421,000000,8.6002,8.6002,7.744,8.1332,3864,0
PBX,D,20200422,000000,7.9775,8.2305,7.783,8.2305,1357,0
PBX,D,20200423,000000,7.9386,8.2694,7.783,8.1721,9823,0
PBX,D,20200424,000000,8.1721,9.826,8.1721,9.145,32184,0
PBX,D,20200427,000000,9.3201,9.69,8.7947,9.671,39107,0
PBX,D,20200428,000000,9.4371,9.535,9.0672,9.2034,3950,0
PBX,D,20200429,000000,9.2034,9.2617,8.8532,8.9893,14733,0
PBX,D,20200430,000000,8.9893,9.2423,8.8921,9.2423,6295,0
PBX,D,20200504,000000,9.515,9.515,9.2228,9.2423,8144,0
PBX,D,20200505,000000,9.2423,9.3396,9.145,9.1839,336,0
PBX,D,20200506,000000,9.3201,9.3396,8.9504,9.145,2536,0
PBX,D,20200507,000000,8.8532,9.729,8.7947,9.535,25277,0
PBX,D,20200508,000000,9.535,9.535,9.1839,9.1839,8665,0
PBX,D,20200511,000000,9.4371,9.4371,8.7947,9.1061,13711,0
PBX,D,20200512,000000,9.1645,9.69,9.1645,9.651,9716,0
PBX,D,20200513,000000,9.3396,9.612,9.3396,9.612,5500,0
PBX,D,20200514,000000,9.3591,9.3591,9.2423,9.2423,1100,0
PBX,D,20200515,000000,9.2617,9.593,9.0477,9.4755,1115,0
PBX,D,20200518,000000,9.0672,9.4952,8.9504,9.4371,15797,0
PBX,D,20200519,000000,9.593,9.593,9.2228,9.2228,950,0
PBX,D,20200520,000000,9.2228,9.2812,9.1839,9.2423,2710,0
PBX,D,20200521,000000,9.535,9.535,9.3396,9.535,4025,0
PBX,D,20200522,000000,10.02,10.313,9.651,10.118,32039,0
PBX,D,20200525,000000,10.166,10.313,9.729,10.313,17031,0
PBX,D,20200526,000000,10.264,10.313,10.02,10.313,11194,0
PBX,D,20200527,000000,10.313,10.409,10.07,10.313,1930,0
PBX,D,20200528,000000,10.215,10.605,10.215,10.507,29487,0
PBX,D,20200529,000000,10.507,10.507,10.409,10.409,1265,0
PBX,D,20200601,000000,10.409,10.409,10.118,10.118,3506,0
PBX,D,20200602,000000,10.118,10.409,9.826,10.118,5329,0
PBX,D,20200603,000000,10.07,10.313,10.07,10.118,1382,0
PBX,D,20200604,000000,10.118,10.702,10.118,10.605,17266,0
PBX,D,20200605,000000,10.653,11.188,10.653,11.139,32452,0
PBX,D,20200608,000000,11.139,11.772,10.409,11.723,56855,0
PBX,D,20200609,000000,11.772,12.064,11.674,11.966,57594,0
PBX,D,20200610,000000,11.529,11.82,10.702,11.82,24758,0
PBX,D,20200612,000000,10.994,11.383,10.799,11.091,15443,0
PBX,D,20200615,000000,11.188,11.237,10.799,11.237,9185,0
PBX,D,20200616,000000,11.431,11.626,11.091,11.626,5011,0
PBX,D,20200617,000000,11.334,11.626,11.334,11.48,2451,0
PBX,D,20200618,000000,11.139,11.577,11.139,11.577,2310,0
PBX,D,20200619,000000,11.237,11.577,11.237,11.237,752,0
PBX,D,20200622,000000,11.237,11.383,11.237,11.285,2888,0
PBX,D,20200623,000000,11.188,11.529,11.091,11.529,3310,0
PBX,D,20200624,000000,11.431,11.48,11.237,11.237,3456,0
PBX,D,20200625,000000,11.139,11.48,11.091,11.48,6594,0
PBX,D,20200626,000000,11.285,11.577,11.285,11.431,3152,0
PBX,D,20200629,000000,11.285,11.285,11.042,11.285,6270,0
PBX,D,20200630,000000,11.237,11.237,11.091,11.237,6257,0
PBX,D,20200701,000000,11.237,11.237,11.188,11.188,3487,0
PBX,D,20200702,000000,11.237,11.237,11.091,11.188,6804,0
PBX,D,20200703,000000,11.188,11.188,10.994,11.091,2252,0
PBX,D,20200706,000000,11.139,11.334,11.139,11.334,5615,0
PBX,D,20200707,000000,11.237,11.285,11.042,11.285,3915,0
PBX,D,20200708,000000,11.091,11.577,11.091,11.577,7441,0
PBX,D,20200709,000000,11.577,11.772,11.383,11.674,10856,0
PBX,D,20200710,000000,11.87,11.918,11.772,11.82,41089,0
PBX,D,20200713,000000,11.87,11.87,11.577,11.577,3328,0
PBX,D,20200714,000000,11.48,11.87,11.383,11.87,6642,0
PBX,D,20200715,000000,11.772,11.87,11.772,11.772,3186,0
PBX,D,20200716,000000,11.772,11.966,11.48,11.966,13161,0
PBX,D,20200717,000000,11.674,11.87,11.674,11.87,2100,0
PBX,D,20200720,000000,11.674,11.87,11.674,11.87,10276,0
PBX,D,20200721,000000,11.87,11.966,11.674,11.772,11390,0
PBX,D,20200722,000000,11.82,12.599,11.674,11.918,37733,0
PBX,D,20200723,000000,12.064,12.209,11.82,12.209,3331,0
PBX,D,20200724,000000,12.161,12.161,11.577,11.674,8598,0
PBX,D,20200727,000000,11.822,11.822,11.33,11.625,4880,0
PBX,D,20200728,000000,11.674,11.871,11.428,11.625,9635,0
PBX,D,20200729,000000,11.428,11.625,11.33,11.625,5363,0
PBX,D,20200730,000000,11.379,11.724,10.837,11.133,9106,0
PBX,D,20200731,000000,11.182,11.625,11.182,11.625,1766,0
PBX,D,20200803,000000,11.724,11.822,11.625,11.822,22861,0
PBX,D,20200804,000000,11.625,11.822,11.576,11.576,1634,0
PBX,D,20200805,000000,11.625,11.822,11.527,11.773,5270,0
PBX,D,20200806,000000,11.576,11.773,11.576,11.576,5352,0
PBX,D,20200807,000000,11.527,11.724,11.477,11.724,1656,0
PBX,D,20200810,000000,11.773,12.118,11.773,12.118,7776,0
PBX,D,20200811,000000,12.216,12.709,12.118,12.315,5588,0
PBX,D,20200812,000000,12.216,12.216,11.527,11.822,6414,0
PBX,D,20200813,000000,11.822,11.822,11.724,11.822,7678,0
PBX,D,20200814,000000,11.674,11.822,11.379,11.822,7173,0
PBX,D,20200817,000000,11.674,11.773,11.674,11.674,616,0
PBX,D,20200818,000000,11.674,11.674,11.527,11.527,3819,0
PBX,D,20200819,000000,11.527,11.773,11.477,11.477,2523,0
PBX,D,20200820,000000,11.625,12.019,11.527,12.019,10727,0
PBX,D,20200821,000000,12.069,12.216,11.97,12.019,4325,0
PBX,D,20200824,000000,12.069,12.512,12.069,12.512,11863,0
PBX,D,20200825,000000,12.512,13.891,12.512,13.3,26794,0
PBX,D,20200826,000000,13.3,13.793,12.955,13.3,19785,0
PBX,D,20200827,000000,13.3,13.399,12.955,12.955,982,0
PBX,D,20200828,000000,12.955,13.103,12.512,13.103,7261,0
PBX,D,20200831,000000,13.103,13.103,12.315,12.61,4381,0
PBX,D,20200901,000000,12.512,12.709,12.413,12.61,3800,0
PBX,D,20200902,000000,12.66,13.3,12.512,13.3,11196,0
PBX,D,20200903,000000,13.3,13.694,12.512,12.512,25495,0
PBX,D,20200904,000000,13.399,14.236,12.955,13.793,64855,0
PBX,D,20200907,000000,14.334,14.334,13.645,13.793,41908,0
PBX,D,20200908,000000,13.645,14.088,13.004,13.497,23641,0
PBX,D,20200909,000000,13.201,13.793,12.955,13.694,13886,0
PBX,D,20200910,000000,13.596,13.793,13.201,13.694,6534,0
PBX,D,20200911,000000,13.645,14.187,13.3,14.187,8273,0
PBX,D,20200914,000000,13.891,14.63,13.793,13.793,14840,0
PBX,D,20200915,000000,13.793,14.334,13.497,13.596,31686,0
PBX,D,20200916,000000,14.088,14.088,13.497,13.694,24335,0
PBX,D,20200917,000000,13.793,13.793,13.3,13.3,2389,0
PBX,D,20200918,000000,13.596,14.482,13.596,14.187,68770,0
PBX,D,20200921,000000,14.482,14.482,13.842,13.94,5607,0
PBX,D,20200922,000000,13.842,14.187,13.645,13.645,6294,0
PBX,D,20200923,000000,13.99,13.99,13.645,13.645,6429,0
PBX,D,20200924,000000,13.596,13.743,13.448,13.743,5760,0
PBX,D,20200925,000000,13.596,13.694,13.349,13.399,3322,0
PBX,D,20200928,000000,13.497,13.743,13.497,13.596,3334,0
PBX,D,20200929,000000,13.694,13.694,13.596,13.596,406,0
PBX,D,20200930,000000,13.743,13.743,13.497,13.497,2702,0
PBX,D,20201001,000000,13.399,13.596,13.399,13.596,1687,0
PBX,D,20201002,000000,13.596,13.596,13.152,13.399,19753,0
PBX,D,20201005,000000,13.596,13.596,12.906,13.349,19018,0
PBX,D,20201006,000000,13.399,14.137,13.201,14.088,13600,0
PBX,D,20201007,000000,13.99,13.99,13.743,13.743,226471,0
PBX,D,20201008,000000,13.842,14.039,13.842,13.94,2192,0
PBX,D,20201009,000000,13.842,13.99,13.399,13.94,5904,0
PBX,D,20201012,000000,13.99,13.99,13.596,13.694,3102,0
PBX,D,20201013,000000,13.694,13.94,13.645,13.891,6060,0
PBX,D,20201014,000000,13.94,14.039,13.645,13.793,4771,0
PBX,D,20201015,000000,13.793,13.793,12.61,13.3,29692,0
PBX,D,20201016,000000,12.807,13.251,12.807,13.251,2795,0
PBX,D,20201019,000000,12.906,13.251,12.906,13.004,1265,0
PBX,D,20201020,000000,12.906,13.497,12.906,13.497,6672,0
PBX,D,20201021,000000,13.201,13.399,13.152,13.201,7914,0
PBX,D,20201022,000000,13.152,13.645,13.152,13.596,6926,0
PBX,D,20201023,000000,13.201,13.448,13.201,13.448,680,0
PBX,D,20201026,000000,13.201,13.596,13.201,13.596,1353,0
PBX,D,20201027,000000,13.596,14.039,13.004,13.842,19910,0
PBX,D,20201028,000000,13.793,13.793,13.103,13.546,15616,0
PBX,D,20201029,000000,13.152,13.645,13.152,13.596,4242,0
PBX,D,20201030,000000,13.251,13.251,12.807,13.152,5700,0
PBX,D,20201102,000000,13.152,13.3,12.857,13.054,1561,0
PBX,D,20201103,000000,13.3,13.497,13.3,13.497,685,0
PBX,D,20201104,000000,13.596,13.793,13.152,13.3,4395,0
PBX,D,20201105,000000,13.448,14.039,13.448,14.039,4928,0
PBX,D,20201106,000000,14.039,14.039,13.694,13.793,7333,0
PBX,D,20201109,000000,13.842,15.123,13.842,14.926,33835,0
PBX,D,20201110,000000,14.926,14.926,14.63,14.778,8749,0
PBX,D,20201112,000000,14.975,15.172,14.778,14.926,14066,0
PBX,D,20201113,000000,14.926,14.926,14.433,14.778,10208,0
PBX,D,20201116,000000,14.975,15.615,14.778,15.566,156521,0
PBX,D,20201117,000000,15.517,15.714,15.27,15.418,10820,0
PBX,D,20201118,000000,15.615,16.305,15.467,16.206,10575,0
PBX,D,20201119,000000,15.96,16.009,15.714,15.812,12655,0
PBX,D,20201120,000000,16.108,16.108,14.926,15.369,14361,0
PBX,D,20201123,000000,15.467,15.763,15.369,15.615,10696,0
PBX,D,20201124,000000,15.763,15.763,15.615,15.615,1131,0
PBX,D,20201125,000000,15.763,15.96,15.566,15.566,39196,0
PBX,D,20201126,000000,15.566,15.566,14.975,15.172,3561,0
PBX,D,20201127,000000,15.024,15.467,14.482,15.369,21952,0
PBX,D,20201130,000000,15.369,16.009,15.27,15.566,24951,0
PBX,D,20201201,000000,15.664,15.714,15.517,15.714,6605,0
PBX,D,20201202,000000,15.763,16.551,15.763,16.206,15360,0
PBX,D,20201203,000000,16.305,16.403,15.763,15.763,55844,0
PBX,D,20201204,000000,16.009,16.551,16.009,16.157,31329,0
PBX,D,20201207,000000,16.108,16.157,16.009,16.059,4280,0
PBX,D,20201208,000000,16.009,16.059,15.763,16.009,18345,0
PBX,D,20201209,000000,15.96,16.157,15.812,15.861,3668,0
PBX,D,20201210,000000,16.009,16.108,15.517,16.108,10827,0
PBX,D,20201211,000000,16.256,16.305,16.157,16.305,4641,0
PBX,D,20201214,000000,16.305,16.305,15.911,16.157,2863,0
PBX,D,20201215,000000,15.812,16.108,15.812,15.861,307,0
PBX,D,20201216,000000,16.108,16.502,16.108,16.256,10110,0
PBX,D,20201217,000000,16.453,16.945,16.256,16.748,13924,0
PBX,D,20201218,000000,16.797,16.945,16.108,16.748,2807,0
PBX,D,20201221,000000,16.748,16.748,15.812,15.861,8409,0
PBX,D,20201222,000000,16.354,16.502,16.157,16.305,4740,0
PBX,D,20201223,000000,16.551,16.699,16.256,16.699,3416,0
PBX,D,20201228,000000,16.6,16.748,16.305,16.551,17140,0
PBX,D,20201229,000000,16.059,16.748,16.059,16.748,24102,0
PBX,D,20201230,000000,16.748,16.748,16.403,16.65,2056,0
PBX,D,20210104,000000,16.699,16.847,16.354,16.65,12427,0
PBX,D,20210105,000000,16.453,16.748,16.305,16.6,7369,0
PBX,D,20210107,000000,16.6,16.847,16.6,16.65,10540,0
PBX,D,20210108,000000,16.797,17.241,16.65,17.093,15193,0
PBX,D,20210111,000000,17.142,17.142,16.256,16.65,8936,0
PBX,D,20210112,000000,16.65,16.748,16.305,16.354,3375,0
PBX,D,20210113,000000,16.256,16.699,16.059,16.157,3854,0
PBX,D,20210114,000000,16.206,16.699,16.206,16.502,5914,0
PBX,D,20210115,000000,16.65,16.65,16.206,16.551,6217,0
PBX,D,20210118,000000,16.551,16.748,16.157,16.748,15604,0
PBX,D,20210119,000000,16.748,16.945,16.453,16.896,4683,0
PBX,D,20210120,000000,17.044,17.29,16.945,17.191,3090,0
PBX,D,20210121,000000,17.241,17.339,16.797,16.847,7763,0
PBX,D,20210122,000000,16.945,17.29,16.797,17.29,1338,0
PBX,D,20210125,000000,17.29,17.586,17.241,17.586,3827,0
PBX,D,20210126,000000,17.684,19.211,17.339,18.571,26150,0
PBX,D,20210127,000000,18.521,18.817,16.748,17.635,31252,0
PBX,D,20210128,000000,17.438,17.832,17.191,17.635,5756,0
PBX,D,20210129,000000,17.635,17.635,17.438,17.438,3445,0
PBX,D,20210201,000000,17.438,17.832,17.339,17.832,3851,0
PBX,D,20210202,000000,17.29,18.078,17.142,17.586,23364,0
PBX,D,20210203,000000,17.832,18.817,17.733,18.521,20266,0
PBX,D,20210204,000000,18.521,19.408,18.521,19.113,24740,0
PBX,D,20210205,000000,19.113,20.59,19.014,19.507,56211,0
PBX,D,20210208,000000,20.098,20.59,19.704,20.59,80358,0
PBX,D,20210209,000000,20.689,21.28,20.393,21.083,70404,0
PBX,D,20210210,000000,21.083,21.083,20.196,20.196,26261,0
PBX,D,20210211,000000,20.295,20.787,20.295,20.59,16932,0
PBX,D,20210212,000000,20.689,20.689,20.393,20.689,9219,0
PBX,D,20210215,000000,20.689,20.689,20.393,20.689,8239,0
PBX,D,20210216,000000,20.689,21.181,20.393,20.689,63127,0
PBX,D,20210217,000000,20.59,21.674,20.492,21.083,30866,0
PBX,D,20210218,000000,21.674,22.659,21.477,21.674,35010,0
PBX,D,20210219,000000,21.674,22.561,20.393,21.674,16134,0
PBX,D,20210222,000000,21.674,22.659,20.787,22.167,30025,0
PBX,D,20210223,000000,21.674,22.167,20.689,20.689,43559,0
PBX,D,20210224,000000,20.689,21.379,20.492,20.689,14378,0
PBX,D,20210225,000000,20.689,21.181,19.999,21.181,20210,0
PBX,D,20210226,000000,20.886,20.886,20.098,20.689,8060,0
PBX,D,20210301,000000,21.083,21.28,20.886,21.28,5236,0
PBX,D,20210302,000000,21.28,21.477,20.196,20.886,9967,0
PBX,D,20210303,000000,20.886,21.379,20.196,21.28,14933,0
PBX,D,20210304,000000,21.379,21.379,20.393,20.492,12732,0
PBX,D,20210305,000000,20.59,20.886,20.492,20.689,14316,0
PBX,D,20210308,000000,20.984,21.181,20.689,20.886,7037,0
PBX,D,20210309,000000,20.886,20.886,20.492,20.689,6703,0
PBX,D,20210310,000000,20.787,20.886,20.393,20.886,15432,0
PBX,D,20210311,000000,20.886,20.886,20.393,20.59,15136,0
PBX,D,20210312,000000,20.689,20.689,20.492,20.59,2153,0
PBX,D,20210315,000000,20.689,20.787,19.999,20.689,29647,0
PBX,D,20210316,000000,20.492,20.689,20.295,20.59,6538,0
PBX,D,20210317,000000,20.59,20.59,19.901,20.295,7190,0
PBX,D,20210318,000000,20.295,20.393,19.704,20.196,4471,0
PBX,D,20210319,000000,20.492,20.689,19.901,20.295,5334,0
PBX,D,20210322,000000,20.196,20.295,19.901,20.295,3542,0
PBX,D,20210323,000000,20.295,20.295,19.704,20.196,2950,0
PBX,D,20210324,000000,19.901,20.196,19.704,19.901,3999,0
PBX,D,20210325,000000,19.704,19.802,19.507,19.605,6380,0
PBX,D,20210326,000000,19.211,19.802,18.866,19.802,7170,0
PBX,D,20210329,000000,19.802,20.196,19.408,19.999,12079,0
PBX,D,20210330,000000,19.704,20.098,19.408,19.901,9333,0
PBX,D,20210331,000000,19.704,20.196,19.704,19.999,1734,0
PBX,D,20210401,000000,20.196,20.59,20.098,20.59,14920,0
PBX,D,20210406,000000,20.689,21.083,20.59,20.787,13383,0
PBX,D,20210407,000000,20.984,21.083,20.59,20.689,34157,0
PBX,D,20210408,000000,21.083,22.068,21.083,21.97,144162,0
PBX,D,20210409,000000,21.871,21.871,21.477,21.674,19627,0
PBX,D,20210412,000000,22.068,22.068,20.393,20.59,93513,0
PBX,D,20210413,000000,20.886,21.477,20.886,20.886,6349,0
PBX,D,20210414,000000,21.379,21.379,20.295,20.295,18949,0
PBX,D,20210415,000000,20.689,20.787,20.295,20.295,16796,0
PBX,D,20210416,000000,20.689,20.689,20.295,20.393,11692,0
PBX,D,20210419,000000,20.689,20.787,20.59,20.787,14750,0
PBX,D,20210420,000000,20.787,20.787,20.295,20.492,6481,0
PBX,D,20210421,000000,20.295,20.689,19.605,20.098,23089,0
PBX,D,20210422,000000,20.098,21.083,19.999,21.083,126708,0
PBX,D,20210423,000000,20.689,21.379,20.59,21.379,24744,0
PBX,D,20210426,000000,21.379,21.576,21.181,21.181,23979,0
PBX,D,20210427,000000,21.674,21.773,21.181,21.773,19389,0
PBX,D,20210428,000000,21.674,22.068,21.181,22.068,22976,0
PBX,D,20210429,000000,22.068,22.068,21.181,21.97,31847,0
PBX,D,20210430,000000,21.97,21.97,21.379,21.379,3990,0
PBX,D,20210504,000000,21.379,21.773,21.181,21.181,24389,0
PBX,D,20210505,000000,21.674,23.546,21.674,23.25,50059,0
PBX,D,20210506,000000,23.349,23.447,22.659,23.25,45868,0
PBX,D,20210507,000000,23.25,23.94,23.053,23.447,21399,0
PBX,D,20210510,000000,23.94,25.221,23.94,24.925,31150,0
PBX,D,20210511,000000,24.925,25.319,23.94,24.531,14963,0
PBX,D,20210512,000000,24.63,25.221,24.137,25.221,66459,0
PBX,D,20210513,000000,25.221,26.107,24.334,26.107,34127,0
PBX,D,20210514,000000,26.403,27.191,26.403,26.994,38988,0
PBX,D,20210517,000000,26.994,27.979,26.896,27.388,26888,0
PBX,D,20210518,000000,27.487,27.881,27.093,27.388,9201,0
PBX,D,20210519,000000,26.896,27.29,25.713,26.699,24582,0
PBX,D,20210520,000000,26.896,27.29,26.501,26.699,4987,0
PBX,D,20210521,000000,27.191,27.191,26.501,26.699,3142,0
PBX,D,20210524,000000,27.093,27.093,26.206,26.501,23334,0
PBX,D,20210525,000000,26.994,26.994,25.221,25.615,8803,0
PBX,D,20210526,000000,25.418,25.516,24.039,24.63,21783,0
PBX,D,20210527,000000,24.63,26.009,24.63,25.615,3650,0
PBX,D,20210528,000000,25.418,26.6,25.418,26.206,13173,0
PBX,D,20210531,000000,26.107,26.304,25.91,26.206,4806,0
PBX,D,20210601,000000,25.812,25.91,24.925,25.713,18982,0
PBX,D,20210602,000000,25.713,25.91,25.221,25.812,14540,0
PBX,D,20210604,000000,25.812,25.812,25.024,25.615,14837,0
PBX,D,20210607,000000,25.615,25.812,25.122,25.615,7396,0
PBX,D,20210608,000000,25.615,26.403,25.615,25.615,13738,0
PBX,D,20210609,000000,25.516,25.615,25.122,25.418,5660,0
PBX,D,20210610,000000,25.713,25.812,25.024,25.319,5087,0
PBX,D,20210611,000000,25.319,25.615,25.024,25.615,10916,0
PBX,D,20210614,000000,26.107,26.107,25.319,25.91,6354,0
PBX,D,20210615,000000,25.91,25.91,25.319,25.615,29548,0
PBX,D,20210616,000000,25.319,25.516,25.221,25.516,2189,0
PBX,D,20210617,000000,25.615,25.615,25.221,25.319,9960,0
PBX,D,20210618,000000,25.319,25.615,25.221,25.615,2862,0
PBX,D,20210621,000000,25.615,25.91,24.236,25.615,21367,0
PBX,D,20210622,000000,25.221,25.812,25.221,25.615,5115,0
PBX,D,20210623,000000,25.615,25.812,25.615,25.812,1915,0
PBX,D,20210624,000000,25.91,25.91,25.319,25.812,9875,0
PBX,D,20210625,000000,25.516,25.516,24.827,25.516,3594,0
PBX,D,20210628,000000,25.221,25.221,24.63,24.63,8973,0
PBX,D,20210629,000000,24.63,25.418,24.531,24.531,6090,0
PBX,D,20210630,000000,24.433,25.221,23.053,25.221,98174,0
PBX,D,20210701,000000,25.221,25.418,24.137,24.925,9650,0
PBX,D,20210702,000000,24.925,25.516,24.728,24.728,3027,0
PBX,D,20210705,000000,25.122,25.91,25.024,25.319,8057,0
PBX,D,20210706,000000,25.615,25.713,25.319,25.615,3583,0
PBX,D,20210707,000000,25.713,26.501,25.615,26.501,10375,0
PBX,D,20210708,000000,26.699,27.093,26.206,26.6,27237,0
PBX,D,20210709,000000,26.797,26.994,26.206,26.403,2475,0
PBX,D,20210712,000000,27.29,27.29,26.009,26.797,22325,0
PBX,D,20210713,000000,26.6,26.6,26.206,26.501,1629,0
PBX,D,20210714,000000,26.304,26.699,26.304,26.6,1881,0
PBX,D,20210715,000000,27.1,27.1,26.3,26.3,1596,0
PBX,D,20210716,000000,26.7,26.8,25.6,26.5,4704,0
PBX,D,20210719,000000,26.5,26.5,25.2,25.2,8438,0
PBX,D,20210720,000000,25.1,25.5,25,25.1,4036,0
PBX,D,20210721,000000,24.8,25.8,24.8,25.8,3511,0
PBX,D,20210722,000000,25.8,26.6,25.1,26.6,3687,0
PBX,D,20210723,000000,26.1,27,26.1,27,3125,0
PBX,D,20210726,000000,27,27,26.7,26.9,3286,0
PBX,D,20210727,000000,26.8,26.9,26.6,26.6,559,0
PBX,D,20210728,000000,26.9,26.9,26.4,26.7,453,0
PBX,D,20210729,000000,26.6,26.7,26.5,26.7,750,0
PBX,D,20210730,000000,26.5,26.8,26.5,26.5,346,0
PBX,D,20210802,000000,26.5,26.7,26.1,26.1,1869,0
PBX,D,20210803,000000,26,27,25.3,26.6,56483,0
PBX,D,20210804,000000,26.9,27,26.3,26.5,3818,0
PBX,D,20210805,000000,27,27,26.6,26.6,3257,0
PBX,D,20210806,000000,27,27,25.9,26.4,7969,0
PBX,D,20210809,000000,26.9,27.8,25.8,26,26221,0
PBX,D,20210810,000000,26.1,26.4,25.6,26.2,3845,0
PBX,D,20210811,000000,26,26.3,25.7,26.3,2531,0
PBX,D,20210812,000000,26.3,26.4,25.8,26,4001,0
PBX,D,20210813,000000,26.4,26.4,26.4,26.4,69,0
PBX,D,20210816,000000,26,26.4,26,26.4,1279,0
PBX,D,20210817,000000,26.4,26.4,26,26.2,580,0
PBX,D,20210818,000000,26.4,26.5,26.2,26.5,871,0
PBX,D,20210819,000000,26.2,26.2,26.1,26.2,2687,0
PBX,D,20210820,000000,26.2,26.3,25.8,26.2,526,0
PBX,D,20210823,000000,26.2,26.7,25.9,26.2,6062,0
PBX,D,20210824,000000,26.7,26.7,26.2,26.4,1368,0
PBX,D,20210825,000000,26.2,26.5,26.2,26.5,741,0
PBX,D,20210826,000000,26.4,26.5,26,26.4,1471,0
PBX,D,20210827,000000,26,26.5,25.9,26.5,1954,0
PBX,D,20210830,000000,26.6,26.6,26.1,26.5,1197,0
PBX,D,20210831,000000,26.5,26.9,26.1,26.9,4051,0
PBX,D,20210901,000000,26.9,26.9,26.5,26.8,2461,0
PBX,D,20210902,000000,26.8,26.9,26.5,26.9,8564,0
PBX,D,20210903,000000,24.9,26,23.5,23.7,165797,0
PBX,D,20210906,000000,23.7,24,22.8,22.9,55833,0
PBX,D,20210907,000000,23,23.5,22.8,23.4,81734,0
PBX,D,20210908,000000,23.1,23.5,22.9,22.9,33852,0
PBX,D,20210909,000000,22.7,22.8,20.5,21.8,57781,0
PBX,D,20210910,000000,22.1,23.2,21.9,22.8,23046,0
PBX,D,20210913,000000,22.8,23.4,22.1,22.3,15703,0
PBX,D,20210914,000000,22.8,22.8,22,22,11083,0
PBX,D,20210915,000000,22,22.4,21.8,21.8,51531,0
PBX,D,20210916,000000,22.1,22.1,21,21,29592,0
PBX,D,20210917,000000,20.8,21.4,20.8,21,8339,0
PBX,D,20210920,000000,21.2,21.4,20.2,21.2,18075,0
PBX,D,20210921,000000,21.2,22,21.2,21.8,5295,0
PBX,D,20210922,000000,21.9,22.9,21.9,22.9,9731,0
PBX,D,20210923,000000,22.9,23.2,22.3,22.9,3971,0
PBX,D,20210924,000000,22.7,23.1,22.5,22.5,4879,0
PBX,D,20210927,000000,22.6,23.4,21.8,23.2,17741,0
PBX,D,20210928,000000,23.3,23.3,22.2,22.2,4821,0
PBX,D,20210929,000000,22.2,22.4,22.1,22.2,1106,0
PBX,D,20210930,000000,22.3,22.3,21.5,21.6,4943,0
PBX,D,20211001,000000,21,21.3,20.2,21,29194,0
PBX,D,20211004,000000,21,21.5,20.4,21,15917,0
PBX,D,20211005,000000,20.8,21.2,20.7,21,9169,0
PBX,D,20211006,000000,21.3,21.3,20.7,21.2,10865,0
PBX,D,20211007,000000,21,21.6,21,21.5,5571,0
PBX,D,20211008,000000,21.5,21.6,21.1,21.5,3870,0
PBX,D,20211011,000000,21.4,21.5,21.1,21.5,3290,0
PBX,D,20211012,000000,21.1,21.4,21.1,21.1,2560,0
PBX,D,20211013,000000,21.4,21.5,21.3,21.4,4667,0
PBX,D,20211014,000000,21.4,21.6,21.3,21.5,3456,0
PBX,D,20211015,000000,21.5,21.7,21.1,21.1,2436,0
PBX,D,20211018,000000,21.1,22.6,20.1,22.2,12462,0
PBX,D,20211019,000000,22.8,22.9,22.4,22.4,6176,0
PBX,D,20211020,000000,22.4,22.8,21.9,22.8,1513,0
PBX,D,20211021,000000,22.1,22.8,22.1,22.2,3695,0
PBX,D,20211022,000000,22.2,22.8,22.1,22.7,2531,0
PBX,D,20211025,000000,22.7,22.8,22.2,22.3,2016,0
PBX,D,20211026,000000,22.5,22.7,22.3,22.7,2194,0
PBX,D,20211027,000000,22.3,22.7,22.1,22.7,4683,0
PBX,D,20211028,000000,22.7,22.8,22,22.8,9222,0
PBX,D,20211029,000000,22.9,23.3,22.8,23.3,11109,0
PBX,D,20211102,000000,23.2,23.2,22.7,22.8,3330,0
PBX,D,20211103,000000,22.8,22.8,22.4,22.4,2962,0
PBX,D,20211104,000000,22.4,22.8,22.3,22.4,687,0
PBX,D,20211105,000000,22.3,22.4,21.8,22.4,3840,0
PBX,D,20211108,000000,21.8,21.9,21.2,21.8,3948,0
PBX,D,20211109,000000,22.5,22.5,21.2,21.9,3027,0
PBX,D,20211110,000000,21.9,22.1,21.2,21.5,4128,0
PBX,D,20211112,000000,21.3,22,21.3,21.8,1539,0
PBX,D,20211115,000000,21.8,21.8,21.3,21.8,1134,0
PBX,D,20211116,000000,21.4,21.7,21.3,21.4,1735,0
PBX,D,20211117,000000,21.3,22.1,21.3,22,5887,0
PBX,D,20211118,000000,21.8,21.8,21.3,21.5,994,0
PBX,D,20211119,000000,21.5,21.7,20.4,21.1,6340,0
PBX,D,20211122,000000,21.3,21.3,19.2,20,37608,0
PBX,D,20211123,000000,20,20.7,20,20,8811,0
PBX,D,20211124,000000,20,21.3,20,21,15869,0
PBX,D,20211125,000000,21.2,21.3,20.8,20.8,521,0
PBX,D,20211126,000000,20.7,21.4,19.9,21.4,9260,0
PBX,D,20211129,000000,20.6,22,19.85,22,14708,0
PBX,D,20211130,000000,20.6,21.7,20.6,21.5,16412,0
PBX,D,20211201,000000,21.9,22.5,21.4,22.5,20442,0
PBX,D,20211202,000000,22.5,22.5,21.5,21.9,488,0
PBX,D,20211203,000000,21.9,22,21.5,21.9,2399,0
PBX,D,20211206,000000,20.7,21,20.3,20.4,7640,0
PBX,D,20211207,000000,20.4,21.2,20.4,21.1,65190,0
PBX,D,20211208,000000,21.2,21.7,21.2,21.5,2552,0
PBX,D,20211209,000000,21.5,22.1,20.9,22.1,11627,0
PBX,D,20211210,000000,22.3,22.8,22.2,22.8,43474,0
PBX,D,20211213,000000,22.8,23.3,22.5,23.3,19086,0
PBX,D,20211214,000000,23.3,23.7,22.3,23.4,21018,0
PBX,D,20211215,000000,23.5,23.7,22.5,23.7,45158,0
PBX,D,20211216,000000,23.7,23.8,23.4,23.5,947,0
PBX,D,20211217,000000,23.1,23.1,22.5,22.5,1442,0
PBX,D,20211220,000000,22,22.4,22,22.4,135,0
PBX,D,20211221,000000,22.8,22.8,22.4,22.5,674,0
PBX,D,20211222,000000,22.5,22.5,22.1,22.1,536,0
PBX,D,20211223,000000,22.1,22.5,21.3,22.5,16754,0
PBX,D,20211227,000000,22,22.8,21.5,22.8,3901,0
PBX,D,20211228,000000,22.2,23,22.2,23,6921,0
PBX,D,20211229,000000,22.9,24.1,22.7,24.1,7408,0
PBX,D,20211230,000000,24.1,24.1,23.5,24,8985,0
PBX,D,20220103,000000,23.9,23.9,23.2,23.5,2907,0
PBX,D,20220104,000000,23.5,23.8,22.8,23.1,2760,0
PBX,D,20220105,000000,23.5,23.5,22.5,22.7,2944,0
PBX,D,20220107,000000,22.6,22.6,22.3,22.3,1038,0
PBX,D,20220110,000000,22.3,22.4,22.1,22.1,312,0
PBX,D,20220111,000000,22.1,22.2,22.1,22.2,819,0
PBX,D,20220112,000000,22.2,22.3,22,22.1,4111,0
PBX,D,20220113,000000,22.4,22.8,22.4,22.8,1632,0
PBX,D,20220114,000000,22.8,22.8,22.1,22.6,1768,0
PBX,D,20220117,000000,22.1,22.2,22,22,1250,0
PBX,D,20220118,000000,22,22.4,22,22.4,387,0
PBX,D,20220119,000000,22.4,22.4,21.1,21.8,2286,0
PBX,D,20220120,000000,21.8,21.8,21.2,21.3,3503,0
PBX,D,20220121,000000,21.1,21.1,20.5,20.9,4464,0
PBX,D,20220124,000000,20.9,20.9,19,20.3,12430,0
PBX,D,20220125,000000,20,20.4,19.4,20.4,6851,0
PBX,D,20220126,000000,20,21,20,21,22248,0
PBX,D,20220127,000000,20.1,21,20.1,21,6597,0
PBX,D,20220128,000000,20.4,20.9,20,20.4,2160,0
PBX,D,20220131,000000,20.4,20.5,20.2,20.5,641,0
PBX,D,20220201,000000,20.5,20.9,20,20.9,9317,0
PBX,D,20220202,000000,20.6,21.3,20.6,21.2,2916,0
PBX,D,20220203,000000,21.3,21.4,21.3,21.3,337,0
PBX,D,20220204,000000,20.9,20.9,20.9,20.9,237,0
PBX,D,20220207,000000,20.9,21.1,20.5,20.5,888,0
PBX,D,20220208,000000,20.4,20.8,20.4,20.8,52,0
PBX,D,20220209,000000,20.6,20.6,20.2,20.3,2892,0
PBX,D,20220210,000000,20.3,20.3,20.2,20.2,1110,0
PBX,D,20220211,000000,20.2,20.2,20,20,1349,0
PBX,D,20220214,000000,20,20,18.75,19.7,7279,0
PBX,D,20220215,000000,19.4,20.1,19.4,20,1765,0
PBX,D,20220216,000000,20,20.2,19.8,20,589,0
PBX,D,20220217,000000,20,20,19.45,19.45,711,0
PBX,D,20220218,000000,19.45,19.7,19,19.7,881,0
PBX,D,20220221,000000,19.5,19.8,18.9,19,5694,0
PBX,D,20220222,000000,18.9,19.45,17.8,18.5,6310,0
PBX,D,20220223,000000,18.5,18.5,18,18.3,10616,0
PBX,D,20220224,000000,17.5,18,15.6,17,12043,0
PBX,D,20220225,000000,16.95,17.8,16.25,17.35,11245,0
PBX,D,20220228,000000,16.8,17.8,16.5,17.8,15690,0
PBX,D,20220301,000000,17.8,19.5,17,17.85,4505,0
PBX,D,20220302,000000,17.85,18.55,16.5,16.5,8215,0
PBX,D,20220303,000000,16.25,16.5,15.8,15.8,15178,0
PBX,D,20220304,000000,15.95,15.95,14.4,14.85,26608,0
PBX,D,20220307,000000,14.2,14.2,13.6,13.9,24421,0
PBX,D,20220308,000000,14.05,15,14.05,14.6,9319,0
PBX,D,20220309,000000,14.6,15.1,14.2,14.75,6761,0
PBX,D,20220310,000000,15,15.1,14.8,14.85,2107,0
PBX,D,20220311,000000,15.1,15.2,14.9,14.9,7381,0
PBX,D,20220314,000000,15,15.9,14.75,15.7,3598,0
PBX,D,20220315,000000,15.7,15.7,15.25,15.7,630,0
PBX,D,20220316,000000,15.8,15.85,15.45,15.85,2117,0
PBX,D,20220317,000000,15.85,15.9,15.7,15.85,4740,0
PBX,D,20220318,000000,15.8,15.9,15,15.4,7998,0
PBX,D,20220321,000000,15.45,15.55,15,15.4,5119,0
PBX,D,20220322,000000,15.45,15.55,15.25,15.4,7975,0
PBX,D,20220323,000000,15.4,16.25,15.4,16.25,17954,0
PBX,D,20220324,000000,16.65,17,16.4,16.95,3849,0
PBX,D,20220325,000000,17,17,16.75,16.85,3036,0
PBX,D,20220328,000000,16.85,17.5,16.85,17.3,2788,0
PBX,D,20220329,000000,17.55,17.6,17,17,8596,0
PBX,D,20220330,000000,17.4,17.45,16.9,17.2,1132,0
PBX,D,20220331,000000,17.4,17.4,17,17.2,1823,0
PBX,D,20220401,000000,17.15,17.2,16.8,16.8,2197,0
PBX,D,20220404,000000,16.6,16.95,16.55,16.9,3449,0
PBX,D,20220405,000000,16.9,16.95,16.6,16.95,521,0
PBX,D,20220406,000000,17,17,16.3,16.35,3137,0
PBX,D,20220407,000000,16.5,16.75,16.35,16.35,360,0
PBX,D,20220408,000000,16.35,16.6,16.3,16.6,1341,0
PBX,D,20220411,000000,16.2,16.6,16,16.1,3231,0
PBX,D,20220412,000000,16.35,16.35,15.35,16,4345,0
PBX,D,20220413,000000,15.7,16,15.5,16,4246,0
PBX,D,20220414,000000,15.9,16,15.7,15.9,854,0
PBX,D,20220419,000000,16,16,15.8,15.95,1327,0
PBX,D,20220420,000000,16,16.55,15.65,16.55,3861,0
PBX,D,20220421,000000,16.05,16.5,16,16.15,1224,0
PBX,D,20220422,000000,15.8,16.15,15.1,15.2,4007,0
