<TICKER>,<PER>,<DATE>,<TIME>,<OPEN>,<HIGH>,<LOW>,<CLOSE>,<VOL>,<OPENINT>
PCF,D,20201218,000000,84.717,84.717,64.983,74.73,785673,0
PCF,D,20201221,000000,74.75,76.743,67.275,69.258,125917,0
PCF,D,20201222,000000,69.717,74.531,67.285,72.537,48379,0
PCF,D,20201223,000000,72.757,73.265,69.777,70.763,23867,0
PCF,D,20201228,000000,71.76,73.155,68.272,70.325,71969,0
PCF,D,20201229,000000,70.763,72.199,69.787,71.152,41257,0
PCF,D,20201230,000000,71.611,71.611,69.966,69.976,29971,0
PCF,D,20210104,000000,71.75,74.75,70.763,73.953,19210,0
PCF,D,20210105,000000,74.949,80.73,74.75,79.733,53862,0
PCF,D,20210107,000000,74.75,86.401,74.401,79.733,124036,0
PCF,D,20210108,000000,81.129,81.228,76.664,76.733,35071,0
PCF,D,20210111,000000,76.743,79.504,76.743,77.64,15865,0
PCF,D,20210112,000000,78.637,80.002,77.74,78.238,13683,0
PCF,D,20210113,000000,78.338,78.438,76.803,77.242,10338,0
PCF,D,20210114,000000,77.73,78.866,77.7,78.039,9556,0
PCF,D,20210115,000000,79.095,79.095,77.511,78.238,6045,0
PCF,D,20210118,000000,79.135,79.235,77.64,78.238,9184,0
PCF,D,20210119,000000,78.139,78.139,76.943,77.581,6301,0
PCF,D,20210120,000000,77.74,78.238,77.242,77.64,7986,0
PCF,D,20210121,000000,77.84,77.939,76.504,76.743,12486,0
PCF,D,20210122,000000,76.345,76.664,74.949,75.996,6411,0
PCF,D,20210125,000000,76.006,77.032,75.747,76.046,6997,0
PCF,D,20210126,000000,76.026,77.301,75.547,76.524,3867,0
PCF,D,20210127,000000,76.066,76.863,74.152,74.361,19275,0
PCF,D,20210128,000000,74.75,74.75,71.959,74.75,19361,0
PCF,D,20210129,000000,75.149,75.398,73.873,74.252,12425,0
PCF,D,20210201,000000,74.75,75.248,71.76,71.76,18780,0
PCF,D,20210202,000000,72.757,73.753,71.262,71.262,42077,0
PCF,D,20210203,000000,72.358,72.757,71.361,71.76,24897,0
PCF,D,20210204,000000,72.348,77.74,71.76,77.74,152885,0
PCF,D,20210205,000000,77.969,81.129,74.949,78.737,61112,0
PCF,D,20210208,000000,79.235,82.723,77.79,80.531,92187,0
PCF,D,20210209,000000,80.511,80.511,76.953,77.262,33433,0
PCF,D,20210210,000000,77.262,78.617,75.946,76.255,34410,0
PCF,D,20210211,000000,76.524,77.132,74.999,77.132,40243,0
PCF,D,20210212,000000,77.242,78.517,75.248,75.248,25064,0
PCF,D,20210215,000000,76.245,77.65,75.448,77.242,9440,0
PCF,D,20210216,000000,77.242,78.029,76.743,76.863,22849,0
PCF,D,20210217,000000,77.74,77.74,75.378,75.448,24059,0
PCF,D,20210218,000000,75.747,78.029,75.448,77.441,64902,0
PCF,D,20210219,000000,78.019,78.029,76.743,76.743,39501,0
PCF,D,20210222,000000,77.72,77.72,76.145,77.222,7794,0
PCF,D,20210223,000000,77.092,77.122,72.607,74.74,29738,0
PCF,D,20210224,000000,74.65,77.64,74.65,77.64,11464,0
PCF,D,20210225,000000,79.434,81.727,78.438,80.521,82045,0
PCF,D,20210226,000000,81.727,82.524,78.547,80.481,86920,0
PCF,D,20210301,000000,81.228,82.046,77.511,78.039,41205,0
PCF,D,20210302,000000,78.517,79.225,75.816,77.949,28250,0
PCF,D,20210303,000000,77.74,78.059,75.278,75.946,24214,0
PCF,D,20210304,000000,74.75,75.338,73.275,74.351,23292,0
PCF,D,20210305,000000,75.707,77.481,75.348,76.245,23287,0
PCF,D,20210308,000000,76.733,78.976,76.733,78.836,15326,0
PCF,D,20210309,000000,79.036,79.564,77.74,78.936,21944,0
PCF,D,20210310,000000,79.424,79.424,77.351,77.351,16686,0
PCF,D,20210311,000000,78.298,78.567,76.863,78.039,7584,0
PCF,D,20210312,000000,78.517,78.637,76.903,78.139,10718,0
PCF,D,20210315,000000,78.398,79.733,77.74,79.514,18226,0
PCF,D,20210316,000000,79.644,80.531,77.341,77.341,35954,0
PCF,D,20210317,000000,78.208,78.208,75.747,76.544,17848,0
PCF,D,20210318,000000,76.943,77.541,76.145,76.544,11545,0
PCF,D,20210319,000000,76.245,77.242,75.547,76.943,7354,0
PCF,D,20210322,000000,77.74,77.74,76.743,77.441,7063,0
PCF,D,20210323,000000,77.72,79.036,76.863,78.737,18357,0
PCF,D,20210324,000000,78.727,78.727,77.74,78.637,10049,0
PCF,D,20210325,000000,78.248,78.617,76.165,76.345,15035,0
PCF,D,20210326,000000,76.733,82.026,76.444,80.72,77659,0
PCF,D,20210329,000000,81.348,82.723,78.747,79.733,40926,0
PCF,D,20210330,000000,81.129,81.228,78.856,79.634,17396,0
PCF,D,20210331,000000,79.733,79.733,76.275,76.275,91607,0
PCF,D,20210401,000000,76.644,79.733,74.85,77.341,53515,0
PCF,D,20210406,000000,81.727,82.424,77.84,81.029,136035,0
PCF,D,20210407,000000,80.73,80.73,75.597,77.84,103939,0
PCF,D,20210408,000000,77.84,78.537,75.797,76.793,49914,0
PCF,D,20210409,000000,76.843,77.591,75.747,76.345,32102,0
PCF,D,20210412,000000,75.797,76.743,73.056,74.152,30963,0
PCF,D,20210413,000000,74.252,75.996,74.003,74.65,21855,0
PCF,D,20210414,000000,74.65,74.65,73.255,73.853,19657,0
PCF,D,20210415,000000,73.654,73.654,70.365,71.361,36736,0
PCF,D,20210416,000000,70.464,71.162,66.179,67.574,57414,0
PCF,D,20210419,000000,67.574,70.066,67.574,69.567,24474,0
PCF,D,20210420,000000,69.767,71.262,67.773,68.77,26000,0
PCF,D,20210421,000000,68.77,70.464,66.976,67.773,17899,0
PCF,D,20210422,000000,68.371,69.767,67.973,68.122,13240,0
PCF,D,20210423,000000,68.77,68.87,67.674,67.674,11701,0
PCF,D,20210426,000000,67.773,70.365,67.674,70.066,27984,0
PCF,D,20210427,000000,70.664,71.76,70.116,71.76,27369,0
PCF,D,20210428,000000,71.76,72.557,69.169,69.468,19825,0
PCF,D,20210429,000000,69.567,69.717,67.773,69.518,17216,0
PCF,D,20210430,000000,69.518,71.511,66.179,71.361,17475,0
PCF,D,20210504,000000,71.312,71.312,68.77,69.468,56103,0
PCF,D,20210505,000000,69.468,69.468,67.275,67.873,23662,0
PCF,D,20210506,000000,68.272,68.322,64.783,65.282,35880,0
PCF,D,20210507,000000,65.182,68.172,62.391,67.225,82879,0
PCF,D,20210510,000000,66.727,68.77,65.332,66.627,17457,0
PCF,D,20210511,000000,66.627,66.627,64.086,65.082,9378,0
PCF,D,20210512,000000,65.082,65.232,63.288,64.235,9335,0
PCF,D,20210513,000000,62.84,63.687,58.355,60.597,182715,0
PCF,D,20210514,000000,60.498,60.498,58.305,58.803,50492,0
PCF,D,20210517,000000,58.803,59.75,56.561,57.209,32826,0
PCF,D,20210518,000000,56.86,58.803,56.86,57.906,86163,0
PCF,D,20210519,000000,56.86,59.302,56.461,58.405,158902,0
PCF,D,20210520,000000,59.451,59.451,56.511,57.358,74415,0
PCF,D,20210521,000000,57.358,58.654,56.312,57.807,71551,0
PCF,D,20210524,000000,58.006,64.634,57.807,64.634,37044,0
PCF,D,20210525,000000,63.787,64.435,57.408,57.408,113106,0
PCF,D,20210526,000000,58.554,60.298,57.807,59.999,21033,0
PCF,D,20210527,000000,59.75,61.694,58.803,60.996,19215,0
PCF,D,20210528,000000,61.544,61.544,56.312,57.807,38029,0
PCF,D,20210531,000000,56.411,56.81,55.016,56.312,24415,0
PCF,D,20210601,000000,56.461,58.006,55.016,56.81,12781,0
PCF,D,20210602,000000,56.212,57.807,56.212,56.91,11485,0
PCF,D,20210604,000000,56.91,58.803,55.813,57.707,19515,0
PCF,D,20210607,000000,57.807,59.202,56.81,58.953,14408,0
PCF,D,20210608,000000,58.006,58.953,57.807,58.803,2112,0
PCF,D,20210609,000000,57.906,58.803,57.707,58.754,7662,0
PCF,D,20210610,000000,58.754,58.754,57.807,58.604,3129,0
PCF,D,20210611,000000,58.056,58.554,57.807,58.405,6835,0
PCF,D,20210614,000000,58.803,59.601,58.405,59.551,8321,0
PCF,D,20210615,000000,59.102,60.298,59.053,60.298,9159,0
PCF,D,20210616,000000,60.398,61.494,60.398,61.195,8468,0
PCF,D,20210617,000000,60.896,61.245,58.504,60.797,10445,0
PCF,D,20210618,000000,61.146,61.146,59.8,60.398,3461,0
PCF,D,20210621,000000,60.298,60.797,57.956,58.305,3260,0
PCF,D,20210622,000000,57.308,59.85,57.109,59.75,4252,0
PCF,D,20210623,000000,59.8,60.996,59.75,60.448,5803,0
PCF,D,20210624,000000,60.448,60.797,59.252,59.401,42049,0
PCF,D,20210625,000000,57.807,60.597,57.807,60.298,3136,0
PCF,D,20210628,000000,60.298,60.298,59.003,59.8,31366,0
PCF,D,20210629,000000,60,61.5,58.65,61.3,17853,0
PCF,D,20210630,000000,62,62.3,60,61.4,17220,0
PCF,D,20210701,000000,62,62.1,61.05,61.9,3733,0
PCF,D,20210702,000000,61.5,62,61.5,62,4830,0
PCF,D,20210705,000000,62.3,62.6,61.45,61.9,3000,0
PCF,D,20210706,000000,60.8,62.45,57.7,60,7855,0
PCF,D,20210707,000000,60,60.4,59.35,60.3,4527,0
PCF,D,20210708,000000,60.3,60.35,58.3,59.4,8908,0
PCF,D,20210709,000000,60,60.5,59.4,60.5,3443,0
PCF,D,20210712,000000,59.25,61,59.1,59.4,8787,0
PCF,D,20210713,000000,61,61,59,59.3,2437,0
PCF,D,20210714,000000,60.6,61.35,59.55,61.35,4813,0
PCF,D,20210715,000000,61.35,61.35,60.05,60.3,695,0
PCF,D,20210716,000000,61.3,61.3,59.05,60,1708,0
PCF,D,20210719,000000,60,60,57.8,58.75,2567,0
PCF,D,20210720,000000,57.8,59,57.8,58.9,3733,0
PCF,D,20210721,000000,58.9,58.9,57.5,58.2,4826,0
PCF,D,20210722,000000,59,59.9,58,59,7773,0
PCF,D,20210723,000000,60,60,58.25,59.95,5499,0
PCF,D,20210726,000000,59.8,59.95,58.1,59.9,982,0
PCF,D,20210727,000000,59.9,59.9,58.3,59.45,743,0
PCF,D,20210728,000000,59.2,59.35,58.3,58.85,1764,0
PCF,D,20210729,000000,58.85,58.85,58.1,58.1,1780,0
PCF,D,20210730,000000,58.75,59.95,58,59.95,2550,0
PCF,D,20210802,000000,59.95,59.95,58.4,59.45,2380,0
PCF,D,20210803,000000,59.45,59.45,58.45,58.55,717,0
PCF,D,20210804,000000,59.3,59.3,58.05,58.45,915,0
PCF,D,20210805,000000,58.45,58.45,57.1,58,3461,0
PCF,D,20210806,000000,58.45,58.45,57.3,58.05,2001,0
PCF,D,20210809,000000,58.05,58.05,57,57.4,2866,0
PCF,D,20210810,000000,57,57.4,57,57.3,2062,0
PCF,D,20210811,000000,57,57.5,57,57.35,1810,0
PCF,D,20210812,000000,58.35,58.35,56.7,56.85,3911,0
PCF,D,20210813,000000,56.7,57.15,56.6,57,2635,0
PCF,D,20210816,000000,57.55,57.55,55.2,55.3,6767,0
PCF,D,20210817,000000,51,52.05,47.6,47.88,141777,0
PCF,D,20210818,000000,47.9,48.48,44.54,45.5,104296,0
PCF,D,20210819,000000,46.2,47.6,46,47,53626,0
PCF,D,20210820,000000,47.92,48.06,47.2,47.76,54318,0
PCF,D,20210823,000000,48.1,49,46.8,47.38,13671,0
PCF,D,20210824,000000,48,48.4,47,47.1,7783,0
PCF,D,20210825,000000,47.74,47.76,45.62,46,15448,0
PCF,D,20210826,000000,45.52,45.94,44.8,45.56,22351,0
PCF,D,20210827,000000,45.5,45.5,44.6,45.3,12762,0
PCF,D,20210830,000000,45.1,45.84,45.02,45.6,8211,0
PCF,D,20210831,000000,46.2,47,45.7,46,13222,0
PCF,D,20210901,000000,46.74,46.74,44.98,45.98,22355,0
PCF,D,20210902,000000,46.2,47.48,45.4,46.48,9528,0
PCF,D,20210903,000000,47.2,47.2,45.5,45.7,10914,0
PCF,D,20210906,000000,46.8,46.8,45.24,45.6,6810,0
PCF,D,20210907,000000,45.5,45.52,44.9,45,11360,0
PCF,D,20210908,000000,44.6,44.9,44.5,44.9,5273,0
PCF,D,20210909,000000,44.62,45.02,44.5,44.6,6996,0
PCF,D,20210910,000000,44.6,45,44.3,44.34,5438,0
PCF,D,20210913,000000,45,45,44,44.14,8274,0
PCF,D,20210914,000000,44.16,44.6,44.14,44.28,12341,0
PCF,D,20210915,000000,44.28,44.6,44.28,44.58,2978,0
PCF,D,20210916,000000,44.5,44.5,44,44.18,14860,0
PCF,D,20210917,000000,45,45,43.2,43.6,15543,0
PCF,D,20210920,000000,43.72,43.72,42.2,42.2,13291,0
PCF,D,20210921,000000,42.1,42.98,41.44,41.88,8519,0
PCF,D,20210922,000000,41.88,44.88,40.42,42.3,70247,0
PCF,D,20210923,000000,43.9,43.98,42.12,42.12,8722,0
PCF,D,20210924,000000,43,45.42,42.48,44.42,10429,0
PCF,D,20210927,000000,43.1,44.4,42.52,43.9,21639,0
PCF,D,20210928,000000,44.4,44.4,42.6,43,5208,0
PCF,D,20210929,000000,42.52,43.5,40.4,42,6010,0
PCF,D,20210930,000000,43.48,44.18,41,41.5,28368,0
PCF,D,20211001,000000,41.5,41.88,41,41.5,6412,0
PCF,D,20211004,000000,41.5,42.9,41.3,41.58,6385,0
PCF,D,20211005,000000,41.74,42,41.38,41.7,6106,0
PCF,D,20211006,000000,41.7,41.7,41,41.4,5570,0
PCF,D,20211007,000000,41.4,42.28,41,41.5,5360,0
PCF,D,20211008,000000,40.92,42,40.7,41.4,6371,0
PCF,D,20211011,000000,42.8,42.8,41.16,41.16,9994,0
PCF,D,20211012,000000,40.6,41.2,40.5,40.98,9203,0
PCF,D,20211013,000000,41,41.2,38.92,41,38971,0
PCF,D,20211014,000000,40.44,41,39.56,40.78,5294,0
PCF,D,20211015,000000,40.96,40.96,40.12,40.4,7206,0
PCF,D,20211018,000000,40.4,42.44,40.1,42.34,20198,0
PCF,D,20211019,000000,42.4,49,42.34,48,76548,0
PCF,D,20211020,000000,49,50,47,47.16,28995,0
PCF,D,20211021,000000,47.18,47.54,44,47.02,31318,0
PCF,D,20211022,000000,47.52,47.8,45.98,47.16,14168,0
PCF,D,20211025,000000,47.98,48.2,45,46.6,5708,0
PCF,D,20211026,000000,46.5,47.2,44.5,45,12433,0
PCF,D,20211027,000000,44.72,44.72,43.7,44.36,4858,0
PCF,D,20211028,000000,44.48,44.94,43.8,44.12,1352,0
PCF,D,20211029,000000,44.6,44.6,43.2,43.2,4353,0
PCF,D,20211102,000000,43.1,43.14,42,42,6913,0
PCF,D,20211103,000000,42,42.2,41,41,11680,0
PCF,D,20211104,000000,42.1,42.2,40.4,40.9,17659,0
PCF,D,20211105,000000,41,41.88,40.6,41.18,6714,0
PCF,D,20211108,000000,41.18,41.3,40.04,40.26,10371,0
PCF,D,20211109,000000,40.8,42,40.02,40.22,6020,0
PCF,D,20211110,000000,40.24,40.86,39.6,40.1,18442,0
PCF,D,20211112,000000,40.2,41.4,40.2,41,26537,0
PCF,D,20211115,000000,42,42.2,40.6,40.9,5929,0
PCF,D,20211116,000000,41.2,41.7,40.5,40.98,4949,0
PCF,D,20211117,000000,41,41.68,39.56,40.5,4956,0
PCF,D,20211118,000000,40.4,41.5,39.04,41.5,8932,0
PCF,D,20211119,000000,41.46,41.46,40.14,40.5,3675,0
PCF,D,20211122,000000,40.5,41.44,40.2,41,6124,0
PCF,D,20211123,000000,41,41.9,40.1,40.6,6705,0
PCF,D,20211124,000000,40.96,40.96,40.1,40.9,6527,0
PCF,D,20211125,000000,40.6,40.94,40.3,40.94,2948,0
PCF,D,20211126,000000,40.8,41.7,40.12,41.68,6364,0
PCF,D,20211129,000000,41.68,41.8,39.9,40.1,6231,0
PCF,D,20211130,000000,45,45.5,42.2,44.9,110646,0
PCF,D,20211201,000000,45.6,49.48,45.58,46.5,58903,0
PCF,D,20211202,000000,47.5,47.5,45.9,46,8557,0
PCF,D,20211203,000000,46,48.12,45.98,47.6,9252,0
PCF,D,20211206,000000,48,49.4,45.78,49,14660,0
PCF,D,20211207,000000,48.94,50.5,48.6,49.92,22614,0
PCF,D,20211208,000000,49.64,50.6,49.1,50.2,13005,0
PCF,D,20211209,000000,50.05,50.05,47.04,48.6,8891,0
PCF,D,20211210,000000,48.1,48.5,47.2,48.4,6135,0
PCF,D,20211213,000000,48.6,50,48,49.64,8971,0
PCF,D,20211214,000000,49.68,50.4,49.1,50.1,13872,0
PCF,D,20211215,000000,50.05,50.5,49.54,50.1,4222,0
PCF,D,20211216,000000,50,51,50,51,6653,0
PCF,D,20211217,000000,50.95,52.95,50.4,51.1,16669,0
PCF,D,20211220,000000,51.2,51.2,48.2,49.52,13930,0
PCF,D,20211221,000000,49.3,49.98,49.26,49.6,8868,0
PCF,D,20211222,000000,49.5,49.88,49.2,49.2,5415,0
PCF,D,20211223,000000,49.2,49.5,48.1,49,71634,0
PCF,D,20211227,000000,48.6,49,47.5,48.3,11119,0
PCF,D,20211228,000000,48.3,48.68,47,47.3,26797,0
PCF,D,20211229,000000,47.04,49,47.04,48.88,3857,0
PCF,D,20211230,000000,48,48.92,48,48.92,7211,0
PCF,D,20220103,000000,49.98,50.4,49.6,50,1988,0
PCF,D,20220104,000000,50,52.8,49.9,52.6,12920,0
PCF,D,20220105,000000,52.2,54.9,51.55,54.9,20647,0
PCF,D,20220107,000000,54.9,55.9,53.05,55.3,15785,0
PCF,D,20220110,000000,55.5,56,54.3,54.65,16649,0
PCF,D,20220111,000000,54.75,55.65,54.2,55,4507,0
PCF,D,20220112,000000,54.9,55.5,54.3,55.5,8067,0
PCF,D,20220113,000000,55.7,56.3,55.1,56.1,8428,0
PCF,D,20220114,000000,56.2,56.3,55.05,55.05,5652,0
PCF,D,20220117,000000,55.1,55.9,54.65,55.3,1555,0
PCF,D,20220118,000000,55.3,56.9,55.3,56,10697,0
PCF,D,20220119,000000,55.55,55.65,54.6,55.65,11826,0
PCF,D,20220120,000000,55.05,55.15,54.65,55.05,7606,0
PCF,D,20220121,000000,55.05,55.05,53.05,55,10852,0
PCF,D,20220124,000000,54.1,55,49.8,49.92,50344,0
PCF,D,20220125,000000,49.6,50.7,49.6,50.35,12301,0
PCF,D,20220126,000000,50.3,54,50.05,52.5,6022,0
PCF,D,20220127,000000,52.8,53,51.6,52.5,4776,0
PCF,D,20220128,000000,52.95,52.95,50.1,52.5,7443,0
PCF,D,20220131,000000,53,54.5,52.7,54.5,3344,0
PCF,D,20220201,000000,54.95,56,54.35,55,8922,0
PCF,D,20220202,000000,55,56.65,54.55,56.65,10715,0
PCF,D,20220203,000000,56.8,57,56.25,56.75,3937,0
PCF,D,20220204,000000,56.7,57.4,56.05,57.4,9743,0
PCF,D,20220207,000000,57.2,57.4,57,57.4,5920,0
PCF,D,20220208,000000,57.4,57.8,57.2,57.3,2633,0
PCF,D,20220209,000000,57.3,57.3,56.5,57.3,2496,0
PCF,D,20220210,000000,56.65,57.6,56.5,57.5,3714,0
PCF,D,20220211,000000,57.5,57.7,56.4,57.5,2080,0
PCF,D,20220214,000000,56.1,56.15,52.8,55.9,15722,0
PCF,D,20220215,000000,55,55.9,54.5,55.7,4690,0
PCF,D,20220216,000000,55.6,56.35,54.75,55.3,4028,0
PCF,D,20220217,000000,55.3,55.35,54.5,55.05,5308,0
PCF,D,20220218,000000,55.7,56.3,54.7,55.5,48894,0
PCF,D,20220221,000000,55.45,55.5,51.2,53.65,22580,0
PCF,D,20220222,000000,52.8,55.5,51,55.4,17584,0
PCF,D,20220223,000000,55.4,57.8,55.4,57.25,13934,0
PCF,D,20220224,000000,50.05,54.5,44.68,54.4,45633,0
PCF,D,20220225,000000,54,55,51.2,55,18068,0
PCF,D,20220228,000000,54,57,52,57,15988,0
PCF,D,20220301,000000,55.5,55.5,51.5,51.7,18254,0
PCF,D,20220302,000000,51,54,49.02,51,33672,0
PCF,D,20220303,000000,50,51.9,49.5,49.76,13821,0
PCF,D,20220304,000000,49.5,52,48.68,52,14811,0
PCF,D,20220307,000000,51.8,53,48.4,53,14327,0
PCF,D,20220308,000000,52.8,53,49.52,53,23483,0
PCF,D,20220309,000000,52.95,53.6,51.3,53,26733,0
PCF,D,20220310,000000,52.95,54.5,51.4,53.5,19115,0
PCF,D,20220311,000000,53.5,54.65,52.2,54.65,11815,0
PCF,D,20220314,000000,54.5,54.5,52.1,52.3,6605,0
PCF,D,20220315,000000,53,54,51.6,53.1,33866,0
PCF,D,20220316,000000,53.95,54,52.95,53.5,2283,0
PCF,D,20220317,000000,53.95,56,53.2,55.2,9885,0
PCF,D,20220318,000000,55.8,55.95,54.8,55.95,9921,0
PCF,D,20220321,000000,55.9,56.4,55.35,56,8274,0
PCF,D,20220322,000000,56,56.05,55.15,56.05,1443,0
PCF,D,20220323,000000,56.05,56.05,55,55.3,3958,0
PCF,D,20220324,000000,55.95,56.1,55.1,56,1476,0
PCF,D,20220325,000000,56,56,55.1,55.1,664,0
PCF,D,20220328,000000,56,56.2,55,55.3,20878,0
PCF,D,20220329,000000,56,56.45,55,55.6,4885,0
PCF,D,20220330,000000,56.1,56.45,53.7,56.4,44831,0
PCF,D,20220331,000000,56.45,59.4,55.9,59.2,26104,0
PCF,D,20220401,000000,59.3,60,58.05,60,45195,0
PCF,D,20220404,000000,60,61.95,59,61.9,13148,0
PCF,D,20220405,000000,61.8,62.45,59.55,60.7,11900,0
PCF,D,20220406,000000,60.7,60.7,57.8,59,12025,0
PCF,D,20220407,000000,59.9,62.1,58.55,61.9,66001,0
PCF,D,20220408,000000,62.35,62.9,59.25,61.9,9643,0
PCF,D,20220411,000000,61.5,61.85,59,61.8,10597,0
PCF,D,20220412,000000,61.9,61.95,61,61.95,9884,0
PCF,D,20220413,000000,61,61.9,61,61.8,5060,0
PCF,D,20220414,000000,61.8,61.9,60.5,61,6011,0
PCF,D,20220419,000000,60,60.9,58.2,60.7,7130,0
PCF,D,20220420,000000,60.5,64,60,63.5,16722,0
PCF,D,20220421,000000,63.5,63.6,60.3,63.5,13545,0
PCF,D,20220422,000000,64.2,67.9,60.2,65.9,138130,0
