<TICKER>,<PER>,<DATE>,<TIME>,<OPEN>,<HIGH>,<LOW>,<CLOSE>,<VOL>,<OPENINT>
PLW,D,20161019,000000,47.691,47.782,43.374,46.123,61030,0
PLW,D,20161020,000000,45.938,46.123,44.333,46.123,7153,0
PLW,D,20161021,000000,45.293,46.123,45.274,46.076,1323,0
PLW,D,20161024,000000,46.123,48.891,46.067,48.373,9887,0
PLW,D,20161025,000000,48.429,48.429,47.045,48.152,8279,0
PLW,D,20161026,000000,47.968,47.968,46.584,46.584,1598,0
PLW,D,20161027,000000,47.045,47.045,45.661,47.036,291,0
PLW,D,20161028,000000,46.224,46.861,46.224,46.861,216,0
PLW,D,20161031,000000,46.123,47.959,46.123,47.95,1606,0
PLW,D,20161102,000000,47.959,47.968,46.917,47.875,567,0
PLW,D,20161103,000000,47.875,47.875,46.907,47.506,512,0
PLW,D,20161104,000000,47.414,47.414,46.352,47.045,135,0
PLW,D,20161107,000000,47.045,47.045,46.584,47.017,462,0
PLW,D,20161108,000000,47.017,47.017,46.372,46.677,51,0
PLW,D,20161109,000000,46.953,47.045,46.399,47.045,699,0
PLW,D,20161110,000000,47.045,47.045,45.938,46.769,1087,0
PLW,D,20161114,000000,47.045,47.045,46.953,46.953,129,0
PLW,D,20161115,000000,46.943,46.943,45.938,46.584,1407,0
PLW,D,20161116,000000,46.584,46.584,45.209,46.584,395,0
PLW,D,20161117,000000,46.953,46.953,45.016,45.016,909,0
PLW,D,20161118,000000,45.2,45.2,43.382,43.382,1769,0
PLW,D,20161121,000000,43.271,43.271,41.649,42.424,1593,0
PLW,D,20161122,000000,41.649,42.424,41.649,41.713,1251,0
PLW,D,20161123,000000,41.713,41.713,41.418,41.649,689,0
PLW,D,20161124,000000,41.695,41.695,37.923,41.049,7420,0
PLW,D,20161125,000000,41.713,43.356,41.049,43.346,879,0
PLW,D,20161128,000000,43.346,43.346,43.244,43.244,243,0
PLW,D,20161129,000000,43.264,44.924,42.432,44.738,5956,0
PLW,D,20161130,000000,44.738,46.584,43.816,46.123,3316,0
PLW,D,20161201,000000,46.123,46.123,44.093,46.123,370,0
PLW,D,20161202,000000,46.123,46.123,44.647,46.067,365,0
PLW,D,20161205,000000,46.076,46.076,44.738,44.785,117,0
PLW,D,20161206,000000,46.086,46.086,44.555,45.799,854,0
PLW,D,20161207,000000,45.799,45.799,44.655,45.744,200,0
PLW,D,20161208,000000,44.647,45.661,44.647,45.661,624,0
PLW,D,20161209,000000,45.744,45.744,44.629,45.651,583,0
PLW,D,20161212,000000,45.651,45.708,44.629,44.629,807,0
PLW,D,20161213,000000,44.629,46.104,44.629,45.651,921,0
PLW,D,20161214,000000,45.846,45.846,45.2,45.2,97,0
PLW,D,20161215,000000,45.2,45.2,44.647,45.2,292,0
PLW,D,20161216,000000,45.2,45.2,43.642,44.278,769,0
PLW,D,20161219,000000,42.719,45.007,42.488,44.647,4881,0
PLW,D,20161220,000000,43.264,44.738,43.264,44.268,335,0
PLW,D,20161221,000000,44.268,44.268,42.534,42.534,1602,0
PLW,D,20161222,000000,43.807,43.807,42.452,42.452,59,0
PLW,D,20161223,000000,42.886,42.886,42.432,42.664,1000,0
PLW,D,20161227,000000,42.71,43.604,42.11,43.595,1729,0
PLW,D,20161228,000000,43.356,43.356,42.11,42.802,706,0
PLW,D,20161229,000000,43.54,45.2,43.264,44.738,2702,0
PLW,D,20161230,000000,44.278,45.799,44.278,45.799,1979,0
PLW,D,20170102,000000,45.921,45.921,43.955,45.644,2576,0
PLW,D,20170103,000000,45.921,45.921,43.346,43.346,1056,0
PLW,D,20170104,000000,44.259,44.259,43.356,43.356,84,0
PLW,D,20170105,000000,43.356,44.13,42.432,42.432,2670,0
PLW,D,20170109,000000,42.432,42.893,42.432,42.461,742,0
PLW,D,20170110,000000,42.461,42.507,41.88,42.432,2378,0
PLW,D,20170111,000000,42.432,42.432,41.889,41.943,981,0
PLW,D,20170112,000000,42.34,42.34,41.049,41.787,1186,0
PLW,D,20170113,000000,42.34,42.34,41.068,41.511,689,0
PLW,D,20170116,000000,41.068,41.455,40.588,41.058,974,0
PLW,D,20170117,000000,41.095,41.095,40.311,40.357,1946,0
PLW,D,20170118,000000,40.357,40.496,40.219,40.496,308,0
PLW,D,20170119,000000,40.588,40.588,39.665,40.357,2077,0
PLW,D,20170120,000000,40.579,40.579,39.665,40.486,440,0
PLW,D,20170123,000000,40.569,40.569,39.665,40.477,427,0
PLW,D,20170124,000000,40.634,40.634,39.665,40.127,604,0
PLW,D,20170125,000000,39.684,40.127,39.481,39.757,1533,0
PLW,D,20170126,000000,40.681,41.04,39.785,41.04,364,0
PLW,D,20170127,000000,41.04,41.04,39.943,40.274,542,0
PLW,D,20170130,000000,39.785,41.335,39.785,41.326,2653,0
PLW,D,20170131,000000,41.326,45.108,41.326,43.402,3499,0
PLW,D,20170201,000000,43.346,44.268,43.346,44.241,1028,0
PLW,D,20170202,000000,44.278,44.555,43.909,44.278,1639,0
PLW,D,20170203,000000,44.278,44.278,43.816,43.816,179,0
PLW,D,20170206,000000,43.816,44.268,43.816,44.268,357,0
PLW,D,20170207,000000,44.268,44.268,43.724,44.14,806,0
PLW,D,20170208,000000,44.268,44.268,44.047,44.222,102,0
PLW,D,20170209,000000,44.231,45.108,43.724,44.914,830,0
PLW,D,20170210,000000,44.287,44.924,44.278,44.278,314,0
PLW,D,20170213,000000,44.287,45.293,44.278,45.2,1504,0
PLW,D,20170214,000000,45.523,45.523,44.461,44.831,526,0
PLW,D,20170215,000000,45.2,45.412,44.314,45.412,177,0
PLW,D,20170216,000000,45.412,45.412,44.379,45.284,208,0
PLW,D,20170217,000000,45.2,45.2,44.314,44.388,110,0
PLW,D,20170220,000000,45.375,45.523,45.2,45.523,1363,0
PLW,D,20170221,000000,45.523,46.584,44.738,46.261,9448,0
PLW,D,20170222,000000,46.261,46.833,45.661,46.214,1487,0
PLW,D,20170223,000000,46.584,46.622,45.938,46.123,647,0
PLW,D,20170224,000000,46.123,46.123,45.477,46.123,852,0
PLW,D,20170227,000000,47.183,49.812,47.183,48.022,7729,0
PLW,D,20170228,000000,48.493,52.81,47.92,51.657,23220,0
PLW,D,20170301,000000,53.041,54.424,52.212,52.801,21735,0
PLW,D,20170302,000000,53.503,57.838,53.503,57.008,32178,0
PLW,D,20170303,000000,58.576,61.804,57.192,59.59,16583,0
PLW,D,20170306,000000,59.775,59.95,57.745,59.451,18474,0
PLW,D,20170307,000000,57.008,57.976,52.765,54.434,13408,0
PLW,D,20170308,000000,54.379,56.269,51.759,52.579,6461,0
PLW,D,20170309,000000,53.503,54.886,52.119,54.388,4713,0
PLW,D,20170310,000000,55.246,57.192,53.714,57.008,4994,0
PLW,D,20170313,000000,57.838,58.207,57.202,58.087,8413,0
PLW,D,20170314,000000,57.838,58.161,57.008,58.005,1651,0
PLW,D,20170315,000000,57.838,58.317,56.731,58.299,3783,0
PLW,D,20170316,000000,58.317,58.317,57.699,58.114,4157,0
PLW,D,20170317,000000,57.654,59.037,57.654,58.114,4565,0
PLW,D,20170320,000000,58.926,59.959,58.668,59.222,11308,0
PLW,D,20170321,000000,59.481,60.422,59.313,59.59,5226,0
PLW,D,20170322,000000,59.866,60.32,58.114,59.498,3156,0
PLW,D,20170323,000000,60.051,60.19,58.576,59.498,3089,0
PLW,D,20170324,000000,59.959,60.329,57.93,59.037,3178,0
PLW,D,20170327,000000,59.037,59.037,56.74,59.027,1983,0
PLW,D,20170328,000000,59.037,59.037,55.809,58.844,2225,0
PLW,D,20170329,000000,58.76,58.76,55.828,57.091,1984,0
PLW,D,20170330,000000,57.091,57.091,55.403,56.906,660,0
PLW,D,20170331,000000,58.188,58.188,55.44,56.427,1690,0
PLW,D,20170403,000000,58.114,58.114,53.595,54.424,2517,0
PLW,D,20170404,000000,55.255,55.338,54.424,55.301,447,0
PLW,D,20170405,000000,54.886,55.347,53.973,55.347,687,0
PLW,D,20170406,000000,55.356,56.26,54.886,56.168,1158,0
PLW,D,20170407,000000,56.16,56.16,55.051,55.347,181,0
PLW,D,20170410,000000,55.356,56.26,53.604,55.338,2768,0
PLW,D,20170411,000000,53.963,55.31,52.488,53.503,3745,0
PLW,D,20170412,000000,53.041,53.963,53.041,53.963,644,0
PLW,D,20170413,000000,53.963,53.963,52.027,53.041,4965,0
PLW,D,20170418,000000,52.579,53.411,52.579,53.411,1219,0
PLW,D,20170419,000000,53.494,53.494,52.671,53.225,218,0
PLW,D,20170420,000000,53.494,56.648,53.494,56.113,11781,0
PLW,D,20170421,000000,56.113,56.252,55.024,56.242,1925,0
PLW,D,20170424,000000,56.242,56.242,55.393,56.242,1474,0
PLW,D,20170425,000000,55.809,55.809,54.562,55.44,778,0
PLW,D,20170426,000000,55.347,55.347,52.027,52.948,3128,0
PLW,D,20170427,000000,53.503,55.329,53.503,54.978,181,0
PLW,D,20170428,000000,54.978,54.978,53.963,54.978,886,0
PLW,D,20170502,000000,55.071,55.071,53.963,54.739,553,0
PLW,D,20170504,000000,54.802,54.802,52.579,53.955,3237,0
PLW,D,20170505,000000,53.955,53.955,52.579,52.579,1267,0
PLW,D,20170508,000000,52.579,53.041,52.303,52.303,185,0
PLW,D,20170509,000000,52.313,52.313,49.258,51.186,3175,0
PLW,D,20170510,000000,49.812,52.948,49.812,52.119,1443,0
PLW,D,20170511,000000,52.109,52.119,51.473,52.119,2304,0
PLW,D,20170512,000000,52.119,52.119,49.406,52.109,661,0
PLW,D,20170515,000000,51.649,51.657,49.499,51.565,750,0
PLW,D,20170516,000000,51.565,51.565,49.397,49.397,1227,0
PLW,D,20170517,000000,50.736,50.736,46.123,47.968,3045,0
PLW,D,20170518,000000,48.706,48.891,47.506,47.506,418,0
PLW,D,20170519,000000,47.506,50.736,47.461,50.736,493,0
PLW,D,20170522,000000,50.736,50.736,49.812,50.736,269,0
PLW,D,20170523,000000,50.736,50.736,49.868,50.736,577,0
PLW,D,20170524,000000,50.736,50.736,50.716,50.716,20,0
PLW,D,20170525,000000,50.736,52.228,49.812,52.228,1225,0
PLW,D,20170526,000000,52.395,52.395,50.55,50.55,200,0
PLW,D,20170529,000000,52.395,52.765,49.582,52.765,404,0
PLW,D,20170530,000000,52.755,53.871,50.412,53.871,3184,0
PLW,D,20170531,000000,53.871,54.655,52.571,52.571,2014,0
PLW,D,20170601,000000,52.571,54.7,52.571,54.148,1523,0
PLW,D,20170602,000000,54.415,54.415,53.271,53.364,203,0
PLW,D,20170605,000000,54.121,55.163,54.111,54.424,667,0
PLW,D,20170606,000000,55.227,55.227,53.503,55.163,986,0
PLW,D,20170607,000000,55.227,55.227,53.503,54.978,5677,0
PLW,D,20170608,000000,55.209,55.209,55.071,55.071,12,0
PLW,D,20170609,000000,55.227,55.227,55.218,55.218,2,0
PLW,D,20170612,000000,54.305,54.407,50.744,53.411,1109,0
PLW,D,20170613,000000,53.503,55.347,53.503,54.415,5292,0
PLW,D,20170614,000000,54.424,55.9,53.899,55.716,12483,0
PLW,D,20170616,000000,55.347,56.16,55.347,55.809,622,0
PLW,D,20170619,000000,55.44,55.716,55.347,55.716,1669,0
PLW,D,20170620,000000,56.269,56.269,53.041,53.041,6895,0
PLW,D,20170621,000000,53.503,53.503,53.041,53.411,1351,0
PLW,D,20170622,000000,54.424,56.085,53.973,54.886,6506,0
PLW,D,20170623,000000,55.347,55.347,54.424,55.32,409,0
PLW,D,20170626,000000,55.347,55.347,53.133,55.329,862,0
PLW,D,20170627,000000,55.329,55.329,54.424,54.424,114,0
PLW,D,20170628,000000,54.886,55.347,54.424,54.609,810,0
PLW,D,20170629,000000,54.886,55.347,54.424,55.347,416,0
PLW,D,20170630,000000,55.347,56.269,54.526,56.242,2721,0
PLW,D,20170703,000000,56.242,57.192,56.242,56.979,4008,0
PLW,D,20170704,000000,57.008,57.182,56.316,56.888,1375,0
PLW,D,20170705,000000,56.87,56.87,54.886,54.886,1500,0
PLW,D,20170706,000000,55.799,55.799,54.517,55.246,867,0
PLW,D,20170707,000000,55.255,56.519,55.255,56.519,275,0
PLW,D,20170710,000000,57.654,57.654,57.192,57.192,1604,0
PLW,D,20170711,000000,57.192,57.542,55.347,55.44,1565,0
PLW,D,20170712,000000,56.269,56.269,55.809,55.809,768,0
PLW,D,20170713,000000,56.269,56.269,55.347,56.26,192,0
PLW,D,20170714,000000,56.26,56.269,54.886,56.168,477,0
PLW,D,20170717,000000,56.178,56.269,54.932,56.269,1063,0
PLW,D,20170718,000000,56.722,56.722,54.978,55.347,734,0
PLW,D,20170719,000000,56.269,56.537,55.347,56.269,1375,0
PLW,D,20170720,000000,56.362,56.362,56.269,56.269,442,0
PLW,D,20170721,000000,56.362,56.546,53.963,55.347,2225,0
PLW,D,20170724,000000,55.255,55.255,49.73,52.212,15942,0
PLW,D,20170725,000000,53.317,55.246,53.225,54.323,5088,0
PLW,D,20170726,000000,54.305,54.785,53.503,54.424,2249,0
PLW,D,20170727,000000,51.888,55.163,51.888,55.163,9005,0
PLW,D,20170728,000000,55.992,55.992,53.53,55.338,35664,0
PLW,D,20170731,000000,56.269,56.731,53.963,56.26,6454,0
PLW,D,20170801,000000,56.454,56.454,54.96,55.809,3476,0
PLW,D,20170802,000000,56.731,56.731,55.347,56.224,5303,0
PLW,D,20170803,000000,56.269,56.269,54.794,55.523,1566,0
PLW,D,20170804,000000,55.716,55.716,53.641,55.301,962,0
PLW,D,20170807,000000,55.292,55.292,53.53,55.292,2559,0
PLW,D,20170808,000000,55.246,55.255,54.121,54.452,5682,0
PLW,D,20170809,000000,55.182,55.182,51.666,53.041,5341,0
PLW,D,20170810,000000,54.886,54.886,52.165,53.503,1061,0
PLW,D,20170811,000000,54.7,54.7,51.657,53.503,384,0
PLW,D,20170814,000000,54.424,54.424,52.579,53.503,1086,0
PLW,D,20170816,000000,53.503,53.503,51.666,53.503,1713,0
PLW,D,20170817,000000,53.494,53.494,51.759,52.579,303,0
PLW,D,20170818,000000,51.888,52.212,50.736,51.75,1487,0
PLW,D,20170821,000000,53.457,55.227,52.948,53.955,9680,0
PLW,D,20170822,000000,54.102,54.886,54.102,54.877,6493,0
PLW,D,20170823,000000,55.209,55.301,54.424,54.886,891,0
PLW,D,20170824,000000,54.886,54.886,54.444,54.748,4614,0
PLW,D,20170825,000000,54.886,54.886,54.609,54.609,4396,0
PLW,D,20170828,000000,55.347,55.347,54.424,54.424,8534,0
PLW,D,20170829,000000,55.32,55.32,54.424,55.051,11049,0
PLW,D,20170830,000000,54.886,56.731,54.794,56.731,7807,0
PLW,D,20170831,000000,57.192,57.93,56.269,57.192,29268,0
PLW,D,20170901,000000,57.192,58.363,57.192,58.363,13007,0
PLW,D,20170904,000000,58.106,59.027,58.106,58.844,7123,0
PLW,D,20170905,000000,58.844,59.027,58.391,58.926,5107,0
PLW,D,20170906,000000,58.853,58.853,58.391,58.391,9795,0
PLW,D,20170907,000000,58.576,58.576,55.44,57.192,7408,0
PLW,D,20170908,000000,57.192,58.474,57.192,58.391,702,0
PLW,D,20170911,000000,58.945,61.113,58.853,61.113,69487,0
PLW,D,20170912,000000,61.703,63.464,59.959,62.911,13620,0
PLW,D,20170913,000000,62.911,63.65,62.727,63.464,6602,0
PLW,D,20170914,000000,63.049,63.049,60.891,62.8,4668,0
PLW,D,20170915,000000,62.736,62.736,61.343,62.266,4086,0
PLW,D,20170918,000000,62.266,67.063,62.266,65.955,5137,0
PLW,D,20170919,000000,65.494,66.869,63.096,64.202,4127,0
PLW,D,20170920,000000,65.015,65.015,63.106,63.106,1803,0
PLW,D,20170921,000000,63.548,63.65,61.352,62.699,4131,0
PLW,D,20170922,000000,62.681,62.681,60.882,62.081,1260,0
PLW,D,20170925,000000,61.62,61.62,58.992,59.083,10449,0
PLW,D,20170926,000000,59.959,59.959,55.854,58.567,4945,0
PLW,D,20170927,000000,58.114,61.712,57.202,60.743,2867,0
PLW,D,20170928,000000,60.743,61.343,60.743,61.158,416,0
PLW,D,20170929,000000,61.804,61.989,60.422,61.795,2370,0
PLW,D,20171002,000000,61.804,62.727,59.047,59.866,3348,0
PLW,D,20171003,000000,59.959,63.187,59.959,63.187,31300,0
PLW,D,20171004,000000,63.834,63.834,62.035,62.634,1480,0
PLW,D,20171005,000000,62.358,63.18,60.429,62.625,624,0
PLW,D,20171006,000000,62.625,63.004,60.56,62.681,32952,0
PLW,D,20171009,000000,63.65,63.65,60.707,60.707,889,0
PLW,D,20171010,000000,61.804,63.65,60.051,62.516,1880,0
PLW,D,20171011,000000,62.516,63.502,61.712,62.257,233,0
PLW,D,20171012,000000,62.257,62.717,60.144,62.717,1140,0
PLW,D,20171013,000000,62.708,62.708,60.983,61.804,111,0
PLW,D,20171016,000000,62.717,63.418,59.222,63.187,4050,0
PLW,D,20171017,000000,63.65,63.65,61.989,63.18,2492,0
PLW,D,20171018,000000,63.18,63.187,60.467,60.882,5149,0
PLW,D,20171019,000000,61.795,61.795,60.422,60.882,826,0
PLW,D,20171020,000000,61.612,61.612,59.313,60.661,424,0
PLW,D,20171023,000000,59.895,59.895,57.017,57.017,4455,0
PLW,D,20171024,000000,58.188,58.188,53.697,54.932,3610,0
PLW,D,20171025,000000,55.117,56.529,53.041,56.529,5607,0
PLW,D,20171026,000000,56.529,57.469,56.454,57.469,1227,0
PLW,D,20171027,000000,58.106,58.106,57.192,57.377,275,0
PLW,D,20171030,000000,57.192,58.382,56.546,57.469,2479,0
PLW,D,20171031,000000,58.391,60.144,57.469,59.027,1187,0
PLW,D,20171102,000000,59.222,59.222,57.883,57.883,363,0
PLW,D,20171103,000000,57.893,58.576,57.893,58.576,1141,0
PLW,D,20171106,000000,58.576,58.576,57.202,58.484,1562,0
PLW,D,20171107,000000,58.114,58.114,56.824,58.114,16662,0
PLW,D,20171108,000000,56.824,58.114,56.824,57.192,856,0
PLW,D,20171109,000000,58.021,58.021,55.624,56.693,908,0
PLW,D,20171110,000000,55.347,58.021,55.347,57.634,1172,0
PLW,D,20171113,000000,57.192,57.634,56.316,57.634,311,0
PLW,D,20171114,000000,57.634,57.634,56.279,56.731,409,0
PLW,D,20171115,000000,56.279,57.561,56.279,57.561,438,0
PLW,D,20171116,000000,56.777,57.745,56.454,57.745,1017,0
PLW,D,20171117,000000,58.114,59.498,57.792,59.498,1225,0
PLW,D,20171120,000000,59.959,59.959,58.114,59.765,1153,0
PLW,D,20171121,000000,59.765,60.882,59.037,60.882,1345,0
PLW,D,20171122,000000,60.901,62.21,59.959,60.873,859,0
PLW,D,20171123,000000,60.873,61.786,58.409,61.786,804,0
PLW,D,20171124,000000,62.081,62.081,61.343,61.804,534,0
PLW,D,20171127,000000,62.727,62.727,61.343,61.804,6694,0
PLW,D,20171128,000000,62.625,62.625,59.959,61.251,2241,0
PLW,D,20171129,000000,61.804,61.804,59.139,60.144,692,0
PLW,D,20171130,000000,60.144,60.144,57.192,58.844,2273,0
PLW,D,20171201,000000,59.866,59.866,57.93,58.484,184,0
PLW,D,20171204,000000,58.484,59.95,57.192,58.576,772,0
PLW,D,20171205,000000,58.484,58.853,58.021,58.853,85,0
PLW,D,20171206,000000,59.775,59.775,57.671,58.76,89,0
PLW,D,20171207,000000,58.76,58.853,58.114,58.76,248,0
PLW,D,20171208,000000,58.76,58.853,57.838,58.853,967,0
PLW,D,20171211,000000,58.576,59.683,58.576,59.13,297,0
PLW,D,20171212,000000,59.13,59.13,58.308,59.037,582,0
PLW,D,20171213,000000,59.037,59.037,57.192,57.192,1738,0
PLW,D,20171214,000000,58.114,58.853,57.284,58.114,859,0
PLW,D,20171215,000000,58.114,58.114,55.799,55.799,1678,0
PLW,D,20171218,000000,57.091,57.091,55.338,56.269,1351,0
PLW,D,20171219,000000,56.269,58.576,56.269,58.114,38157,0
PLW,D,20171220,000000,59.498,59.498,58.114,58.114,248,0
PLW,D,20171221,000000,58.114,58.114,57.976,58.114,33005,0
PLW,D,20171222,000000,57.654,58.114,57.202,57.654,3239,0
PLW,D,20171227,000000,58.114,61.066,58.114,60.873,30681,0
PLW,D,20171228,000000,61.666,61.666,59.959,60.789,1452,0
PLW,D,20171229,000000,59.969,60.975,59.498,59.95,2421,0
PLW,D,20180103,000000,59.406,59.959,58.299,59.037,583,0
PLW,D,20180104,000000,59.037,59.037,58.484,59.037,1012,0
PLW,D,20180105,000000,59.959,59.959,59.406,59.775,84,0
PLW,D,20180108,000000,59.775,62.173,59.775,60.698,5443,0
PLW,D,20180109,000000,61.804,62.358,61.251,62.358,5548,0
PLW,D,20180110,000000,62.727,63.65,61.435,62.727,9034,0
PLW,D,20180111,000000,63.096,63.28,62.358,62.358,1551,0
PLW,D,20180112,000000,63.65,64.202,62.358,63.28,7156,0
PLW,D,20180115,000000,63.28,64.202,61.989,62.173,2148,0
PLW,D,20180116,000000,62.543,63.464,62.543,63.464,1344,0
PLW,D,20180117,000000,63.464,63.464,62.727,62.911,967,0
PLW,D,20180118,000000,63.464,66.231,63.464,66.231,18163,0
PLW,D,20180119,000000,66.417,68.815,66.417,68.261,9181,0
PLW,D,20180122,000000,68.815,75.641,68.815,75.641,22490,0
PLW,D,20180123,000000,78.593,85.604,78.408,79.331,30796,0
PLW,D,20180124,000000,79.331,80.253,74.718,76.564,11736,0
PLW,D,20180125,000000,76.564,78.962,76.564,78.039,3229,0
PLW,D,20180126,000000,78.039,79.331,78.039,79.147,1492,0
PLW,D,20180129,000000,79.331,80.069,77.486,79.331,4071,0
PLW,D,20180130,000000,79.331,79.331,77.855,78.408,1067,0
PLW,D,20180131,000000,77.302,78.408,77.302,78.408,693,0
PLW,D,20180201,000000,77.486,79.147,72.506,75.641,1659,0
PLW,D,20180202,000000,75.457,75.641,73.797,74.165,2463,0
PLW,D,20180205,000000,73.797,77.486,69.922,76.564,5957,0
PLW,D,20180206,000000,71.952,74.718,70.106,71.952,9075,0
PLW,D,20180207,000000,73.427,79.147,73.427,77.486,6770,0
PLW,D,20180208,000000,78.962,79.147,77.302,77.302,4419,0
PLW,D,20180209,000000,76.01,77.486,74.718,77.302,2333,0
PLW,D,20180212,000000,77.302,78.224,77.302,78.039,1193,0
PLW,D,20180213,000000,78.408,82.652,78.408,79.331,10025,0
PLW,D,20180214,000000,79.884,80.623,79.331,79.331,3376,0
PLW,D,20180215,000000,79.7,80.253,77.302,78.224,2861,0
PLW,D,20180216,000000,78.408,80.253,77.486,79.516,4026,0
PLW,D,20180219,000000,78.962,79.331,76.748,79.147,426,0
PLW,D,20180220,000000,78.962,81.729,78.962,81.176,2325,0
PLW,D,20180221,000000,81.176,81.913,80.253,81.176,5531,0
PLW,D,20180222,000000,81.176,81.913,80.807,81.545,22283,0
PLW,D,20180223,000000,81.729,85.972,81.729,84.866,15710,0
PLW,D,20180226,000000,85.05,85.789,83.204,83.943,5574,0
PLW,D,20180227,000000,83.021,83.943,82.098,82.098,2451,0
PLW,D,20180228,000000,82.468,83.759,82.098,83.204,4032,0
PLW,D,20180301,000000,84.866,84.866,79.7,82.098,1537,0
PLW,D,20180302,000000,82.468,82.468,80.253,80.253,2301,0
PLW,D,20180305,000000,80.253,82.098,80.253,80.992,1738,0
PLW,D,20180306,000000,81.36,83.759,81.36,82.098,1964,0
PLW,D,20180307,000000,83.39,84.496,82.098,84.128,8793,0
PLW,D,20180308,000000,84.681,84.681,83.021,84.496,2159,0
PLW,D,20180309,000000,83.204,86.525,82.837,85.789,16568,0
PLW,D,20180312,000000,87.634,90.031,87.08,87.08,8609,0
PLW,D,20180313,000000,87.08,88.555,85.789,88.187,2963,0
PLW,D,20180314,000000,88.555,91.876,88.371,91.876,4696,0
PLW,D,20180315,000000,91.692,94.094,89.479,94.094,11288,0
PLW,D,20180316,000000,94.094,94.556,90.031,91.323,4932,0
PLW,D,20180319,000000,91.876,92.707,90.216,92.246,12700,0
PLW,D,20180320,000000,90.401,91.876,89.846,90.031,15199,0
PLW,D,20180321,000000,90.031,91.138,87.08,90.216,6003,0
PLW,D,20180322,000000,90.401,90.955,89.109,90.401,3353,0
PLW,D,20180323,000000,89.663,91.138,89.479,90.955,1271,0
PLW,D,20180326,000000,88.925,90.584,88.002,88.002,4816,0
PLW,D,20180327,000000,89.293,89.663,88.555,88.555,789,0
PLW,D,20180328,000000,88.555,88.555,84.496,85.789,5294,0
PLW,D,20180329,000000,88.555,89.846,85.234,89.846,3518,0
PLW,D,20180403,000000,90.031,90.031,88.187,89.293,549,0
PLW,D,20180404,000000,89.479,89.479,87.264,87.817,2659,0
PLW,D,20180405,000000,87.817,89.479,81.176,83.39,2675,0
PLW,D,20180406,000000,84.313,92.707,83.943,92.246,11293,0
PLW,D,20180409,000000,101.48,108.39,96.858,101.01,17937,0
PLW,D,20180410,000000,103.31,107.92,102.39,106.08,18457,0
PLW,D,20180411,000000,106.08,108.39,101.48,102.86,22275,0
PLW,D,20180412,000000,102.86,102.86,97.781,101.01,5505,0
PLW,D,20180413,000000,101.93,103.31,99.63,99.63,3532,0
PLW,D,20180416,000000,102.39,102.39,95.935,97.781,8416,0
PLW,D,20180417,000000,97.781,98.705,94.556,95.935,7770,0
PLW,D,20180418,000000,97.315,97.315,94.556,95.935,3604,0
PLW,D,20180419,000000,94.556,96.858,89.293,90.955,18626,0
PLW,D,20180420,000000,95.02,96.858,91.323,92.246,17161,0
PLW,D,20180423,000000,95.477,95.935,90.401,91.692,13350,0
PLW,D,20180424,000000,92.246,93.167,90.584,90.769,4513,0
PLW,D,20180425,000000,90.401,91.876,87.817,90.769,5105,0
PLW,D,20180426,000000,90.216,96.403,90.216,92.246,18511,0
PLW,D,20180427,000000,95.02,95.02,90.769,91.508,13762,0
PLW,D,20180430,000000,94.094,99.171,93.167,96.858,35065,0
PLW,D,20180502,000000,102.39,105.15,98.705,99.63,36386,0
PLW,D,20180504,000000,101.93,103.77,100.55,102.86,22075,0
PLW,D,20180507,000000,103.31,107.01,101.48,102.39,29621,0
PLW,D,20180508,000000,103.31,104.69,97.781,101.48,28982,0
PLW,D,20180509,000000,101.48,104.24,99.63,103.77,24259,0
PLW,D,20180510,000000,104.24,118.53,104.24,118.07,84532,0
PLW,D,20180511,000000,123.6,139.28,119.92,137.45,87163,0
PLW,D,20180514,000000,140.67,150.82,126.84,135.14,124061,0
PLW,D,20180515,000000,136.52,136.52,128.23,133.29,28189,0
PLW,D,20180516,000000,133.76,159.57,133.76,155.9,75850,0
PLW,D,20180517,000000,158.66,159.57,128.69,130.99,119020,0
PLW,D,20180518,000000,143.43,143.9,126.37,134.68,92243,0
PLW,D,20180521,000000,152.2,156.81,142.05,147.14,103420,0
PLW,D,20180522,000000,150.82,158.66,149.44,158.66,92079,0
PLW,D,20180523,000000,158.19,169.73,155.9,164.2,101765,0
PLW,D,20180524,000000,164.2,166.97,156.81,163.28,65175,0
PLW,D,20180525,000000,163.28,166.97,158.66,161.44,43894,0
PLW,D,20180528,000000,166.04,168.81,157.74,159.57,68364,0
PLW,D,20180529,000000,165.11,165.58,136.98,139.28,130965,0
PLW,D,20180530,000000,110.69,125.45,103.31,107.92,224502,0
PLW,D,20180601,000000,109.77,109.77,90.769,101.48,217539,0
PLW,D,20180604,000000,103.77,124.98,103.77,124.53,126142,0
PLW,D,20180605,000000,130.07,133.76,123.6,130.07,84809,0
PLW,D,20180606,000000,126.37,130.07,117.61,124.53,85024,0
PLW,D,20180607,000000,125.45,126.84,119.92,123.15,24554,0
PLW,D,20180608,000000,121.3,122.69,112.07,113.47,33706,0
PLW,D,20180611,000000,113.47,118.07,103.31,117.15,74888,0
PLW,D,20180612,000000,118.99,121.3,113.01,114.39,22108,0
PLW,D,20180613,000000,116.23,116.23,110.69,112.55,13050,0
PLW,D,20180614,000000,112.07,125.92,110.69,124.53,45345,0
PLW,D,20180615,000000,127.31,127.31,121.76,121.76,40083,0
PLW,D,20180618,000000,123.6,125.45,118.53,119.92,24197,0
PLW,D,20180619,000000,118.07,118.07,114.39,116.23,17381,0
PLW,D,20180620,000000,115.31,118.07,113.01,118.07,15787,0
PLW,D,20180621,000000,117.61,119.46,113.47,114.85,12541,0
PLW,D,20180622,000000,115.31,115.31,109.77,112.07,16541,0
PLW,D,20180625,000000,112.55,112.55,106.54,110.23,12876,0
PLW,D,20180626,000000,110.23,110.69,106.08,106.08,24836,0
PLW,D,20180627,000000,104.24,106.08,99.63,106.08,35773,0
PLW,D,20180628,000000,106.08,121.76,106.08,115.31,31723,0
PLW,D,20180629,000000,117.15,121.76,116.23,119.92,29168,0
PLW,D,20180702,000000,118.99,121.76,114.39,116.23,20269,0
PLW,D,20180703,000000,117.61,117.61,114.39,117.15,4113,0
PLW,D,20180704,000000,118.53,123.6,117.15,121.3,17007,0
PLW,D,20180705,000000,121.3,123.6,120.38,121.76,8804,0
PLW,D,20180706,000000,125.45,126.84,118.07,118.53,31396,0
PLW,D,20180709,000000,120.42,121.36,112.89,117.59,13791,0
PLW,D,20180710,000000,119.48,119.48,113.83,117.59,26043,0
PLW,D,20180711,000000,117.59,117.59,113.37,116.18,9059,0
PLW,D,20180712,000000,115.71,117.59,115.24,116.65,8070,0
PLW,D,20180713,000000,116.65,117.59,113.83,114.77,17284,0
PLW,D,20180716,000000,115.24,116.65,113.83,114.77,12195,0
PLW,D,20180717,000000,114.77,130.77,114.77,129.82,67648,0
PLW,D,20180718,000000,129.36,129.36,117.59,118.53,61187,0
PLW,D,20180719,000000,119.95,124.65,118.53,122.3,17092,0
PLW,D,20180720,000000,123.71,127,119.95,121.36,26226,0
PLW,D,20180723,000000,128.89,130.77,126.53,130.77,59634,0
PLW,D,20180724,000000,132.64,145.82,132.64,140.18,96344,0
PLW,D,20180725,000000,140.64,146.75,139.23,145.34,45916,0
PLW,D,20180726,000000,147.69,147.69,138.77,143,27735,0
PLW,D,20180727,000000,142.05,153.81,142.05,153.34,63912,0
PLW,D,20180730,000000,155.22,163.69,155.22,161.81,55113,0
PLW,D,20180731,000000,162.28,164.63,154.28,154.75,37304,0
PLW,D,20180801,000000,150.99,158.05,147.69,154.28,28267,0
PLW,D,20180802,000000,154.75,158.99,151.46,156.63,13727,0
PLW,D,20180803,000000,156.16,156.16,150.06,151.46,24286,0
PLW,D,20180806,000000,149.58,157.1,149.58,155.22,22792,0
PLW,D,20180807,000000,155.69,162.28,155.22,159.93,22887,0
PLW,D,20180808,000000,159.93,161.81,156.16,157.1,21505,0
PLW,D,20180809,000000,160.88,161.81,158.05,161.81,23685,0
PLW,D,20180810,000000,159.93,160.88,155.22,156.63,20900,0
PLW,D,20180813,000000,155.69,160.88,155.22,160.88,17906,0
PLW,D,20180814,000000,161.34,161.34,151.93,154.28,30813,0
PLW,D,20180816,000000,144.87,152.87,137.82,150.99,61107,0
PLW,D,20180817,000000,150.99,153.34,145.82,152.87,25227,0
PLW,D,20180820,000000,152.87,153.34,149.11,149.11,10562,0
PLW,D,20180821,000000,151.46,151.46,147.69,151.46,10043,0
PLW,D,20180822,000000,151.46,151.46,147.69,149.11,7229,0
PLW,D,20180823,000000,149.58,149.58,146.28,147.69,5451,0
PLW,D,20180824,000000,148.17,148.65,146.75,147.69,2399,0
PLW,D,20180827,000000,147.69,150.52,143,143,21103,0
PLW,D,20180828,000000,141.11,143,139.23,141.59,14413,0
PLW,D,20180829,000000,141.11,141.11,137.35,139.7,16790,0
PLW,D,20180830,000000,138.77,144.87,137.82,144.41,11318,0
PLW,D,20180831,000000,143.93,145.82,138.29,143,12855,0
PLW,D,20180903,000000,140.64,143,128.89,130.77,21593,0
PLW,D,20180904,000000,129.82,137.82,129.82,134.53,19258,0
PLW,D,20180905,000000,134.53,135.94,130.3,132.64,10325,0
PLW,D,20180906,000000,132.64,132.64,129.82,131.23,11477,0
PLW,D,20180907,000000,130.77,141.11,126.06,132.64,24984,0
PLW,D,20180910,000000,132.64,134.53,129.82,131.71,11479,0
PLW,D,20180911,000000,132.64,132.64,123.71,130.77,13761,0
PLW,D,20180912,000000,129.82,130.3,126.53,128.89,7619,0
PLW,D,20180913,000000,128.89,129.82,127,128.89,5406,0
PLW,D,20180914,000000,127,131.71,127,131.23,11320,0
PLW,D,20180917,000000,131.71,143,131.71,143,19799,0
PLW,D,20180918,000000,142.05,150.52,141.11,149.58,20239,0
PLW,D,20180919,000000,150.52,150.52,142.05,144.87,10695,0
PLW,D,20180920,000000,145.34,150.52,145.34,148.65,13652,0
PLW,D,20180921,000000,149.11,150.06,144.87,147.69,16639,0
PLW,D,20180924,000000,150.06,152.4,137.82,142.05,39463,0
PLW,D,20180925,000000,142.52,143,136.87,140.64,17433,0
PLW,D,20180926,000000,141.11,143.93,140.64,142.05,7781,0
PLW,D,20180927,000000,141.11,141.11,136.41,137.82,7534,0
PLW,D,20180928,000000,138.29,138.77,132.18,134.53,18654,0
PLW,D,20181001,000000,134.53,137.82,132.64,135,5317,0
PLW,D,20181002,000000,135.46,141.59,135,140.18,10698,0
PLW,D,20181003,000000,141.11,144.41,141.11,143.46,10124,0
PLW,D,20181004,000000,143.46,143.93,135,137.35,9590,0
PLW,D,20181005,000000,137.35,139.7,134.53,138.29,7532,0
PLW,D,20181008,000000,138.29,142.05,131.23,133.59,15028,0
PLW,D,20181009,000000,133.12,134.53,126.06,132.64,13878,0
PLW,D,20181010,000000,134.53,135.46,121.36,122.77,32351,0
PLW,D,20181011,000000,115.24,119.48,112.89,114.77,46416,0
PLW,D,20181012,000000,118.06,123.24,117.59,120.42,21858,0
PLW,D,20181015,000000,123.24,127,114.77,116.65,22850,0
PLW,D,20181016,000000,117.12,124.18,116.65,121.83,19761,0
PLW,D,20181017,000000,125.12,127,121.83,121.83,21969,0
PLW,D,20181018,000000,121.83,123.24,119.48,120.89,8145,0
PLW,D,20181019,000000,120.42,121.36,118.53,119.95,8302,0
PLW,D,20181022,000000,120.42,120.89,114.77,117.12,23933,0
PLW,D,20181023,000000,115.24,115.71,109.13,109.59,39293,0
PLW,D,20181024,000000,110.07,116.18,110.07,111.48,20608,0
PLW,D,20181025,000000,108.18,115.71,106.77,115.71,31796,0
PLW,D,20181026,000000,115.71,117.59,109.13,110.07,39846,0
PLW,D,20181029,000000,110.07,112.89,108.65,111.01,14080,0
PLW,D,20181030,000000,110.55,114.3,109.13,112.42,12535,0
PLW,D,20181031,000000,115.24,115.24,111.01,112.42,20628,0
PLW,D,20181102,000000,115.24,117.59,111.96,113.83,21776,0
PLW,D,20181105,000000,113.83,116.18,110.07,113.83,17368,0
PLW,D,20181106,000000,113.83,115.71,111.96,114.3,11153,0
PLW,D,20181107,000000,113.83,123.24,113.83,123.24,25286,0
PLW,D,20181108,000000,125.59,130.77,124.18,129.36,28830,0
PLW,D,20181109,000000,129.36,129.36,123.24,124.18,11214,0
PLW,D,20181113,000000,132.64,140.18,128.89,129.82,36799,0
PLW,D,20181114,000000,130.77,130.77,123.24,127.94,17161,0
PLW,D,20181115,000000,128.89,128.89,119.95,122.77,15947,0
PLW,D,20181116,000000,123.24,126.06,114.77,125.59,24033,0
PLW,D,20181119,000000,124.18,126.53,120.89,123.71,14690,0
PLW,D,20181120,000000,121.36,122.3,116.65,117.59,23023,0
PLW,D,20181121,000000,118.53,121.83,117.12,118.53,31533,0
PLW,D,20181122,000000,119.48,123.71,117.12,120.42,13107,0
PLW,D,20181123,000000,122.3,125.12,120.42,123.71,14210,0
PLW,D,20181126,000000,127.94,139.23,127,131.23,55347,0
PLW,D,20181127,000000,128.89,129.36,124.18,127.94,13308,0
PLW,D,20181128,000000,127.94,129.82,127.47,128.89,11389,0
PLW,D,20181129,000000,131.23,133.59,130.3,133.59,15662,0
PLW,D,20181130,000000,133.59,134.05,130.77,133.12,4946,0
PLW,D,20181203,000000,134.05,139.23,132.64,137.82,28743,0
PLW,D,20181204,000000,138.29,138.29,133.59,136.87,11265,0
PLW,D,20181205,000000,133.59,134.53,129.36,133.59,12135,0
PLW,D,20181206,000000,133.59,137.35,130.3,135,14726,0
PLW,D,20181207,000000,135.46,138.29,134.05,134.53,13972,0
PLW,D,20181210,000000,132.18,133.12,126.53,126.53,21680,0
PLW,D,20181211,000000,130.77,131.23,127.47,127.94,7283,0
PLW,D,20181212,000000,129.82,129.82,126.53,129.82,7094,0
PLW,D,20181213,000000,130.77,130.77,127.47,128.4,9465,0
PLW,D,20181214,000000,127.47,129.36,126.53,127.94,4716,0
PLW,D,20181217,000000,127.47,128.89,120.42,122.77,18237,0
PLW,D,20181218,000000,120.42,122.3,118.53,122.3,17045,0
PLW,D,20181219,000000,123.71,126.53,122.3,126.53,11743,0
PLW,D,20181220,000000,124.18,126.06,122.3,123.24,17199,0
PLW,D,20181221,000000,123.24,125.59,121.36,121.36,20590,0
PLW,D,20181227,000000,126.06,126.53,122.77,126.53,9041,0
PLW,D,20181228,000000,126.06,127,124.18,127,8740,0
PLW,D,20190102,000000,128.4,135,126.06,131.71,27543,0
PLW,D,20190103,000000,131.71,133.59,127.47,128.4,8461,0
PLW,D,20190104,000000,130.3,133.59,128.4,133.59,9972,0
PLW,D,20190107,000000,136.41,142.05,135.46,142.05,41500,0
PLW,D,20190108,000000,143,143.46,140.18,141.59,15894,0
PLW,D,20190109,000000,143,147.23,141.59,144.87,18595,0
PLW,D,20190110,000000,144.41,146.28,141.59,143.46,12169,0
PLW,D,20190111,000000,146.28,146.28,143,143.93,11832,0
PLW,D,20190114,000000,144.41,144.87,141.11,143.46,8562,0
PLW,D,20190115,000000,143.93,145.34,143,143.93,4503,0
PLW,D,20190116,000000,143.93,150.52,143.93,150.52,23822,0
PLW,D,20190117,000000,150.52,155.22,146.75,150.52,17818,0
PLW,D,20190118,000000,150.99,153.81,150.99,152.4,11747,0
PLW,D,20190121,000000,152.4,155.22,151.46,152.4,4949,0
PLW,D,20190122,000000,152.87,153.81,148.17,148.65,16388,0
PLW,D,20190123,000000,147.69,156.16,145.82,154.28,38741,0
PLW,D,20190124,000000,154.28,157.1,150.99,152.87,8328,0
PLW,D,20190125,000000,153.81,154.28,150.52,152.87,6187,0
PLW,D,20190128,000000,153.34,153.81,147.69,149.58,13088,0
PLW,D,20190129,000000,147.69,155.22,147.69,152.4,9890,0
PLW,D,20190130,000000,152.87,153.34,150.52,150.99,2782,0
PLW,D,20190131,000000,153.34,154.75,151.46,151.46,17308,0
PLW,D,20190201,000000,151.93,151.93,149.58,150.52,6087,0
PLW,D,20190204,000000,150.52,154.28,150.52,153.34,9414,0
PLW,D,20190205,000000,154.28,154.75,152.4,154.28,7221,0
PLW,D,20190206,000000,153.34,153.34,148.17,148.65,21797,0
PLW,D,20190207,000000,148.65,148.65,135.94,146.75,34650,0
PLW,D,20190208,000000,143.93,145.82,140.18,143,18532,0
PLW,D,20190211,000000,143,143,140.64,142.52,8013,0
PLW,D,20190212,000000,142.52,146.28,141.59,145.34,9854,0
PLW,D,20190213,000000,146.75,146.75,143,144.87,3151,0
PLW,D,20190214,000000,143.46,146.75,143.46,145.82,2525,0
PLW,D,20190215,000000,144.87,151.46,143,147.69,9046,0
PLW,D,20190218,000000,149.11,150.06,146.28,147.69,6804,0
PLW,D,20190219,000000,147.23,149.11,145.34,147.69,4926,0
PLW,D,20190220,000000,148.65,148.65,144.87,145.82,2373,0
PLW,D,20190221,000000,146.28,146.75,144.41,145.82,3526,0
PLW,D,20190222,000000,145.34,146.75,143,145.82,4728,0
PLW,D,20190225,000000,146.75,146.75,142.52,145.82,9938,0
PLW,D,20190226,000000,146.28,146.28,143.93,144.41,4262,0
PLW,D,20190227,000000,145.34,149.11,145.34,146.28,9411,0
PLW,D,20190228,000000,147.23,150.99,147.23,149.58,7486,0
PLW,D,20190301,000000,150.06,152.4,149.11,149.58,11781,0
PLW,D,20190304,000000,151.46,154.28,151.46,152.4,4976,0
PLW,D,20190305,000000,153.34,153.34,149.58,151.46,3349,0
PLW,D,20190306,000000,151.46,152.87,150.06,151.46,3848,0
PLW,D,20190307,000000,151.46,151.46,149.11,150.52,2733,0
PLW,D,20190308,000000,149.11,150.52,146.28,150.52,9684,0
PLW,D,20190311,000000,152.4,152.4,150.52,150.52,6323,0
PLW,D,20190312,000000,151.46,152.4,150.52,151.93,5133,0
PLW,D,20190313,000000,151.93,158.52,150.52,157.1,22607,0
PLW,D,20190314,000000,160.4,163.69,159.93,160.4,24521,0
PLW,D,20190315,000000,159.93,160.88,158.05,158.05,12431,0
PLW,D,20190318,000000,159.93,165.1,159.93,163.22,15685,0
PLW,D,20190319,000000,164.16,167.46,163.69,164.63,13893,0
PLW,D,20190320,000000,164.63,169.34,163.22,163.22,16469,0
PLW,D,20190321,000000,163.22,163.22,159.47,161.81,7883,0
PLW,D,20190322,000000,163.69,165.57,157.1,158.05,9334,0
PLW,D,20190325,000000,158.99,159.93,154.75,159.93,7849,0
PLW,D,20190326,000000,161.81,164.16,160.88,163.69,5758,0
PLW,D,20190327,000000,164.63,164.63,162.28,163.69,5747,0
PLW,D,20190328,000000,164.63,173.1,162.75,171.22,25747,0
PLW,D,20190329,000000,171.69,177.81,166.99,169.81,30290,0
PLW,D,20190401,000000,171.97,173.85,168.4,173.47,11498,0
PLW,D,20190402,000000,174.04,178.74,174.04,176.48,17311,0
PLW,D,20190403,000000,180.06,181.56,177.42,179.69,29272,0
PLW,D,20190404,000000,180.63,181.94,171.59,176.87,20923,0
PLW,D,20190405,000000,177.81,177.81,170.46,172.91,19090,0
PLW,D,20190408,000000,173.1,178.74,173.1,178.18,6632,0
PLW,D,20190409,000000,178.37,178.74,175.91,176.67,4348,0
PLW,D,20190410,000000,176.67,176.67,173.66,173.85,6145,0
PLW,D,20190411,000000,176.87,180.25,174.6,177.42,12413,0
PLW,D,20190412,000000,178.74,180.63,177.81,179.49,6791,0
PLW,D,20190415,000000,179.69,183.45,179.69,183.45,11080,0
PLW,D,20190416,000000,184.01,189.1,183.26,183.45,17479,0
PLW,D,20190417,000000,183.45,185.33,179.69,180.63,10236,0
PLW,D,20190418,000000,180.63,184.01,180.63,183.26,5043,0
PLW,D,20190423,000000,183.26,189.56,181.56,188.15,6433,0
PLW,D,20190424,000000,187.78,190.03,183.63,183.63,14305,0
PLW,D,20190425,000000,183.63,184.95,180.06,184.95,12030,0
PLW,D,20190426,000000,187.59,190.03,181.76,183.63,20605,0
PLW,D,20190429,000000,184.38,186.28,182.51,182.51,7784,0
PLW,D,20190430,000000,183.45,184.77,180.63,182.51,5770,0
PLW,D,20190502,000000,189.1,190.97,182.7,188.15,14327,0
PLW,D,20190506,000000,189.56,189.56,184.38,187.21,15790,0
PLW,D,20190507,000000,187.21,187.21,179.69,180.81,12262,0
PLW,D,20190508,000000,178.93,179.49,172.16,178.37,15676,0
PLW,D,20190509,000000,178.55,178.55,173.1,174.04,10553,0
PLW,D,20190510,000000,174.04,181.56,174.04,179.69,8115,0
PLW,D,20190513,000000,178.74,179.69,171.59,171.78,12792,0
PLW,D,20190514,000000,172.16,174.98,171.78,173.66,7080,0
PLW,D,20190515,000000,174.8,175.91,172.53,174.98,4463,0
PLW,D,20190516,000000,174.41,174.98,171.78,173.1,17094,0
PLW,D,20190517,000000,175.73,175.73,171.22,172.73,4674,0
PLW,D,20190520,000000,173.1,173.1,161.81,167.08,26685,0
PLW,D,20190521,000000,165.57,165.57,161.24,161.24,21102,0
PLW,D,20190522,000000,158.05,164.26,152.4,161.81,43229,0
PLW,D,20190523,000000,162.56,162.56,154.1,154.85,15798,0
PLW,D,20190524,000000,153.15,160.68,148.65,158.99,15361,0
PLW,D,20190527,000000,159.74,159.74,157.3,158.43,4475,0
PLW,D,20190528,000000,159.17,159.74,157.86,158.05,3008,0
PLW,D,20190529,000000,157.48,157.48,147.69,151.27,13791,0
PLW,D,20190530,000000,169.34,173.1,165.39,170.08,52751,0
PLW,D,20190531,000000,169.34,169.34,164.06,167.46,12837,0
PLW,D,20190603,000000,168.77,168.77,158.99,159.55,9436,0
PLW,D,20190604,000000,159.93,162.75,157.48,161.44,15395,0
PLW,D,20190605,000000,164.06,167.84,164.06,167.46,10460,0
PLW,D,20190606,000000,168.4,168.96,162.75,166.89,8999,0
PLW,D,20190607,000000,169.34,180.63,167.26,176.87,32607,0
PLW,D,20190610,000000,180.25,180.25,170.66,172.35,15350,0
PLW,D,20190611,000000,173.1,173.1,166.89,171.22,8018,0
PLW,D,20190612,000000,170.28,170.28,161.81,162.95,11873,0
PLW,D,20190613,000000,164.44,168.96,162,168.01,6296,0
PLW,D,20190614,000000,167.84,168.58,163.69,163.69,2856,0
PLW,D,20190617,000000,162.75,165.39,159.93,164.63,10120,0
PLW,D,20190618,000000,165.77,168.01,162,166.89,4469,0
PLW,D,20190619,000000,165.39,166.51,162.95,163.51,1780,0
PLW,D,20190621,000000,163.88,165.57,160.3,160.3,8997,0
PLW,D,20190624,000000,160.68,165.57,160.68,164.06,4307,0
PLW,D,20190625,000000,164.06,164.44,162.56,163.51,2595,0
PLW,D,20190626,000000,163.51,163.51,160.5,161.44,5041,0
PLW,D,20190627,000000,161.05,164.63,160.88,164.44,4147,0
PLW,D,20190628,000000,164.06,167.46,163.69,164.63,7716,0
PLW,D,20190701,000000,166.51,169.71,166.51,166.51,5829,0
PLW,D,20190702,000000,167.26,167.84,165.01,167.26,4370,0
PLW,D,20190703,000000,167.46,169.34,165.77,169.34,6171,0
PLW,D,20190704,000000,169.34,173.29,169.34,172.73,11117,0
PLW,D,20190705,000000,171.78,176.11,171.78,174.23,6623,0
PLW,D,20190708,000000,174.98,179.49,174.98,177.81,12532,0
PLW,D,20190709,000000,178.37,178.37,173.29,174.6,5461,0
PLW,D,20190710,000000,174.6,177.05,174.23,175.36,4492,0
PLW,D,20190711,000000,174.23,175.55,169.34,170.46,15146,0
PLW,D,20190712,000000,169.52,171.22,165.95,170.28,9935,0
PLW,D,20190715,000000,170.66,172.35,169.15,172.35,2577,0
PLW,D,20190716,000000,172.53,172.91,171.02,171.78,1925,0
PLW,D,20190717,000000,171.97,171.97,167.46,169.71,6745,0
PLW,D,20190718,000000,170.09,172.57,169.71,172.57,4843,0
PLW,D,20190719,000000,172.77,175.24,172.77,174.48,3213,0
PLW,D,20190722,000000,175.43,177.34,172.95,175.05,2692,0
PLW,D,20190723,000000,174.86,174.86,173.52,173.52,1152,0
PLW,D,20190724,000000,173.52,175.05,172.95,174.67,745,0
PLW,D,20190725,000000,174.67,176.39,174.67,175.43,2323,0
PLW,D,20190726,000000,175.43,175.62,174.48,175.43,2894,0
PLW,D,20190729,000000,175.43,177.34,175.05,177.34,3152,0
PLW,D,20190730,000000,176.39,177.34,175.24,176.58,3156,0
PLW,D,20190731,000000,175.82,176.39,172,174.1,4184,0
PLW,D,20190801,000000,173.14,176.2,170.47,172.57,7931,0
PLW,D,20190802,000000,172.57,172.57,167.99,171.81,7371,0
PLW,D,20190805,000000,171.04,171.43,168.19,168.95,12887,0
PLW,D,20190806,000000,167.81,168.95,164.18,168.95,5219,0
PLW,D,20190807,000000,167.81,170.67,167.81,169.71,3541,0
PLW,D,20190808,000000,168.76,169.71,166.09,168.76,2571,0
PLW,D,20190809,000000,169.52,169.52,164.56,164.56,2346,0
PLW,D,20190812,000000,164.38,167.43,164.38,166.48,1675,0
PLW,D,20190813,000000,166.48,167.99,163.23,167.99,4049,0
PLW,D,20190814,000000,167.99,168.76,163.23,163.42,1904,0
PLW,D,20190816,000000,163.42,165.71,163.03,163.23,6584,0
PLW,D,20190819,000000,164,164,161.32,162.08,7211,0
PLW,D,20190820,000000,162.08,164.56,162.08,164,1306,0
PLW,D,20190821,000000,162.08,164.56,162.08,164.56,2459,0
PLW,D,20190822,000000,165.9,170.67,164.56,170.47,5006,0
PLW,D,20190823,000000,171.62,172.57,167.23,172.57,4173,0
PLW,D,20190826,000000,167.81,171.62,167.81,169.71,2540,0
PLW,D,20190827,000000,169.91,171.04,169.14,169.91,1254,0
PLW,D,20190828,000000,170.29,170.29,167.61,167.61,2742,0
PLW,D,20190829,000000,167.61,169.91,165.51,169.91,3371,0
PLW,D,20190830,000000,171.43,175.43,169.71,170.47,6421,0
PLW,D,20190902,000000,171.04,172.57,169.14,171.81,2537,0
PLW,D,20190903,000000,173.52,174.86,169.91,169.91,2369,0
PLW,D,20190904,000000,169.71,172.57,168.76,171.43,5573,0
PLW,D,20190905,000000,171.62,172.39,168.57,169.71,2717,0
PLW,D,20190906,000000,168.95,169.71,168.57,169.71,1537,0
PLW,D,20190909,000000,169.71,171.24,168.57,171.04,2446,0
PLW,D,20190910,000000,171.04,171.04,169.33,169.33,981,0
PLW,D,20190911,000000,170.09,173.14,168.76,173.14,2484,0
PLW,D,20190912,000000,172.57,173.52,171.04,172,3481,0
PLW,D,20190913,000000,173.14,175.43,172,175.05,4317,0
PLW,D,20190916,000000,175.05,183.44,173.91,183.44,11175,0
PLW,D,20190917,000000,183.63,186.87,178.68,179.05,19812,0
PLW,D,20190918,000000,179.05,180.2,177.34,179.05,4793,0
PLW,D,20190919,000000,178.86,181.15,178.68,181.15,2911,0
PLW,D,20190920,000000,181.15,183.06,175.43,175.43,10414,0
PLW,D,20190923,000000,177.15,182.87,177.15,180.01,7437,0
PLW,D,20190924,000000,179.25,182.3,178.3,182.11,3660,0
PLW,D,20190925,000000,181.15,183.06,179.25,182.87,3559,0
PLW,D,20190926,000000,182.87,185.54,180.39,184.39,2454,0
PLW,D,20190927,000000,184.39,185.34,181.34,182.68,2432,0
PLW,D,20190930,000000,182.68,183.06,174.1,179.63,22260,0
PLW,D,20191001,000000,181.15,181.15,173.52,178.3,9979,0
PLW,D,20191002,000000,175.82,176.39,169.71,169.71,13329,0
PLW,D,20191003,000000,168.76,171.62,164,169.14,10120,0
PLW,D,20191004,000000,169.71,174.67,169.71,174.67,3868,0
PLW,D,20191007,000000,175.62,179.05,175.62,179.05,3368,0
PLW,D,20191008,000000,179.43,182.49,179.25,181.15,4338,0
PLW,D,20191009,000000,181.73,181.73,177.53,180.2,2252,0
PLW,D,20191010,000000,180.2,180.78,177.53,178.48,2191,0
PLW,D,20191011,000000,179.25,181.91,178.86,180.2,2248,0
PLW,D,20191014,000000,179.82,182.11,177.72,182.11,4070,0
PLW,D,20191015,000000,183.06,183.06,179.82,181.73,2715,0
PLW,D,20191016,000000,179.82,183.06,179.82,181.53,2434,0
PLW,D,20191017,000000,181.53,181.91,178.1,181.91,2367,0
PLW,D,20191018,000000,181.53,181.53,176.39,179.05,1937,0
PLW,D,20191021,000000,179.05,179.25,177.72,178.3,1105,0
PLW,D,20191022,000000,178.3,180.39,176.39,177.34,2044,0
PLW,D,20191023,000000,176.2,176.58,173.14,173.14,3296,0
PLW,D,20191024,000000,172.57,175.43,172,173.52,1127,0
PLW,D,20191025,000000,175.43,175.43,171.04,173.52,8339,0
PLW,D,20191028,000000,173.52,174.48,171.24,173.34,1683,0
PLW,D,20191029,000000,172.95,175.43,170.86,174.1,2225,0
PLW,D,20191030,000000,174.1,175.05,170.29,170.29,3314,0
PLW,D,20191031,000000,168.95,171.24,165.51,170.29,3379,0
PLW,D,20191104,000000,171.62,173.14,168.38,169.91,4144,0
PLW,D,20191105,000000,171.62,174.1,170.09,172.57,2894,0
PLW,D,20191106,000000,172.39,172.39,169.91,170.67,1997,0
PLW,D,20191107,000000,170.86,170.86,166.85,168.19,3952,0
PLW,D,20191108,000000,167.04,169.91,166.28,167.61,4678,0
PLW,D,20191112,000000,167.81,167.81,163.8,164,5616,0
PLW,D,20191113,000000,164.38,168.95,162.65,166.09,5111,0
PLW,D,20191114,000000,166.09,168.19,164.95,166.09,2593,0
PLW,D,20191115,000000,166.48,171.04,166.48,171.04,2736,0
PLW,D,20191118,000000,171.62,174.48,170.29,170.86,3184,0
PLW,D,20191119,000000,171.04,173.34,169.91,170.86,2851,0
PLW,D,20191120,000000,170.86,170.86,167.81,170.47,1119,0
PLW,D,20191121,000000,169.71,169.71,166.85,167.04,826,0
PLW,D,20191122,000000,167.23,170.47,164.95,164.95,2285,0
PLW,D,20191125,000000,165.9,169.71,165.9,168.76,4121,0
PLW,D,20191126,000000,169.71,170.67,167.81,167.99,1120,0
PLW,D,20191127,000000,168.57,169.52,166.85,168.19,775,0
PLW,D,20191128,000000,169.52,169.71,167.61,169.52,1501,0
PLW,D,20191129,000000,168.76,170.86,168.76,169.91,1826,0
PLW,D,20191202,000000,190.69,190.69,180.39,186.87,58084,0
PLW,D,20191203,000000,186.87,198.31,184.59,196.88,40506,0
PLW,D,20191204,000000,196.88,204.52,193.55,201.65,28419,0
PLW,D,20191205,000000,199.74,204.04,195.46,203.09,13652,0
PLW,D,20191206,000000,200.7,203.09,196.88,202.12,7056,0
PLW,D,20191209,000000,202.12,202.12,197.36,198.79,4966,0
PLW,D,20191210,000000,198.31,209.76,197.36,209.76,15156,0
PLW,D,20191211,000000,209.76,217.39,207.85,217.39,17198,0
PLW,D,20191212,000000,218.34,224.53,218.34,224.06,22432,0
PLW,D,20191213,000000,225.49,225.96,219.29,221.68,7015,0
PLW,D,20191216,000000,223.58,223.58,213.57,214.04,12682,0
PLW,D,20191217,000000,213.57,218.34,206.42,218.34,16700,0
PLW,D,20191218,000000,219.29,223.58,217.39,222.15,5275,0
PLW,D,20191219,000000,222.15,223.58,217.86,219.29,8341,0
PLW,D,20191220,000000,219.29,221.2,214.52,219.29,7768,0
PLW,D,20191223,000000,219.29,219.29,215.96,216.44,5257,0
PLW,D,20191227,000000,218.34,221.2,217.86,221.2,4948,0
PLW,D,20191230,000000,221.68,227.87,221.2,227.87,7932,0
PLW,D,20200102,000000,228.83,236.45,228.83,236.45,6398,0
PLW,D,20200103,000000,236.45,236.45,232.16,233.59,6443,0
PLW,D,20200107,000000,236.45,238.36,233.59,236.45,3692,0
PLW,D,20200108,000000,236.45,236.45,229.78,234.55,13908,0
PLW,D,20200109,000000,234.55,245.99,234.07,245.99,16999,0
PLW,D,20200110,000000,245.99,251.71,245.51,247.89,9928,0
PLW,D,20200113,000000,247.89,253.61,246.47,253.61,4180,0
PLW,D,20200114,000000,251.71,268.87,249.8,268.87,12355,0
PLW,D,20200115,000000,269.83,269.83,253.61,254.56,39259,0
PLW,D,20200116,000000,254.56,264.1,254.56,264.1,14593,0
PLW,D,20200117,000000,255.53,263.15,251.71,263.15,8682,0
PLW,D,20200120,000000,262.2,268.87,260.29,268.87,6414,0
PLW,D,20200121,000000,268.87,270.78,264.1,264.1,4319,0
PLW,D,20200122,000000,264.1,265.05,259.34,261.24,5152,0
PLW,D,20200123,000000,259.81,260.29,254.09,254.09,7857,0
PLW,D,20200124,000000,254.09,261.72,248.37,253.13,9111,0
PLW,D,20200127,000000,252.18,253.13,244.56,248.85,12681,0
PLW,D,20200128,000000,245.99,259.34,245.99,258.86,4716,0
PLW,D,20200129,000000,259.34,266.48,259.34,264.1,4856,0
PLW,D,20200130,000000,263.15,263.15,258.86,259.34,3514,0
PLW,D,20200131,000000,259.34,262.2,255.05,262.2,3813,0
PLW,D,20200203,000000,261.72,284.13,260.29,281.27,16859,0
PLW,D,20200204,000000,284.13,302.72,283.17,298.43,20141,0
PLW,D,20200205,000000,302.24,317.02,302.24,307.97,21550,0
PLW,D,20200206,000000,311.78,311.78,300.33,305.1,11416,0
PLW,D,20200207,000000,305.1,307.01,301.29,304.14,5363,0
PLW,D,20200210,000000,304.14,327.03,302.72,322.74,20219,0
PLW,D,20200211,000000,324.17,358.49,324.17,356.58,30324,0
PLW,D,20200212,000000,357.54,365.17,340.38,352.3,24453,0
PLW,D,20200213,000000,348.01,357.54,345.14,352.3,6732,0
PLW,D,20200214,000000,352.3,355.63,348.01,354.68,6083,0
PLW,D,20200217,000000,355.15,366.12,355.15,362.31,11558,0
PLW,D,20200218,000000,364.22,368.98,363.26,368.98,9904,0
PLW,D,20200219,000000,369.46,370.88,363.74,370.88,8769,0
PLW,D,20200220,000000,370.88,370.88,356.11,362.31,11021,0
PLW,D,20200221,000000,360.88,372.8,358.49,371.84,7191,0
PLW,D,20200224,000000,366.12,367.07,345.14,352.3,32886,0
PLW,D,20200225,000000,348.96,349.91,302.72,322.27,57810,0
PLW,D,20200226,000000,312.73,338,297,328.94,67177,0
PLW,D,20200227,000000,332.75,332.75,297,304.62,29684,0
PLW,D,20200228,000000,278.4,289.37,250.75,265.05,123218,0
PLW,D,20200302,000000,290.8,309.39,270.3,295.57,67210,0
PLW,D,20200303,000000,310.35,324.65,305.1,324.65,58206,0
PLW,D,20200304,000000,308.92,324.65,300.33,314.63,37917,0
PLW,D,20200305,000000,327.98,327.98,295.57,300.33,37749,0
PLW,D,20200306,000000,292.23,292.7,277.45,290.8,34128,0
PLW,D,20200309,000000,261.24,277.45,238.36,245.99,83279,0
PLW,D,20200310,000000,265.05,271.26,244.08,251.71,37443,0
PLW,D,20200311,000000,257.43,257.43,227.39,233.59,63397,0
PLW,D,20200312,000000,207.85,217.39,186.87,187.82,98623,0
PLW,D,20200313,000000,200.22,218.34,189.54,201.17,105316,0
PLW,D,20200316,000000,195.46,236.45,188.59,229.31,53132,0
PLW,D,20200317,000000,233.59,256.48,221.68,251.71,104338,0
PLW,D,20200318,000000,251.71,266.96,239.31,257.43,73561,0
PLW,D,20200319,000000,254.56,266.96,254.56,266.48,32233,0
PLW,D,20200320,000000,283.65,292.7,266.96,267.44,45546,0
PLW,D,20200323,000000,261.24,275.54,245.99,271.73,38910,0
PLW,D,20200324,000000,290.8,294.62,282.7,294.62,33499,0
PLW,D,20200325,000000,298.43,314.63,281.27,289.84,49006,0
PLW,D,20200326,000000,286.03,294.62,281.75,286.03,28542,0
PLW,D,20200327,000000,287.94,292.23,276.5,282.22,14124,0
PLW,D,20200330,000000,285.08,286.03,273.64,286.03,10820,0
PLW,D,20200331,000000,288.41,294.62,287.94,292.23,16464,0
PLW,D,20200401,000000,287.94,299.38,286.03,295.57,13572,0
PLW,D,20200402,000000,295.57,300.33,290.8,298.43,10815,0
PLW,D,20200403,000000,298.43,303.67,297.48,303.19,12976,0
PLW,D,20200406,000000,305.1,341.33,305.1,341.33,44162,0
PLW,D,20200407,000000,348.96,360.4,313.68,314.63,44861,0
PLW,D,20200408,000000,312.73,327.98,310.35,323.7,19862,0
PLW,D,20200409,000000,331.79,340.38,324.17,328.94,15674,0
PLW,D,20200414,000000,333.71,351.82,333.71,351.82,17798,0
PLW,D,20200415,000000,354.68,356.58,341.33,344.19,16493,0
PLW,D,20200416,000000,347.06,352.77,343.71,352.3,10697,0
PLW,D,20200417,000000,356.58,369.93,355.63,369.46,34827,0
PLW,D,20200420,000000,369.93,390.43,354.68,389.96,24861,0
PLW,D,20200421,000000,390.91,401.4,367.07,372.8,40551,0
PLW,D,20200422,000000,371.84,396.63,371.84,396.63,20424,0
PLW,D,20200423,000000,396.63,399.97,386.15,390.91,18616,0
PLW,D,20200424,000000,387.1,394.72,379.47,390.91,22077,0
PLW,D,20200427,000000,394.25,418.56,392.82,410.93,26860,0
PLW,D,20200428,000000,409.98,429.53,409.98,420.47,16926,0
PLW,D,20200429,000000,420.47,431.91,419.99,428.57,14122,0
PLW,D,20200430,000000,428.57,428.57,395.67,405.21,45634,0
PLW,D,20200504,000000,400.45,421.42,382.33,406.16,19593,0
PLW,D,20200505,000000,407.59,419.04,406.16,406.64,9770,0
PLW,D,20200506,000000,409.98,416.18,406.16,407.12,8997,0
PLW,D,20200507,000000,406.16,411.41,396.63,397.1,15075,0
PLW,D,20200508,000000,390.91,399.5,383.76,389.01,20195,0
PLW,D,20200511,000000,389.96,393.77,379.47,386.62,21753,0
PLW,D,20200512,000000,387.58,401.88,381.37,400.45,24899,0
PLW,D,20200513,000000,406.16,418.56,398.54,405.21,20956,0
PLW,D,20200514,000000,402.83,405.21,379.47,386.62,27449,0
PLW,D,20200515,000000,395.2,407.12,392.82,406.16,16688,0
PLW,D,20200518,000000,409.02,424.28,405.21,423.8,19084,0
PLW,D,20200519,000000,427.14,428.57,420.47,424.28,19758,0
PLW,D,20200520,000000,426.19,435.24,416.18,432.86,12532,0
PLW,D,20200521,000000,432.38,438.11,428.1,437.63,9588,0
PLW,D,20200522,000000,433.81,438.59,432.86,438.11,5833,0
PLW,D,20200525,000000,439.06,455.75,439.06,453.36,15952,0
PLW,D,20200526,000000,456.7,479.58,456.7,475.29,26457,0
PLW,D,20200527,000000,476.72,485.3,441.92,450.98,30249,0
PLW,D,20200528,000000,458.13,474.81,445.26,466.24,21387,0
PLW,D,20200529,000000,434.77,454.79,426.67,436.19,55681,0
PLW,D,20200601,000000,438.59,445.26,436.67,441.44,12402,0
PLW,D,20200602,000000,442.4,442.4,430,436.67,14639,0
PLW,D,20200603,000000,438.59,457.65,434.77,455.75,20794,0
PLW,D,20200604,000000,456.7,457.65,446.21,451.93,11816,0
PLW,D,20200605,000000,451.93,453.84,439.54,444.3,11133,0
PLW,D,20200608,000000,444.3,444.3,414.27,425.24,30041,0
PLW,D,20200609,000000,420.47,453.36,419.99,453.36,20733,0
PLW,D,20200610,000000,456.7,464.33,452.89,454.32,18664,0
PLW,D,20200612,000000,440.49,451.93,417.13,449.07,11742,0
PLW,D,20200615,000000,443.35,459.08,440.02,450.51,8840,0
PLW,D,20200616,000000,459.56,468.14,457.65,464.33,11572,0
PLW,D,20200617,000000,465.28,475.76,461.46,473.86,15137,0
PLW,D,20200618,000000,475.29,475.29,470.05,470.05,10158,0
PLW,D,20200619,000000,474.42,478.8,470.05,476.85,18204,0
PLW,D,20200622,000000,476.85,485.11,472.48,485.11,13639,0
PLW,D,20200623,000000,485.11,494.84,479.28,488.03,11868,0
PLW,D,20200624,000000,492.89,492.89,478.31,478.31,5778,0
PLW,D,20200625,000000,478.31,489,469.56,489,6445,0
PLW,D,20200626,000000,489.98,490.95,472.48,476.85,7432,0
PLW,D,20200629,000000,476.85,480.25,468.59,469.56,6239,0
PLW,D,20200630,000000,469.56,480.25,456.92,458.87,10613,0
PLW,D,20200701,000000,460.81,484.14,460.81,484.14,6111,0
PLW,D,20200702,000000,486.09,491.92,476.37,491.92,14707,0
PLW,D,20200703,000000,492.89,493.86,486.09,489.98,4724,0
PLW,D,20200706,000000,490.95,527.89,486.09,525.95,17073,0
PLW,D,20200707,000000,520.11,528.86,519.14,528.86,9032,0
PLW,D,20200708,000000,529.83,529.83,512.34,519.14,7249,0
PLW,D,20200709,000000,524.97,524.97,520.11,524,4939,0
PLW,D,20200710,000000,524,524.97,505.53,521.09,6442,0
PLW,D,20200713,000000,530.81,570.67,530.81,570.67,20642,0
PLW,D,20200714,000000,571.64,573.58,536.64,540.53,16063,0
PLW,D,20200715,000000,552.19,570.67,548.31,557.06,5539,0
PLW,D,20200716,000000,561.92,562.89,540.53,548.31,5759,0
PLW,D,20200717,000000,549.28,549.28,532.75,534.7,5658,0
PLW,D,20200720,000000,534.7,542.47,527.89,541.5,3849,0
PLW,D,20200721,000000,543.45,544.42,514.28,523.03,11084,0
PLW,D,20200722,000000,521.09,521.09,476.37,499.7,17470,0
PLW,D,20200723,000000,498.73,512.34,477.34,484.63,14148,0
PLW,D,20200724,000000,482.2,484.63,461.78,481.23,11372,0
PLW,D,20200727,000000,484.14,510.39,474.42,499.7,10674,0
PLW,D,20200728,000000,495.81,506.5,488.03,496.78,9525,0
PLW,D,20200729,000000,493.86,498.73,489,497.75,6106,0
PLW,D,20200730,000000,504.56,507.47,454.49,459.84,20046,0
PLW,D,20200731,000000,461.3,489,461.3,488.03,18261,0
PLW,D,20200803,000000,495.81,496.78,481.23,486.09,7561,0
PLW,D,20200804,000000,492.89,492.89,479.28,481.23,5009,0
PLW,D,20200805,000000,480.25,481.23,468.59,469.07,9029,0
PLW,D,20200806,000000,467.62,489,466.16,485.6,4175,0
PLW,D,20200807,000000,485.6,485.6,471.5,471.99,6827,0
PLW,D,20200810,000000,476.37,485.11,476.37,482.2,3596,0
PLW,D,20200811,000000,484.14,488.03,473.45,476.37,4672,0
PLW,D,20200812,000000,482.2,482.2,461.78,472.96,5686,0
PLW,D,20200813,000000,481.23,481.23,473.45,481.23,4120,0
PLW,D,20200814,000000,481.23,481.23,465.67,467.62,4462,0
PLW,D,20200817,000000,473.93,480.74,468.59,478.8,3323,0
PLW,D,20200818,000000,481.23,488.03,468.59,469.07,5131,0
PLW,D,20200819,000000,469.56,474.42,468.59,468.59,2545,0
PLW,D,20200820,000000,469.56,469.56,462.27,464.21,3683,0
PLW,D,20200821,000000,468.59,478.8,462.75,477.34,3583,0
PLW,D,20200824,000000,481.23,486.09,468.59,470.53,3917,0
PLW,D,20200825,000000,468.59,473.45,462.75,464.7,5440,0
PLW,D,20200826,000000,466.64,467.62,461.78,467.62,3028,0
PLW,D,20200827,000000,464.7,474.42,464.7,473.45,4417,0
PLW,D,20200828,000000,468.1,473.45,468.1,471.99,3370,0
PLW,D,20200831,000000,471.99,483.17,470.53,482.2,7454,0
PLW,D,20200901,000000,482.2,484.14,474.91,481.23,8407,0
PLW,D,20200902,000000,484.14,508.45,474.42,500.67,13606,0
PLW,D,20200903,000000,509.42,519.14,492.89,499.7,10879,0
PLW,D,20200904,000000,472.96,493.86,468.1,472.96,11419,0
PLW,D,20200907,000000,471.99,483.17,471.5,478.8,4269,0
PLW,D,20200908,000000,478.8,484.63,462.27,474.42,12301,0
PLW,D,20200909,000000,471.02,474.91,463.73,469.56,2451,0
PLW,D,20200910,000000,469.56,473.45,457.89,459.84,6153,0
PLW,D,20200911,000000,459.84,460.81,449.14,450.12,4830,0
PLW,D,20200914,000000,439.42,446.23,428.73,442.83,11393,0
PLW,D,20200915,000000,443.31,450.12,437.48,441.85,4338,0
PLW,D,20200916,000000,450.12,459.84,445.74,454.98,4217,0
PLW,D,20200917,000000,457.89,457.89,442.34,444.28,4578,0
PLW,D,20200918,000000,447.2,451.57,434.08,434.08,12924,0
PLW,D,20200921,000000,436.02,438.45,413.66,415.6,10489,0
PLW,D,20200922,000000,414.15,427.27,402.97,410.26,10348,0
PLW,D,20200923,000000,408.31,427.76,407.83,424.84,7480,0
PLW,D,20200924,000000,416.09,425.81,416.09,422.9,6032,0
PLW,D,20200925,000000,422.9,447.2,422.9,439.91,7987,0
PLW,D,20200928,000000,452.06,478.31,447.2,478.31,9103,0
PLW,D,20200929,000000,480.25,489,468.59,485.11,10773,0
PLW,D,20200930,000000,526.92,561.92,506.5,543.45,67920,0
PLW,D,20201001,000000,545.39,548.31,509.42,512.34,18553,0
PLW,D,20201002,000000,510.39,536.64,500.67,534.7,13336,0
PLW,D,20201005,000000,534.7,541.5,528.86,534.7,7056,0
PLW,D,20201006,000000,541.5,546.36,520.11,520.11,7756,0
PLW,D,20201007,000000,520.11,520.11,500.67,508.45,8800,0
PLW,D,20201008,000000,509.42,527.89,509.42,519.14,5038,0
PLW,D,20201009,000000,519.14,519.14,490.95,505.53,7250,0
PLW,D,20201012,000000,505.53,522.06,501.64,514.28,5461,0
PLW,D,20201013,000000,518.17,532.75,510.39,524.97,7383,0
PLW,D,20201014,000000,524.97,542.47,524.97,534.7,10604,0
PLW,D,20201015,000000,536.64,536.64,508.45,515.25,10668,0
PLW,D,20201016,000000,516.22,540.53,515.25,524,8091,0
PLW,D,20201019,000000,530.81,544.42,523.03,529.83,10730,0
PLW,D,20201020,000000,533.72,551.22,531.78,541.5,13632,0
PLW,D,20201021,000000,548.31,549.28,524.97,524.97,9045,0
PLW,D,20201022,000000,524,534.7,514.28,526.92,6717,0
PLW,D,20201023,000000,528.86,555.11,528.86,552.19,8605,0
PLW,D,20201026,000000,554.14,559,525.95,529.83,5650,0
PLW,D,20201027,000000,529.83,542.47,529.83,542.47,5359,0
PLW,D,20201028,000000,541.5,541.5,505.53,515.25,20384,0
PLW,D,20201029,000000,515.25,525.95,508.45,522.06,11714,0
PLW,D,20201030,000000,521.09,521.09,493.86,504.56,7668,0
PLW,D,20201102,000000,501.64,519.14,501.64,512.34,5758,0
PLW,D,20201103,000000,530.81,530.81,508.45,524.97,4530,0
PLW,D,20201104,000000,524.97,528.86,515.25,527.89,2628,0
PLW,D,20201105,000000,527.89,534.7,515.25,517.2,2909,0
PLW,D,20201106,000000,520.11,526.92,513.31,513.31,4748,0
PLW,D,20201109,000000,516.22,549.28,516.22,521.09,10483,0
PLW,D,20201110,000000,524.97,529.83,505.53,526.92,4476,0
PLW,D,20201112,000000,534.7,536.64,517.2,530.81,3458,0
PLW,D,20201113,000000,529.83,533.72,519.14,524.97,2876,0
PLW,D,20201116,000000,531.78,531.78,509.42,518.17,3402,0
PLW,D,20201117,000000,520.11,527.89,517.2,524,1969,0
PLW,D,20201118,000000,527.89,534.7,524.97,534.7,3567,0
PLW,D,20201119,000000,534.7,535.67,521.09,524.97,4368,0
PLW,D,20201120,000000,532.75,549.28,529.83,547.33,6730,0
PLW,D,20201123,000000,549.28,554.14,539.56,552.19,4303,0
PLW,D,20201124,000000,555.11,581.36,552.19,577.47,12346,0
PLW,D,20201125,000000,578.44,621.22,567.75,613.44,22117,0
PLW,D,20201126,000000,615.39,615.39,588.17,591.08,12845,0
PLW,D,20201127,000000,532.75,562.89,516.22,534.7,32835,0
PLW,D,20201130,000000,535.67,554.14,535.67,539.56,26508,0
PLW,D,20201201,000000,549.28,558.03,524.97,524.97,11994,0
PLW,D,20201202,000000,529.83,572.61,526.92,572.61,12282,0
PLW,D,20201203,000000,572.61,582.33,557.06,582.33,7887,0
PLW,D,20201204,000000,583.3,587.19,565.81,584.28,3746,0
PLW,D,20201207,000000,583.3,583.3,560.94,582.33,4489,0
PLW,D,20201208,000000,581.36,588.17,567.75,588.17,3384,0
PLW,D,20201209,000000,584.28,620.25,582.33,593.03,10968,0
PLW,D,20201210,000000,585.25,603.72,570.67,583.3,4376,0
PLW,D,20201211,000000,581.36,590.11,556.08,562.89,4097,0
PLW,D,20201214,000000,562.89,569.69,542.47,569.69,5521,0
PLW,D,20201215,000000,573.58,596.91,554.14,559.97,6639,0
PLW,D,20201216,000000,568.72,589.14,563.86,573.58,3972,0
PLW,D,20201217,000000,578.44,606.64,578.44,601.78,7039,0
PLW,D,20201218,000000,602.75,602.75,582.33,590.11,6948,0
PLW,D,20201221,000000,583.3,585.25,566.78,579.42,3479,0
PLW,D,20201222,000000,578.44,588.17,565.81,577.47,4327,0
PLW,D,20201223,000000,575.53,586.22,566.78,584.28,2637,0
PLW,D,20201228,000000,583.3,622.19,583.3,616.36,8979,0
PLW,D,20201229,000000,625.11,627.05,609.55,617.33,4970,0
PLW,D,20201230,000000,619.27,622.19,608.58,615.39,4379,0
PLW,D,20210104,000000,616.36,656.22,616.36,653.3,7700,0
PLW,D,20210105,000000,653.3,655.25,628.02,643.58,5327,0
PLW,D,20210107,000000,644.55,646.5,621.22,627.05,7535,0
PLW,D,20210108,000000,629.97,652.33,624.14,646.5,10570,0
PLW,D,20210111,000000,648.44,669.83,638.72,638.72,7075,0
PLW,D,20210112,000000,641.63,659.13,625.11,625.11,4326,0
PLW,D,20210113,000000,631.91,656.22,627.05,647.47,4816,0
PLW,D,20210114,000000,644.55,650.38,623.16,627.05,4881,0
PLW,D,20210115,000000,627.05,632.89,619.27,619.27,2279,0
PLW,D,20210118,000000,622.19,639.69,622.19,631.91,3092,0
PLW,D,20210119,000000,638.72,649.41,636.77,645.52,1778,0
PLW,D,20210120,000000,645.52,645.52,631.91,631.91,2178,0
PLW,D,20210121,000000,634.83,643.58,620.25,622.19,2186,0
PLW,D,20210122,000000,623.16,629,608.58,617.33,3349,0
PLW,D,20210125,000000,618.3,636.77,618.3,636.77,2816,0
PLW,D,20210126,000000,636.77,641.63,624.14,628.02,3173,0
PLW,D,20210127,000000,625.11,646.5,617.33,627.05,3346,0
PLW,D,20210128,000000,626.08,636.77,612.47,631.91,4350,0
PLW,D,20210129,000000,633.86,635.8,617.33,617.33,2638,0
PLW,D,20210201,000000,626.08,641.63,621.22,640.66,3803,0
PLW,D,20210202,000000,641.63,651.36,638.72,643.58,4374,0
PLW,D,20210203,000000,641.63,656.22,639.69,640.66,6591,0
PLW,D,20210204,000000,638.72,646.5,632.89,632.89,1937,0
PLW,D,20210205,000000,646.5,646.5,624.14,629,3479,0
PLW,D,20210208,000000,630.94,641.63,629.97,636.77,3182,0
PLW,D,20210209,000000,632.89,640.66,626.08,628.02,2652,0
PLW,D,20210210,000000,630.94,634.83,624.14,625.11,2225,0
PLW,D,20210211,000000,624.14,641.63,624.14,630.94,2880,0
PLW,D,20210212,000000,630.94,630.94,618.3,624.14,5211,0
PLW,D,20210215,000000,625.11,634.83,618.3,623.16,4063,0
PLW,D,20210216,000000,624.14,634.83,621.22,631.91,2761,0
PLW,D,20210217,000000,631.91,631.91,622.19,622.19,2324,0
PLW,D,20210218,000000,621.22,628.02,617.33,618.3,1977,0
PLW,D,20210219,000000,618.3,621.22,588.17,588.17,12211,0
PLW,D,20210222,000000,593.03,594.97,573.58,573.58,5935,0
PLW,D,20210223,000000,573.58,590.11,558.03,561.92,4971,0
PLW,D,20210224,000000,567.75,582.33,566.78,573.58,2275,0
PLW,D,20210225,000000,574.55,575.53,536.64,536.64,6575,0
PLW,D,20210226,000000,534.7,541.5,518.17,535.67,13677,0
PLW,D,20210301,000000,551.22,583.3,551.22,576.5,9853,0
PLW,D,20210302,000000,580.39,580.39,560.94,563.86,4202,0
PLW,D,20210303,000000,573.58,578.44,552.19,555.11,3733,0
PLW,D,20210304,000000,556.08,560.94,540.53,541.5,3886,0
PLW,D,20210305,000000,542.47,551.22,537.61,538.58,3695,0
PLW,D,20210308,000000,546.36,560.94,546.36,559.97,2919,0
PLW,D,20210309,000000,559,568.72,547.33,547.33,2315,0
PLW,D,20210310,000000,565.81,568.72,553.17,559.97,2405,0
PLW,D,20210311,000000,563.86,563.86,540.53,544.42,3938,0
PLW,D,20210312,000000,548.31,560.94,542.47,552.19,2042,0
PLW,D,20210315,000000,554.14,572.61,544.42,546.36,4966,0
PLW,D,20210316,000000,559,559,539.56,544.42,2533,0
PLW,D,20210317,000000,551.22,551.22,528.86,532.75,4210,0
PLW,D,20210318,000000,536.64,546.36,524.97,526.92,3953,0
PLW,D,20210319,000000,524.97,543.45,524.97,531.78,6468,0
PLW,D,20210322,000000,549.28,559.97,544.42,546.36,5805,0
PLW,D,20210323,000000,552.19,554.14,539.56,554.14,2744,0
PLW,D,20210324,000000,553.17,554.14,537.61,547.33,2626,0
PLW,D,20210325,000000,539.56,547.33,525.95,525.95,4309,0
PLW,D,20210326,000000,535.67,551.22,533.72,549.28,4772,0
PLW,D,20210329,000000,550.25,563.86,545.39,552.19,6099,0
PLW,D,20210330,000000,559,563.86,537.61,549.28,2177,0
PLW,D,20210331,000000,544.42,552.19,526.92,531.78,2639,0
PLW,D,20210401,000000,529.83,540.53,525.95,533.72,2118,0
PLW,D,20210406,000000,534.7,538.58,529.83,531.78,3294,0
PLW,D,20210407,000000,537.13,540.53,531.78,532.27,2858,0
PLW,D,20210408,000000,535.18,539.07,523.52,532.75,3685,0
PLW,D,20210409,000000,534.7,540.53,530.32,540.53,2992,0
PLW,D,20210412,000000,541.5,553.17,539.56,550.25,3792,0
PLW,D,20210413,000000,550.25,566.78,550.25,559.97,5114,0
PLW,D,20210414,000000,570.67,570.67,546.36,557.54,2679,0
PLW,D,20210415,000000,560.94,561.43,549.28,549.28,2514,0
PLW,D,20210416,000000,549.76,553.65,545.39,553.17,12038,0
PLW,D,20210419,000000,553.17,561.43,544.9,544.9,5230,0
PLW,D,20210420,000000,545.39,546.85,526.92,526.92,3484,0
PLW,D,20210421,000000,526.92,534.7,504.56,514.28,6174,0
PLW,D,20210422,000000,521.09,522.54,496.78,499.7,4477,0
PLW,D,20210423,000000,500.67,503.1,468.78,477.92,15155,0
PLW,D,20210426,000000,480.25,480.25,458.09,459.64,13723,0
PLW,D,20210427,000000,459.64,476.17,446.03,464.31,12135,0
PLW,D,20210428,000000,471.5,471.5,455.76,455.76,5187,0
PLW,D,20210429,000000,462.95,463.73,422.9,438.45,12568,0
PLW,D,20210430,000000,441.37,461.39,441.37,458.87,5056,0
PLW,D,20210504,000000,463.73,463.73,417.45,444.28,37161,0
PLW,D,20210505,000000,442.34,461.78,434.37,444.48,14651,0
PLW,D,20210506,000000,445.26,448.95,418.23,418.23,16460,0
PLW,D,20210507,000000,419.78,433.4,418.03,431.84,5940,0
PLW,D,20210510,000000,434.56,441.37,413.56,431.26,9999,0
PLW,D,20210511,000000,427.76,430.67,414.15,422.51,18766,0
PLW,D,20210512,000000,422.51,427.17,409.48,410.45,10379,0
PLW,D,20210513,000000,409.29,409.87,390.81,402.48,20590,0
PLW,D,20210514,000000,400.92,430.48,385.18,428.92,27342,0
PLW,D,20210517,000000,430.67,432.62,421.53,423.09,5141,0
PLW,D,20210518,000000,423.09,433.98,419.01,422.9,7543,0
PLW,D,20210519,000000,423.87,433.4,416.09,433.4,6411,0
PLW,D,20210520,000000,434.76,474.03,434.76,467.62,17750,0
PLW,D,20210521,000000,472.48,472.48,457.89,463.92,12585,0
PLW,D,20210524,000000,470.53,481.23,465.67,474.81,11671,0
PLW,D,20210525,000000,474.81,478.31,467.03,474.23,5522,0
PLW,D,20210526,000000,478.89,478.89,467.81,470.34,4756,0
PLW,D,20210527,000000,469.56,473.06,453.23,461.2,8204,0
PLW,D,20210528,000000,456.92,469.95,456.92,468.2,9939,0
PLW,D,20210531,000000,468.2,468.2,448.76,448.76,3682,0
PLW,D,20210601,000000,448.17,454.78,441.17,453.42,3184,0
PLW,D,20210602,000000,461.78,465.48,451.28,465.09,3000,0
PLW,D,20210604,000000,467.03,474.42,460.42,474.42,6445,0
PLW,D,20210607,000000,479.87,494.84,475,489,9265,0
PLW,D,20210608,000000,494.35,494.84,481.61,486.09,3942,0
PLW,D,20210609,000000,483.75,489.98,465.87,465.87,4315,0
PLW,D,20210610,000000,466.06,484.14,466.06,477.34,5137,0
PLW,D,20210611,000000,482.2,484.14,469.56,469.56,10781,0
PLW,D,20210614,000000,471.5,480.06,467.81,474.42,2308,0
PLW,D,20210615,000000,476.37,477.34,469.17,474.62,3471,0
PLW,D,20210616,000000,477.34,479.48,474.42,474.62,2706,0
PLW,D,20210617,000000,475.39,477.92,458.28,462.75,2901,0
PLW,D,20210618,000000,468.39,468.39,451.48,451.48,5360,0
PLW,D,20210621,000000,452.06,456.92,442.34,447.2,2846,0
PLW,D,20210622,000000,455,457.8,428,445,8863,0
PLW,D,20210623,000000,447.6,451,443.4,449.2,1549,0
PLW,D,20210624,000000,453,470,451,470,2617,0
PLW,D,20210625,000000,474.8,474.8,466.2,471,2000,0
PLW,D,20210628,000000,473,473,457.8,460.4,2895,0
PLW,D,20210629,000000,469.8,471,462.8,466.2,4050,0
PLW,D,20210630,000000,470,478.8,463,475.8,5499,0
PLW,D,20210701,000000,475.8,479.8,458.2,460.2,2871,0
PLW,D,20210702,000000,458,467.8,458,461,2043,0
PLW,D,20210705,000000,469,469,457.8,460.2,3323,0
PLW,D,20210706,000000,466,470,460,466.4,4144,0
PLW,D,20210707,000000,466.6,467.8,458.4,460.6,1583,0
PLW,D,20210708,000000,463.4,467.2,461,464.2,1840,0
PLW,D,20210709,000000,467.8,467.8,460.2,461.4,2117,0
PLW,D,20210712,000000,461,466.8,460,461.2,2874,0
PLW,D,20210713,000000,464.4,464.4,455,456.6,1135,0
PLW,D,20210714,000000,454,459.8,450.4,457.4,1287,0
PLW,D,20210715,000000,457.6,463,451.2,454.4,1618,0
PLW,D,20210716,000000,454,464.2,452.6,461.4,1603,0
PLW,D,20210719,000000,462,463,445,447.4,3582,0
PLW,D,20210720,000000,452.8,458,436.2,436.2,2624,0
PLW,D,20210721,000000,439.4,450,434,450,4020,0
PLW,D,20210722,000000,450,471.8,447.2,468.2,3074,0
PLW,D,20210723,000000,468.2,468.2,460,460,1802,0
PLW,D,20210726,000000,460,461,454.6,454.6,1556,0
PLW,D,20210727,000000,454.6,458,450,451.8,1554,0
PLW,D,20210728,000000,446,450,441.2,445,1681,0
PLW,D,20210729,000000,450,451.8,442.2,445,1318,0
PLW,D,20210730,000000,445,445,435.8,438.4,2001,0
PLW,D,20210802,000000,445,459.8,441.2,458,5892,0
PLW,D,20210803,000000,455,458.8,454,454.8,1503,0
PLW,D,20210804,000000,458.4,467.6,449,450,3820,0
PLW,D,20210805,000000,455,455.8,449,451.8,2364,0
PLW,D,20210806,000000,455,461.6,449,449,4078,0
PLW,D,20210809,000000,452,455,448,448.2,5349,0
PLW,D,20210810,000000,450.2,450.2,443,449.6,2364,0
PLW,D,20210811,000000,449.8,474,445,470,6330,0
PLW,D,20210812,000000,483,516.5,482,510,22880,0
PLW,D,20210813,000000,511.5,515,497,497.2,5379,0
PLW,D,20210816,000000,509,511.5,481.4,482.2,6140,0
PLW,D,20210817,000000,482,498.6,476.2,498.2,3721,0
PLW,D,20210818,000000,495.2,498,480.4,480.4,2336,0
PLW,D,20210819,000000,479,479,469.2,471,4656,0
PLW,D,20210820,000000,482,482,471.4,475.6,558,0
PLW,D,20210823,000000,480,487.8,472.2,479,3516,0
PLW,D,20210824,000000,478,478,470,473,1586,0
PLW,D,20210825,000000,471,481.4,471,479,4771,0
PLW,D,20210826,000000,480,483.8,470.6,471.2,2508,0
PLW,D,20210827,000000,474.8,474.8,454,455.4,4743,0
PLW,D,20210830,000000,455.4,460,438,438,5423,0
PLW,D,20210831,000000,440,447.2,431.4,436.6,6050,0
PLW,D,20210901,000000,434.6,445,432,443,8219,0
PLW,D,20210902,000000,445,460,443.8,460,4358,0
PLW,D,20210903,000000,460,462.4,453.4,458,1002,0
PLW,D,20210906,000000,460,468,451,456.6,2246,0
PLW,D,20210907,000000,458.6,460.6,444.2,444.2,2945,0
PLW,D,20210908,000000,444.2,450,438,438,2246,0
PLW,D,20210909,000000,437.4,447.4,436,440.6,1501,0
PLW,D,20210910,000000,446,446,438.2,440.8,1898,0
PLW,D,20210913,000000,442,452.8,440.2,443.8,1336,0
PLW,D,20210914,000000,443.8,443.8,433.4,433.4,5443,0
PLW,D,20210915,000000,433.6,446.8,433.6,445.8,1565,0
PLW,D,20210916,000000,446,451.6,444.6,446,2495,0
PLW,D,20210917,000000,452,472.8,452,455.2,4318,0
PLW,D,20210920,000000,455.2,458.8,443,443.4,5392,0
PLW,D,20210921,000000,451,458,444.4,458,2260,0
PLW,D,20210922,000000,458,466.8,458,460.2,1355,0
PLW,D,20210923,000000,462,465,451.4,452.4,1232,0
PLW,D,20210924,000000,452.6,459.4,447,450,1303,0
PLW,D,20210927,000000,451,457.2,442.4,448,1995,0
PLW,D,20210928,000000,448,455,447,450,1326,0
PLW,D,20210929,000000,450,452.4,443.4,443.4,1759,0
PLW,D,20210930,000000,445.2,449.8,444,449,1098,0
PLW,D,20211001,000000,440,465,438.2,452,3404,0
PLW,D,20211004,000000,452.4,460,443.4,452,3901,0
PLW,D,20211005,000000,456,456,448.8,452,2293,0
PLW,D,20211006,000000,454.6,454.6,434.4,436,3282,0
PLW,D,20211007,000000,439.8,447.8,438.2,447,2253,0
PLW,D,20211008,000000,448,463,447.8,454.6,3725,0
PLW,D,20211011,000000,451,460,451,460,1555,0
PLW,D,20211012,000000,460,460,439.2,452,3649,0
PLW,D,20211013,000000,457.6,468,457.6,468,3060,0
PLW,D,20211014,000000,465,478,456.4,460,3251,0
PLW,D,20211015,000000,463,468.8,461.4,468,944,0
PLW,D,20211018,000000,465.2,475.8,465.2,474,3085,0
PLW,D,20211019,000000,472,476.6,463,465,2270,0
PLW,D,20211020,000000,463,468,463,467.2,507,0
PLW,D,20211021,000000,466,473.8,466,473.4,1350,0
PLW,D,20211022,000000,474,474,463,468,2322,0
PLW,D,20211025,000000,474,474,455.4,465,1791,0
PLW,D,20211026,000000,469,469,458,468.2,814,0
PLW,D,20211027,000000,468,468,453,453.4,1476,0
PLW,D,20211028,000000,453.4,458.8,444,458,2929,0
PLW,D,20211029,000000,460,460,451,459,554,0
PLW,D,20211102,000000,450,462.8,450,459,1050,0
PLW,D,20211103,000000,460,462.8,448.4,454.8,522,0
PLW,D,20211104,000000,458,461.6,452.2,459,1076,0
PLW,D,20211105,000000,459,459.8,451,458.8,783,0
PLW,D,20211108,000000,460,467,444.6,444.6,1755,0
PLW,D,20211109,000000,445,453,441.2,448,777,0
PLW,D,20211110,000000,448,448,442,446,1728,0
PLW,D,20211112,000000,443,457.8,443,453.4,1032,0
PLW,D,20211115,000000,445.4,454.8,445.4,448,941,0
PLW,D,20211116,000000,451.8,454,444.2,448,825,0
PLW,D,20211117,000000,453.8,454.4,450.8,454.2,1589,0
PLW,D,20211118,000000,454.2,454.2,416.2,429.8,14853,0
PLW,D,20211119,000000,430,435,427,428.6,4493,0
PLW,D,20211122,000000,428,434.8,408.4,434.8,6379,0
PLW,D,20211123,000000,431,449,424.6,446.4,2656,0
PLW,D,20211124,000000,446.4,446.4,432.4,440,2033,0
PLW,D,20211125,000000,443.6,443.6,420,425,3665,0
PLW,D,20211126,000000,424,439,410.2,439,5445,0
PLW,D,20211129,000000,432.8,439.8,425,427.8,2691,0
PLW,D,20211130,000000,420,420,407,413.8,5141,0
PLW,D,20211201,000000,414.8,442,411,442,2900,0
PLW,D,20211202,000000,441,441,430.4,431,1639,0
PLW,D,20211203,000000,410.2,434.8,410,431,8934,0
PLW,D,20211206,000000,426,443,426,441.8,2200,0
PLW,D,20211207,000000,441.4,446.8,437,444,2430,0
PLW,D,20211208,000000,447,455.4,444,450.2,2635,0
PLW,D,20211209,000000,442,446.4,430,430,3607,0
PLW,D,20211210,000000,430,433,425.2,433,947,0
PLW,D,20211213,000000,430.6,433,420,420,2650,0
PLW,D,20211214,000000,420,422.6,415.8,420,3738,0
PLW,D,20211215,000000,419,423.8,416.4,419,3332,0
PLW,D,20211216,000000,424,428,417,420,1462,0
PLW,D,20211217,000000,415.2,426.4,415,415,5714,0
PLW,D,20211220,000000,415,427,415,426.8,2634,0
PLW,D,20211221,000000,421,425.2,415,422,2437,0
PLW,D,20211222,000000,422,426,419.2,426,2886,0
PLW,D,20211223,000000,428,432,417.2,419,1739,0
PLW,D,20211227,000000,416.6,421.2,416,417,4963,0
PLW,D,20211228,000000,416,427.8,416,424.8,8984,0
PLW,D,20211229,000000,421.4,432,421.4,422.2,1904,0
PLW,D,20211230,000000,422.2,423.8,416,418,1598,0
PLW,D,20220103,000000,419.8,428.4,415.2,425,1746,0
PLW,D,20220104,000000,428.6,442,427.2,439.8,3014,0
PLW,D,20220105,000000,441,441,433.6,440,854,0
PLW,D,20220107,000000,439,445,431.2,444.4,1535,0
PLW,D,20220110,000000,444.6,448,431.6,431.6,3060,0
PLW,D,20220111,000000,431,438,425.2,425.2,1669,0
PLW,D,20220112,000000,425.2,434.4,425.2,427,1498,0
PLW,D,20220113,000000,430,438,425,438,1593,0
PLW,D,20220114,000000,432,436.6,426.2,426.2,886,0
PLW,D,20220117,000000,426,430.8,422.8,430.8,1190,0
PLW,D,20220118,000000,430,431.4,420.2,425,2467,0
PLW,D,20220119,000000,427,427,416.4,419.4,3166,0
PLW,D,20220120,000000,419,421,411.6,414,5177,0
PLW,D,20220121,000000,411,412.2,401,404,6269,0
PLW,D,20220124,000000,401,403,366.2,366.2,7116,0
PLW,D,20220125,000000,370,388.4,369,380,6634,0
PLW,D,20220126,000000,385,398,380,380,3023,0
PLW,D,20220127,000000,375.4,398,375.4,382,3156,0
PLW,D,20220128,000000,384.2,394,381,387.8,2458,0
PLW,D,20220131,000000,390,398,378.4,378.4,2696,0
PLW,D,20220201,000000,377,392.8,377,380.8,4476,0
PLW,D,20220202,000000,382,387.8,379.6,384.4,2009,0
PLW,D,20220203,000000,384.2,384.2,366.4,372,4848,0
PLW,D,20220204,000000,372,382.8,366.4,377.4,831,0
PLW,D,20220207,000000,377,380,366,372,1474,0
PLW,D,20220208,000000,375,375,359,359,1154,0
PLW,D,20220209,000000,358.2,366,351.4,359.4,4009,0
PLW,D,20220210,000000,359.4,359.4,346,346,2748,0
PLW,D,20220211,000000,347.6,347.6,333.2,336,4578,0
PLW,D,20220214,000000,325,336,314,322,8709,0
PLW,D,20220215,000000,320,334.8,320,333.8,1590,0
PLW,D,20220216,000000,334,336.2,322,322.2,930,0
PLW,D,20220217,000000,323,326.4,312.4,317,2101,0
PLW,D,20220218,000000,313,318.2,303,303,3365,0
PLW,D,20220221,000000,304,315,300,305,5446,0
PLW,D,20220222,000000,300,319,288,319,4689,0
PLW,D,20220223,000000,319,327.2,309,315.8,2981,0
PLW,D,20220224,000000,290,300,263,280,14691,0
PLW,D,20220225,000000,286,304.6,285,304,6188,0
PLW,D,20220228,000000,304,311.8,291,306,5138,0
PLW,D,20220301,000000,310,313.8,299,305,3431,0
PLW,D,20220302,000000,313.2,321.8,299.2,321.8,1851,0
PLW,D,20220303,000000,323.6,323.6,306.4,322,1877,0
PLW,D,20220304,000000,320.6,321.8,292,294,4003,0
PLW,D,20220307,000000,288.2,297.8,271.6,281,7479,0
PLW,D,20220308,000000,279.6,294,275.2,280,3600,0
PLW,D,20220309,000000,291,330,291,330,7394,0
PLW,D,20220310,000000,329,332.8,315.8,332,2606,0
PLW,D,20220311,000000,340,349.8,331,349.2,3907,0
PLW,D,20220314,000000,348,349.4,341.2,349,3602,0
PLW,D,20220315,000000,345,354,342,346.8,1086,0
PLW,D,20220316,000000,352,354,335,335,2324,0
PLW,D,20220317,000000,335,352,323.8,352,17544,0
PLW,D,20220318,000000,354.8,355,336,350,1776,0
PLW,D,20220321,000000,350,355,339,342.8,1486,0
PLW,D,20220322,000000,342.8,348.4,335,335.2,1227,0
PLW,D,20220323,000000,335.2,342,330.4,335,1381,0
PLW,D,20220324,000000,337.8,338.2,329,333,782,0
PLW,D,20220325,000000,333,344,330,334.8,846,0
PLW,D,20220328,000000,338,340.8,329,329,1129,0
PLW,D,20220329,000000,329.2,329.4,322,322,2037,0
PLW,D,20220330,000000,321.8,327.2,320,323.4,1299,0
PLW,D,20220331,000000,326,326,318,319,941,0
PLW,D,20220401,000000,319,325,319,323.4,571,0
PLW,D,20220404,000000,323.8,326,320,320,1331,0
PLW,D,20220405,000000,320,322,311,315,1382,0
PLW,D,20220406,000000,317,327,313,327,1088,0
PLW,D,20220407,000000,326,326,306,306,2403,0
PLW,D,20220408,000000,306.4,311,300,300.2,2316,0
PLW,D,20220411,000000,305,307.8,295.4,300,2644,0
PLW,D,20220412,000000,304,304,290,290.6,1824,0
PLW,D,20220413,000000,290,299,285,297.5,1341,0
PLW,D,20220414,000000,299,299.5,286,286.5,1961,0
PLW,D,20220419,000000,292.5,295.5,286.5,295.5,3242,0
PLW,D,20220420,000000,296,296,286,286,1510,0
PLW,D,20220421,000000,286,287.5,265,265,9431,0
PLW,D,20220422,000000,268,268,245,248,11530,0
