<TICKER>,<PER>,<DATE>,<TIME>,<OPEN>,<HIGH>,<LOW>,<CLOSE>,<VOL>,<OPENINT>
PTG,D,20211123,000000,72.9,73.9,58.01,61.99,26615,0
PTG,D,20211124,000000,61.99,62.4,59,62.4,5136,0
PTG,D,20211125,000000,62.5,63.89,60.1,61,716,0
PTG,D,20211126,000000,60,61,59,61,884,0
PTG,D,20211129,000000,61,61,59,60.46,476,0
PTG,D,20211130,000000,60.4,60.48,59,59,171,0
PTG,D,20211201,000000,58.5,59.5,58.5,59.5,107,0
PTG,D,20211202,000000,59.9,59.95,55.8,55.8,10057,0
PTG,D,20211203,000000,55.7,55.8,55,55,3430,0
PTG,D,20211206,000000,57.99,59,56,56,1273,0
PTG,D,20211207,000000,56,56,54,55.5,15094,0
PTG,D,20211208,000000,56.49,56.49,56.49,56.49,19,0
PTG,D,20211209,000000,56.49,58.95,54,55,33443,0
PTG,D,20211210,000000,57,58.09,56.99,57,4689,0
PTG,D,20211213,000000,59.94,60,58,58,2555,0
PTG,D,20211214,000000,59.9,64.9,59.9,64.5,6635,0
PTG,D,20211215,000000,64.7,69.8,64.7,68.21,9213,0
PTG,D,20211216,000000,68.3,69.4,65.2,69,3684,0
PTG,D,20211217,000000,69.35,70.4,65.6,70.4,2167,0
PTG,D,20211220,000000,70.5,71,69,70.49,2846,0
PTG,D,20211221,000000,70.59,70.59,67.8,69.31,1749,0
PTG,D,20211222,000000,69,69,66.66,67.9,1499,0
PTG,D,20211223,000000,66.68,66.68,64.1,65,4864,0
PTG,D,20211227,000000,67,68.97,64.41,68.97,4689,0
PTG,D,20211228,000000,68,68,64.55,67.5,6936,0
PTG,D,20211229,000000,67,70,65.3,70,4690,0
PTG,D,20211230,000000,69,69.3,68,68.8,7188,0
PTG,D,20220103,000000,68.8,72.4,68.8,71.5,9789,0
PTG,D,20220104,000000,72,72.9,70.5,72.4,5772,0
PTG,D,20220105,000000,72.4,72.5,71.6,72.4,2414,0
PTG,D,20220107,000000,72.4,72.5,71.4,72,1319,0
PTG,D,20220110,000000,72,72,68.9,69.9,2421,0
PTG,D,20220111,000000,70.46,70.46,68,69.2,1951,0
PTG,D,20220112,000000,69.3,70.4,68,68,2840,0
PTG,D,20220113,000000,69,69.98,65.6,69,1796,0
PTG,D,20220114,000000,70,70,66.13,68,1600,0
PTG,D,20220117,000000,68.7,69.5,68,69.5,803,0
PTG,D,20220118,000000,69.5,69.5,68,68,2586,0
PTG,D,20220119,000000,68,68,65,66.02,4848,0
PTG,D,20220120,000000,66.05,66.97,62.5,65.88,2177,0
PTG,D,20220121,000000,65.88,66,64,64.1,1205,0
PTG,D,20220124,000000,64,64.96,57.6,61,9439,0
PTG,D,20220125,000000,59,59.9,58,59.1,6251,0
PTG,D,20220126,000000,59.1,59.41,58.6,59,1717,0
PTG,D,20220127,000000,59.05,59.8,58.14,59.8,1993,0
PTG,D,20220128,000000,59.8,59.8,57.8,59,3099,0
PTG,D,20220131,000000,59,59,56.05,58,3630,0
PTG,D,20220201,000000,56.5,58.7,56.5,58,323,0
PTG,D,20220202,000000,58.9,58.9,57,58.2,536,0
PTG,D,20220203,000000,58.2,61,57.3,61,1225,0
PTG,D,20220204,000000,60.64,63,60.64,62.01,801,0
PTG,D,20220207,000000,64.95,64.95,61.01,63.5,90,0
PTG,D,20220208,000000,62,63.8,57.4,62,697,0
PTG,D,20220209,000000,63,63,60,62,376,0
PTG,D,20220210,000000,62.99,62.99,62,62,586,0
PTG,D,20220211,000000,62,62,61,61,248,0
PTG,D,20220214,000000,60,61,58,61,733,0
PTG,D,20220215,000000,58.26,60.49,58.26,59.5,177,0
PTG,D,20220216,000000,59.99,60.38,59.95,59.95,61,0
PTG,D,20220217,000000,57.5,60.4,57.5,58,139,0
PTG,D,20220218,000000,57.5,60.4,57.5,58,94,0
PTG,D,20220221,000000,57.5,60.5,56.3,57.2,1334,0
PTG,D,20220222,000000,56.4,57.31,56.35,57.31,849,0
PTG,D,20220223,000000,57.81,59.4,57.81,59,44,0
PTG,D,20220224,000000,50.1,54,46,50.2,5739,0
PTG,D,20220225,000000,51.6,57,47.3,57,2749,0
PTG,D,20220228,000000,55,55,49.5,51.97,9127,0
PTG,D,20220301,000000,51.98,52.4,49.5,51.33,10122,0
PTG,D,20220302,000000,49.6,51.9,47,51.9,2044,0
PTG,D,20220303,000000,51.9,51.9,48,51,671,0
PTG,D,20220304,000000,50.95,50.95,48.15,49.5,402,0
PTG,D,20220307,000000,49,49,44.12,47.99,2092,0
PTG,D,20220308,000000,48,48.98,46.3,47,1787,0
PTG,D,20220309,000000,48.98,49,48.98,49,126,0
PTG,D,20220310,000000,47.21,49,47.2,47.2,185,0
PTG,D,20220311,000000,47.01,48.895,47,47.4,7008,0
PTG,D,20220314,000000,48.8,48.8,48.5,48.5,170,0
PTG,D,20220315,000000,47,48.2,46.005,48.2,756,0
PTG,D,20220316,000000,48.2,48.4,46.51,46.51,412,0
PTG,D,20220317,000000,47,47,46,46.8,1458,0
PTG,D,20220318,000000,46.9,48.35,45.5,48.35,20707,0
PTG,D,20220321,000000,47.95,47.95,47,47.9,747,0
PTG,D,20220322,000000,47.26,47.85,47.26,47.69,1475,0
PTG,D,20220323,000000,47.69,48.7,47,47,8980,0
PTG,D,20220324,000000,47.95,47.95,47,47.9,1772,0
PTG,D,20220325,000000,48.3,48.595,47.3,47.795,706,0
PTG,D,20220328,000000,48.6,48.6,48.21,48.59,505,0
PTG,D,20220329,000000,48.59,48.6,47.795,48.6,1111,0
PTG,D,20220330,000000,48.4,48.6,48.2,48.4,534,0
PTG,D,20220331,000000,48.4,48.9,48.4,48.6,1677,0
PTG,D,20220401,000000,49,49.8,47.9,49.6,1182,0
PTG,D,20220404,000000,50.55,50.55,49,49,1439,0
PTG,D,20220405,000000,49.9,50.1,49.48,49.85,604,0
PTG,D,20220406,000000,50,51.6,50,51.6,1616,0
PTG,D,20220407,000000,51.5,51.5,50,50,767,0
PTG,D,20220408,000000,50,50,49.48,50,564,0
PTG,D,20220411,000000,49.4,50.6,48.3,50.6,399,0
PTG,D,20220412,000000,50.5,50.5,50.5,50.5,33,0
PTG,D,20220413,000000,50.2,50.4,48.5,48.5,365,0
PTG,D,20220414,000000,48.5,48.5,47,48,491,0
PTG,D,20220419,000000,48.4,49.7,48,49.6,880,0
PTG,D,20220420,000000,49.1,49.1,48.2,48.2,177,0
PTG,D,20220421,000000,48.9,48.9,48.2,48.2,150,0
PTG,D,20220422,000000,48.5,48.6,47,48.4,2365,0
