<TICKER>,<PER>,<DATE>,<TIME>,<OPEN>,<HIGH>,<LOW>,<CLOSE>,<VOL>,<OPENINT>
R22,D,20171229,000000,21.902,21.902,17.761,17.925,28927,0
R22,D,20180103,000000,17.945,17.945,16.989,17.375,6484,0
R22,D,20180104,000000,17.424,17.424,16.024,16.94,8904,0
R22,D,20180105,000000,17.761,17.761,17.655,17.655,129,0
R22,D,20180108,000000,17.858,18.331,17.375,17.375,2275,0
R22,D,20180109,000000,17.182,17.182,16.95,16.95,5847,0
R22,D,20180110,000000,17.076,17.365,17.076,17.365,209,0
R22,D,20180111,000000,17.617,17.617,16.989,17.375,8660,0
R22,D,20180112,000000,16.94,17.664,16.94,17.664,156,0
R22,D,20180115,000000,18.244,18.244,17.761,18.003,505,0
R22,D,20180116,000000,18.331,18.331,17.703,18.021,11088,0
R22,D,20180117,000000,18.021,18.021,17.626,17.761,9363,0
R22,D,20180118,000000,17.761,17.945,17.036,17.848,3332,0
R22,D,20180119,000000,17.848,17.848,17.664,17.761,6582,0
R22,D,20180122,000000,17.848,17.858,17.761,17.858,1813,0
R22,D,20180123,000000,17.761,17.973,17.664,17.858,12551,0
R22,D,20180124,000000,17.858,17.954,17.703,17.916,1050,0
R22,D,20180125,000000,17.916,19.306,17.742,19.151,13142,0
R22,D,20180126,000000,18.341,19.074,18.341,18.919,6588,0
R22,D,20180129,000000,18.417,18.919,18.417,18.919,6759,0
R22,D,20180130,000000,18.998,18.998,18.417,18.727,21211,0
R22,D,20180131,000000,18.514,19.151,18.514,18.727,10253,0
R22,D,20180201,000000,19.132,19.306,18.707,19.306,3846,0
R22,D,20180202,000000,19.306,19.306,19.306,19.306,35,0
R22,D,20180205,000000,18.822,19.19,18.148,18.822,13774,0
R22,D,20180206,000000,18.341,18.63,16.893,18.63,31002,0
R22,D,20180207,000000,19.209,19.209,18.63,18.804,197,0
R22,D,20180208,000000,18.61,18.822,17.858,18.822,1718,0
R22,D,20180209,000000,18.36,18.765,18.051,18.727,1962,0
R22,D,20180212,000000,18.804,18.822,18.785,18.822,11891,0
R22,D,20180213,000000,18.881,19.692,18.881,19.132,9638,0
R22,D,20180214,000000,19.402,19.595,19.306,19.499,5572,0
R22,D,20180215,000000,19.643,19.74,19.546,19.74,3318,0
R22,D,20180216,000000,19.74,19.789,19.499,19.692,3945,0
R22,D,20180219,000000,19.789,20.223,19.789,20.078,85843,0
R22,D,20180220,000000,20.078,20.078,19.692,20.078,618,0
R22,D,20180221,000000,19.982,19.982,19.306,19.595,2550,0
R22,D,20180222,000000,19.74,19.74,18.534,19.595,6647,0
R22,D,20180223,000000,19.45,19.45,18.592,18.822,3989,0
R22,D,20180226,000000,19.015,19.499,19.015,19.306,2378,0
R22,D,20180227,000000,19.306,19.306,19.306,19.306,7,0
R22,D,20180228,000000,18.881,19.209,18.398,19.209,2299,0
R22,D,20180301,000000,19.015,19.286,18.534,18.534,1145,0
R22,D,20180302,000000,18.63,18.804,18.205,18.727,2954,0
R22,D,20180305,000000,18.919,18.919,18.437,18.727,385,0
R22,D,20180306,000000,18.727,19.306,18.727,19.286,7067,0
R22,D,20180307,000000,19.248,19.248,18.822,19.113,561,0
R22,D,20180308,000000,18.842,18.998,18.727,18.822,3483,0
R22,D,20180309,000000,18.727,19.286,18.727,19.286,15042,0
R22,D,20180312,000000,19.286,19.286,18.534,18.901,2129,0
R22,D,20180313,000000,19.015,19.015,18.63,18.63,563,0
R22,D,20180314,000000,19.015,19.015,18.63,18.63,488,0
R22,D,20180315,000000,18.63,18.63,18.63,18.63,53,0
R22,D,20180316,000000,18.534,18.534,18.437,18.437,24,0
R22,D,20180319,000000,18.437,18.437,18.264,18.341,179,0
R22,D,20180320,000000,18.148,18.63,18.148,18.63,1059,0
R22,D,20180321,000000,18.63,18.822,18.63,18.727,1302,0
R22,D,20180322,000000,18.727,18.727,18.63,18.63,1334,0
R22,D,20180323,000000,18.63,18.727,18.534,18.688,739,0
R22,D,20180326,000000,18.688,18.688,18.688,18.688,8,0
R22,D,20180327,000000,18.437,18.688,18.437,18.688,78,0
R22,D,20180328,000000,18.688,18.727,18.341,18.727,10828,0
R22,D,20180329,000000,18.727,18.919,18.148,18.919,21812,0
R22,D,20180403,000000,18.881,19.692,18.36,19.546,4280,0
R22,D,20180404,000000,19.692,19.692,18.978,19.595,51,0
R22,D,20180405,000000,19.595,19.595,19.306,19.546,158,0
R22,D,20180406,000000,19.306,19.546,19.306,19.546,43,0
R22,D,20180409,000000,19.546,19.837,19.306,19.837,1159,0
R22,D,20180410,000000,19.789,19.789,19.015,19.132,1641,0
R22,D,20180411,000000,19.74,19.74,19.035,19.595,25,0
R22,D,20180412,000000,19.595,19.789,19.306,19.789,138141,0
R22,D,20180413,000000,19.789,21.622,19.402,21.092,46970,0
R22,D,20180416,000000,21.236,21.622,20.464,21.429,2870,0
R22,D,20180417,000000,21.236,21.236,20.513,20.898,20676,0
R22,D,20180418,000000,21.236,21.236,19.933,20.078,1588,0
R22,D,20180419,000000,19.885,20.27,19.306,19.306,3119,0
R22,D,20180420,000000,19.933,19.933,18.998,19.306,2733,0
R22,D,20180423,000000,19.837,19.837,19.306,19.837,86,0
R22,D,20180424,000000,20.174,20.174,19.015,19.643,524,0
R22,D,20180425,000000,19.595,19.595,18.919,19.595,514,0
R22,D,20180426,000000,19.402,19.499,19.035,19.499,986,0
R22,D,20180427,000000,19.499,19.982,19.113,19.306,211026,0
R22,D,20180430,000000,19.789,20.078,19.306,20.078,9430,0
R22,D,20180502,000000,20.27,20.27,19.499,19.499,178,0
R22,D,20180504,000000,20.27,20.27,18.842,19.306,2396,0
R22,D,20180507,000000,19.306,19.306,19.209,19.267,458,0
R22,D,20180508,000000,19.267,19.267,17.973,18.998,1539,0
R22,D,20180509,000000,19.267,19.267,18.224,18.822,832,0
R22,D,20180510,000000,18.822,18.822,18.534,18.727,509,0
R22,D,20180511,000000,18.727,18.727,18.128,18.727,386,0
R22,D,20180514,000000,18.727,19.015,17.954,18.745,2442,0
R22,D,20180515,000000,18.051,18.727,18.051,18.727,673,0
R22,D,20180516,000000,18.727,18.727,18.148,18.727,524,0
R22,D,20180517,000000,18.727,18.727,17.973,18.514,1604,0
R22,D,20180518,000000,18.727,18.727,18.417,18.688,924,0
R22,D,20180521,000000,18.688,18.688,17.993,18.669,40,0
R22,D,20180522,000000,18.649,19.692,18.36,18.494,2175,0
R22,D,20180523,000000,19.267,19.267,18.534,18.534,1062,0
R22,D,20180524,000000,19.113,19.113,17.24,18.534,53869,0
R22,D,20180525,000000,18.63,18.822,16.912,18.727,58214,0
R22,D,20180528,000000,18.63,19.306,18.63,18.822,36501,0
R22,D,20180529,000000,18.63,19.113,18.36,19.113,2969,0
R22,D,20180530,000000,19.113,19.306,18.534,19.306,6786,0
R22,D,20180601,000000,19.306,19.306,18.514,18.822,2596,0
R22,D,20180604,000000,18.822,18.822,18.437,18.822,672,0
R22,D,20180605,000000,19.595,19.595,18.457,18.727,110,0
R22,D,20180606,000000,18.822,18.822,18.822,18.822,159,0
R22,D,20180607,000000,18.727,18.727,17.858,18.534,3149,0
R22,D,20180608,000000,18.688,18.688,18.534,18.534,35,0
R22,D,20180611,000000,18.822,18.822,17.896,18.534,1090,0
R22,D,20180612,000000,18.707,18.707,17.954,18.63,1374,0
R22,D,20180613,000000,19.209,19.209,17.993,17.993,171,0
R22,D,20180614,000000,18.804,18.804,18.437,18.437,456,0
R22,D,20180615,000000,18.534,18.63,18.341,18.341,405,0
R22,D,20180618,000000,18.341,18.341,18.341,18.341,12,0
R22,D,20180619,000000,18.341,18.341,17.375,18.341,3947,0
R22,D,20180620,000000,18.341,18.341,17.858,18.341,1125,0
R22,D,20180621,000000,18.534,18.534,18.031,18.341,946,0
R22,D,20180622,000000,18.341,18.822,18.341,18.341,1297,0
R22,D,20180625,000000,18.031,18.341,18.031,18.341,450,0
R22,D,20180626,000000,18.301,18.341,17.858,18.341,5725,0
R22,D,20180627,000000,18.63,18.63,18.341,18.341,105,0
R22,D,20180628,000000,18.341,18.341,18.341,18.341,58,0
R22,D,20180629,000000,18.61,18.61,18.534,18.534,53,0
R22,D,20180702,000000,18.61,18.61,18.61,18.61,1,0
R22,D,20180703,000000,18.61,18.61,17.954,18.437,751,0
R22,D,20180704,000000,18.61,18.61,17.858,17.858,165,0
R22,D,20180705,000000,17.858,17.858,17.567,17.858,594,0
R22,D,20180706,000000,18.341,18.341,17.935,17.935,2,0
R22,D,20180709,000000,17.858,17.858,17.394,17.394,86,0
R22,D,20180710,000000,18.341,18.341,18.341,18.341,1,0
R22,D,20180711,000000,18.148,18.148,18.148,18.148,1,0
R22,D,20180712,000000,18.148,18.148,18.148,18.148,1,0
R22,D,20180713,000000,18.148,18.148,18.128,18.128,2,0
R22,D,20180716,000000,18.128,18.148,17.472,18.148,849,0
R22,D,20180717,000000,18.341,18.341,18.341,18.341,1,0
R22,D,20180718,000000,18.341,18.341,16.989,16.989,2834,0
R22,D,20180719,000000,17.567,17.567,16.969,17.567,542,0
R22,D,20180720,000000,18.341,18.341,17.202,18.148,528,0
R22,D,20180723,000000,17.858,17.858,17.858,17.858,2,0
R22,D,20180724,000000,17.858,17.858,17.664,17.664,69,0
R22,D,20180725,000000,17.646,17.646,17.279,17.626,533,0
R22,D,20180726,000000,17.626,17.626,17.182,17.626,31342,0
R22,D,20180727,000000,17.626,17.626,16.989,17.375,104491,0
R22,D,20180730,000000,17.163,17.607,17.163,17.607,120,0
R22,D,20180731,000000,17.607,18.572,17.607,18.572,3545,0
R22,D,20180801,000000,17.664,18.61,17.664,18.61,2068,0
R22,D,20180802,000000,18.61,18.61,18.61,18.61,2,0
R22,D,20180803,000000,18.61,18.822,18.417,18.727,2985,0
R22,D,20180806,000000,18.727,18.727,18.341,18.341,2,0
R22,D,20180807,000000,18.727,18.727,18.727,18.727,1,0
R22,D,20180808,000000,18.727,18.727,17.567,18.341,103879,0
R22,D,20180809,000000,18.341,18.727,18.341,18.727,43,0
R22,D,20180810,000000,18.341,18.727,18.341,18.727,1396,0
R22,D,20180813,000000,17.954,18.341,17.954,18.341,89,0
R22,D,20180814,000000,18.341,18.727,18.341,18.727,457,0
R22,D,20180816,000000,18.727,18.727,18.727,18.727,2,0
R22,D,20180817,000000,18.727,18.727,18.321,18.727,1483,0
R22,D,20180820,000000,18.727,18.727,18.727,18.727,2,0
R22,D,20180821,000000,18.688,18.727,18.688,18.727,363,0
R22,D,20180822,000000,18.822,18.822,18.031,18.822,480,0
R22,D,20180823,000000,19.209,19.209,18.785,18.822,1225,0
R22,D,20180824,000000,18.822,18.822,17.375,18.534,3142,0
R22,D,20180827,000000,18.514,18.727,18.514,18.727,1266,0
R22,D,20180828,000000,18.785,18.785,18.785,18.785,1658,0
R22,D,20180829,000000,17.761,18.727,17.761,18.727,31702,0
R22,D,20180830,000000,18.727,18.727,18.108,18.63,25782,0
R22,D,20180831,000000,18.61,18.61,18.186,18.494,5616,0
R22,D,20180903,000000,18.514,18.514,16.776,16.776,4549,0
R22,D,20180904,000000,17.472,17.55,16.7,17.259,1619,0
R22,D,20180905,000000,17.279,17.279,16.409,16.893,1157,0
R22,D,20180906,000000,16.893,17.317,16.603,17.317,38,0
R22,D,20180907,000000,17.317,17.317,17.317,17.317,12,0
R22,D,20180910,000000,17.279,17.279,17.279,17.279,10,0
R22,D,20180911,000000,17.375,17.375,16.525,17.163,108,0
R22,D,20180912,000000,17.143,17.375,16.565,17.375,6,0
R22,D,20180913,000000,17.375,17.375,17.163,17.163,11,0
R22,D,20180914,000000,17.163,17.279,16.545,17.279,44,0
R22,D,20180917,000000,16.641,17.163,16.507,16.622,1876,0
R22,D,20180918,000000,17.375,17.375,16.12,16.275,537,0
R22,D,20180919,000000,16.7,16.7,16.275,16.487,2193,0
R22,D,20180920,000000,16.7,16.7,15.31,15.31,146811,0
R22,D,20180921,000000,15.31,15.445,15.31,15.348,59645,0
R22,D,20180924,000000,15.927,15.927,15.445,15.869,17841,0
R22,D,20180925,000000,15.851,15.927,15.541,15.927,1412,0
R22,D,20180926,000000,15.927,17.375,15.927,17.375,54301,0
R22,D,20180927,000000,17.607,17.607,16.893,17.375,381,0
R22,D,20180928,000000,17.375,17.375,17.375,17.375,43,0
R22,D,20181001,000000,17.375,17.375,17.375,17.375,462,0
R22,D,20181002,000000,17.567,17.567,16.216,16.216,2089,0
R22,D,20181003,000000,17.337,17.337,15.831,16.391,3086,0
R22,D,20181004,000000,17.182,17.182,17.182,17.182,1,0
R22,D,20181005,000000,16.757,17.182,16.68,17.182,1310,0
R22,D,20181008,000000,17.182,17.182,16.216,16.931,2355,0
R22,D,20181009,000000,16.931,16.931,16.12,16.295,571,0
R22,D,20181010,000000,16.931,16.931,15.541,15.927,840,0
R22,D,20181011,000000,15.445,15.445,15.348,15.445,1171,0
R22,D,20181012,000000,15.927,15.927,15.058,15.541,171,0
R22,D,20181015,000000,15.541,15.541,15.077,15.502,7,0
R22,D,20181016,000000,15.077,15.387,15.077,15.117,335,0
R22,D,20181017,000000,15.483,15.483,15.077,15.445,447,0
R22,D,20181018,000000,15.445,15.445,15.445,15.445,2,0
R22,D,20181019,000000,15.445,15.445,15.406,15.425,4,0
R22,D,20181022,000000,15.425,15.927,15.425,15.927,305,0
R22,D,20181023,000000,15.927,15.927,15.927,15.927,1,0
R22,D,20181024,000000,15.927,15.927,15.058,15.657,291,0
R22,D,20181025,000000,15.927,15.927,14.866,15.27,821,0
R22,D,20181026,000000,15.676,15.676,14.961,15.676,60,0
R22,D,20181029,000000,15.29,15.676,15.29,15.676,21640,0
R22,D,20181030,000000,15.927,15.927,15.927,15.927,1,0
R22,D,20181031,000000,15.927,15.927,15.927,15.927,2,0
R22,D,20181102,000000,15.927,15.927,15.676,15.927,72,0
R22,D,20181105,000000,15.927,15.927,15.445,15.561,20869,0
R22,D,20181106,000000,15.927,15.927,15.734,15.927,128,0
R22,D,20181107,000000,15.927,15.927,15.445,15.445,10361,0
R22,D,20181108,000000,15.927,15.927,15.927,15.927,29,0
R22,D,20181109,000000,15.927,15.927,15.927,15.927,2,0
R22,D,20181113,000000,15.927,15.927,15.927,15.927,10,0
R22,D,20181114,000000,15.927,16.12,15.445,15.734,6076,0
R22,D,20181115,000000,16.216,16.603,15.927,15.927,1269,0
R22,D,20181116,000000,16.603,16.603,16.603,16.603,1,0
R22,D,20181119,000000,15.445,15.464,14.731,14.769,5050,0
R22,D,20181120,000000,15.58,15.58,14.479,14.961,23335,0
R22,D,20181121,000000,15.155,15.155,14.479,14.769,348,0
R22,D,20181122,000000,14.846,14.846,14.846,14.846,8,0
R22,D,20181123,000000,14.846,14.961,14.846,14.961,1303,0
R22,D,20181126,000000,15.445,15.541,15.252,15.541,11472,0
R22,D,20181127,000000,15.598,15.773,15.598,15.773,5556,0
R22,D,20181128,000000,16.409,16.409,15.445,15.638,626,0
R22,D,20181129,000000,16.409,16.409,15.348,15.734,1062,0
R22,D,20181130,000000,16.409,16.409,15.445,16.12,38232,0
R22,D,20181203,000000,15.464,16.372,15.464,16.004,4585,0
R22,D,20181204,000000,16.409,16.409,15.464,16.024,4805,0
R22,D,20181205,000000,16.024,16.024,15.445,15.445,1360,0
R22,D,20181206,000000,15.888,15.888,14.961,15.502,747,0
R22,D,20181207,000000,15.483,15.657,15.483,15.657,18,0
R22,D,20181210,000000,15.657,15.791,15.502,15.502,96,0
R22,D,20181211,000000,15.791,15.791,15.445,15.445,13,0
R22,D,20181212,000000,15.638,15.638,15.097,15.638,59,0
R22,D,20181213,000000,15.754,15.754,15.676,15.676,288,0
R22,D,20181214,000000,15.676,15.676,15.445,15.618,343,0
R22,D,20181217,000000,15.773,15.773,15.445,15.598,468,0
R22,D,20181218,000000,15.598,15.598,15.058,15.058,266,0
R22,D,20181219,000000,15.445,15.445,15.406,15.406,64,0
R22,D,20181220,000000,15.367,15.425,15.02,15.425,154,0
R22,D,20181221,000000,15.406,15.406,14.383,14.383,891,0
R22,D,20181227,000000,14.479,15.058,14.383,14.383,2306,0
R22,D,20181228,000000,14.383,14.383,13.822,14.383,594,0
R22,D,20190102,000000,14.866,14.866,14.421,14.421,1267,0
R22,D,20190103,000000,14.421,14.46,14.267,14.306,994,0
R22,D,20190104,000000,14.306,14.325,14.306,14.325,14,0
R22,D,20190107,000000,14.325,14.325,14.228,14.325,387,0
R22,D,20190108,000000,14.325,14.325,14.093,14.093,3184,0
R22,D,20190109,000000,14.19,14.19,14.093,14.19,861,0
R22,D,20190110,000000,14.093,14.499,14.093,14.17,61802,0
R22,D,20190111,000000,14.479,14.479,13.997,13.997,1686,0
R22,D,20190114,000000,14.17,14.17,13.726,13.919,1174,0
R22,D,20190115,000000,13.939,14.113,13.726,14.113,2276,0
R22,D,20190116,000000,14.113,14.286,13.803,14.286,2410,0
R22,D,20190117,000000,14.286,14.286,14.267,14.286,31,0
R22,D,20190118,000000,14.286,14.479,14.035,14.479,110189,0
R22,D,20190121,000000,14.479,14.943,14.286,14.827,9521,0
R22,D,20190122,000000,14.866,16.409,14.866,16.12,10393,0
R22,D,20190123,000000,16.12,16.312,16.12,16.312,464,0
R22,D,20190124,000000,16.312,16.312,15.927,16.024,1058,0
R22,D,20190125,000000,16.216,16.565,16.216,16.448,99737,0
R22,D,20190128,000000,16.312,16.391,15.985,15.985,20760,0
R22,D,20190129,000000,16.198,16.198,14.672,15.638,1781,0
R22,D,20190130,000000,15.638,16.101,15.348,16.101,1915,0
R22,D,20190131,000000,16.101,16.101,16.043,16.101,32,0
R22,D,20190201,000000,16.101,16.101,15.638,15.831,728,0
R22,D,20190204,000000,15.831,15.831,15.811,15.831,94,0
R22,D,20190205,000000,15.831,15.831,15.831,15.831,1,0
R22,D,20190206,000000,15.791,15.791,14.537,15.117,13088,0
R22,D,20190207,000000,15.232,15.638,14.961,15.194,8301,0
R22,D,20190208,000000,14.866,14.924,14.383,14.421,21192,0
R22,D,20190211,000000,14.846,14.846,14.325,14.363,5414,0
R22,D,20190212,000000,15.155,16.661,14.672,16.312,39981,0
R22,D,20190213,000000,16.603,17.954,16.603,17.567,27531,0
R22,D,20190214,000000,17.973,18.592,17.143,17.55,13466,0
R22,D,20190215,000000,17.53,17.53,16.622,16.989,2371,0
R22,D,20190218,000000,17.24,17.24,16.525,17.028,830,0
R22,D,20190219,000000,16.989,17.24,16.468,16.893,1608,0
R22,D,20190220,000000,16.468,17.086,16.468,17.086,3077,0
R22,D,20190221,000000,17.046,17.24,17.046,17.24,141,0
R22,D,20190222,000000,17.24,17.24,16.893,16.989,638,0
R22,D,20190225,000000,17.24,17.664,16.893,17.375,7900,0
R22,D,20190226,000000,17.375,17.858,17.124,17.356,8499,0
R22,D,20190227,000000,17.567,17.742,17.375,17.472,16073,0
R22,D,20190228,000000,17.664,17.838,17.182,17.82,2688,0
R22,D,20190301,000000,17.838,17.838,17.356,17.664,1285,0
R22,D,20190304,000000,17.664,17.684,17.664,17.664,331,0
R22,D,20190305,000000,17.664,17.664,16.989,17.279,4431,0
R22,D,20190306,000000,17.375,17.394,16.989,17.375,15052,0
R22,D,20190307,000000,17.086,17.472,17.086,17.375,860,0
R22,D,20190308,000000,17.414,17.433,17.182,17.414,737,0
R22,D,20190311,000000,17.375,17.375,17.182,17.279,264,0
R22,D,20190312,000000,17.279,17.375,16.487,17.279,6424,0
R22,D,20190313,000000,17.163,17.182,16.816,17.086,979,0
R22,D,20190314,000000,17.105,17.105,16.796,16.796,119,0
R22,D,20190315,000000,17.163,17.297,16.796,16.796,985,0
R22,D,20190318,000000,17.086,17.086,17.086,17.086,5,0
R22,D,20190319,000000,16.796,17.279,16.525,17.279,1585,0
R22,D,20190320,000000,17.279,19.209,17.279,18.727,31168,0
R22,D,20190321,000000,18.727,18.901,18.341,18.901,4074,0
R22,D,20190322,000000,18.901,18.901,18.534,18.534,172,0
R22,D,20190325,000000,18.822,18.822,18.437,18.822,228,0
R22,D,20190326,000000,18.727,18.727,17.858,18.534,908,0
R22,D,20190327,000000,18.341,18.822,17.954,18.707,3762,0
R22,D,20190328,000000,18.707,18.727,18.707,18.727,555,0
R22,D,20190329,000000,18.63,18.822,18.572,18.822,2180,0
R22,D,20190401,000000,18.727,19.306,18.727,18.822,11788,0
R22,D,20190402,000000,19.113,21.043,19.113,19.789,13471,0
R22,D,20190403,000000,19.885,20.174,19.885,19.982,1951,0
R22,D,20190404,000000,20.174,20.174,19.595,19.885,1549,0
R22,D,20190405,000000,20.078,20.27,19.789,20.27,2452,0
R22,D,20190408,000000,19.789,19.885,19.402,19.789,1610,0
R22,D,20190409,000000,19.789,19.789,19.209,19.692,2685,0
R22,D,20190410,000000,19.595,19.692,19.306,19.692,3023,0
R22,D,20190411,000000,19.595,19.595,19.595,19.595,5,0
R22,D,20190412,000000,19.595,19.595,19.595,19.595,5,0
R22,D,20190415,000000,18.968,19.789,18.968,19.692,1963,0
R22,D,20190416,000000,19.306,19.692,19.306,19.692,661,0
R22,D,20190417,000000,19.692,19.789,19.113,19.692,1599,0
R22,D,20190418,000000,19.595,19.692,19.306,19.595,566,0
R22,D,20190423,000000,19.595,19.595,19.595,19.595,5,0
R22,D,20190424,000000,19.595,19.595,19.161,19.595,173,0
R22,D,20190425,000000,19.595,19.595,18.872,19.499,1175,0
R22,D,20190426,000000,19.306,19.306,19.306,19.306,106,0
R22,D,20190429,000000,19.306,19.306,18.727,19.015,643,0
R22,D,20190430,000000,18.968,20.174,18.968,19.499,9417,0
R22,D,20190502,000000,19.692,19.692,19.692,19.692,5,0
R22,D,20190506,000000,19.499,19.692,19.306,19.692,262,0
R22,D,20190507,000000,19.692,19.692,19.692,19.692,6,0
R22,D,20190508,000000,19.209,19.692,19.209,19.402,2144,0
R22,D,20190509,000000,19.306,19.306,17.375,17.52,11479,0
R22,D,20190510,000000,18.341,19.015,18.341,18.63,1165,0
R22,D,20190513,000000,18.63,18.63,18.341,18.437,2597,0
R22,D,20190514,000000,18.63,18.63,17.664,18.099,789,0
R22,D,20190515,000000,18.244,18.244,17.134,17.81,7055,0
R22,D,20190516,000000,17.858,17.858,17.375,17.375,4701,0
R22,D,20190517,000000,17.375,18.099,17.375,17.906,2838,0
R22,D,20190520,000000,18.727,19.209,17.617,18.051,9667,0
R22,D,20190521,000000,18.148,18.534,17.664,18.051,4945,0
R22,D,20190522,000000,18.003,18.003,17.375,17.761,5786,0
R22,D,20190523,000000,17.761,17.858,17.567,17.761,4877,0
R22,D,20190524,000000,17.858,17.858,17.182,17.424,31021,0
R22,D,20190527,000000,16.94,17.567,16.94,17.567,329,0
R22,D,20190528,000000,17.567,17.567,16.893,17.424,951,0
R22,D,20190529,000000,17.567,17.567,16.989,16.989,262,0
R22,D,20190530,000000,17.567,17.567,17.375,17.567,262,0
R22,D,20190531,000000,17.761,17.954,17.761,17.761,922,0
R22,D,20190603,000000,17.858,17.954,17.81,17.954,1208,0
R22,D,20190604,000000,17.954,18.148,17.858,18.148,19957,0
R22,D,20190605,000000,18.148,18.148,17.375,17.761,1901,0
R22,D,20190606,000000,17.761,17.761,17.231,17.375,4391,0
R22,D,20190607,000000,17.327,17.327,17.182,17.182,1469,0
R22,D,20190610,000000,17.327,17.375,17.182,17.375,632,0
R22,D,20190611,000000,17.375,17.375,17.182,17.182,670,0
R22,D,20190612,000000,17.231,17.231,17.134,17.182,465,0
R22,D,20190613,000000,17.182,17.327,17.086,17.327,5159,0
R22,D,20190614,000000,17.327,18.63,17.327,18.534,7245,0
R22,D,20190617,000000,18.534,18.534,18.341,18.437,369,0
R22,D,20190618,000000,18.919,19.113,18.437,19.113,3426,0
R22,D,20190619,000000,19.113,19.499,18.678,19.113,3771,0
R22,D,20190621,000000,19.065,19.065,18.485,18.775,687,0
R22,D,20190624,000000,18.775,18.919,18.63,18.63,142,0
R22,D,20190625,000000,19.113,19.113,18.822,18.822,224,0
R22,D,20190626,000000,19.015,19.015,18.727,19.015,125,0
R22,D,20190627,000000,19.015,19.015,18.485,18.822,296,0
R22,D,20190628,000000,18.822,19.015,18.485,19.015,148,0
R22,D,20190701,000000,19.015,19.306,19.015,19.306,1906,0
R22,D,20190702,000000,19.065,19.065,18.822,18.822,238,0
R22,D,20190703,000000,19.065,19.065,18.63,18.822,119,0
R22,D,20190704,000000,18.822,18.822,18.437,18.727,338,0
R22,D,20190705,000000,18.822,18.822,18.244,18.775,707,0
R22,D,20190708,000000,18.775,18.775,18.775,18.775,2,0
R22,D,20190709,000000,18.775,18.775,18.244,18.775,225,0
R22,D,20190710,000000,18.775,18.775,18.341,18.775,56,0
R22,D,20190711,000000,18.727,18.727,18.051,18.244,2443,0
R22,D,20190712,000000,18.341,18.582,18.244,18.341,503,0
R22,D,20190715,000000,18.341,18.341,18.099,18.291,1040,0
R22,D,20190716,000000,18.291,19.692,18.195,19.113,21652,0
R22,D,20190717,000000,19.161,19.402,19.113,19.113,55761,0
R22,D,20190718,000000,19.161,19.161,19.015,19.065,1346,0
R22,D,20190719,000000,19.113,19.161,18.919,18.919,7798,0
R22,D,20190722,000000,19.113,19.161,18.872,19.113,4163,0
R22,D,20190723,000000,19.161,19.161,18.872,18.872,1249,0
R22,D,20190724,000000,18.919,19.113,18.919,19.065,1966,0
R22,D,20190725,000000,19.113,19.692,18.968,19.692,73542,0
R22,D,20190726,000000,19.692,21.236,19.595,20.27,14740,0
R22,D,20190729,000000,20.27,20.657,20.078,20.464,7915,0
R22,D,20190730,000000,20.464,20.561,20.174,20.464,23479,0
R22,D,20190731,000000,20.464,20.754,20.174,20.174,26716,0
R22,D,20190801,000000,20.078,20.464,20.078,20.464,1957,0
R22,D,20190802,000000,20.464,20.561,19.982,20.078,514,0
R22,D,20190805,000000,20.078,20.174,19.499,19.789,2035,0
R22,D,20190806,000000,19.595,20.27,19.015,20.078,5115,0
R22,D,20190807,000000,20.174,20.174,19.499,19.789,917,0
R22,D,20190808,000000,19.789,19.885,19.692,19.885,5055,0
R22,D,20190809,000000,20.174,20.174,19.595,19.885,611,0
R22,D,20190812,000000,19.789,19.885,19.789,19.885,208,0
R22,D,20190813,000000,19.885,20.464,19.499,20.464,1572,0
R22,D,20190814,000000,20.464,21.043,20.464,20.947,6938,0
R22,D,20190816,000000,20.947,20.947,20.078,20.657,2512,0
R22,D,20190819,000000,20.657,20.85,19.885,20.174,1308,0
R22,D,20190820,000000,20.174,20.174,19.306,20.078,22578,0
R22,D,20190821,000000,20.078,20.078,19.885,20.078,66,0
R22,D,20190822,000000,20.078,20.561,19.885,20.561,901,0
R22,D,20190823,000000,20.367,20.561,20.367,20.561,305,0
R22,D,20190826,000000,20.561,20.561,20.27,20.464,810,0
R22,D,20190827,000000,20.367,20.367,20.174,20.367,1277,0
R22,D,20190828,000000,20.561,20.561,19.885,20.27,2366,0
R22,D,20190829,000000,20.27,20.27,19.789,20.174,327,0
R22,D,20190830,000000,20.27,20.27,19.885,20.27,373,0
R22,D,20190902,000000,20.078,20.078,19.692,19.789,1302,0
R22,D,20190903,000000,19.789,19.789,19.161,19.258,3133,0
R22,D,20190904,000000,19.258,19.258,18.582,19.258,3623,0
R22,D,20190905,000000,19.306,19.982,19.065,19.065,107164,0
R22,D,20190906,000000,19.402,19.402,19.306,19.306,1432,0
R22,D,20190909,000000,19.306,19.692,19.209,19.306,24255,0
R22,D,20190910,000000,19.306,19.306,18.919,19.065,2994,0
R22,D,20190911,000000,19.065,19.065,19.065,19.065,658,0
R22,D,20190912,000000,19.113,19.113,18.872,19.015,578,0
R22,D,20190913,000000,19.015,19.015,18.872,18.872,62,0
R22,D,20190916,000000,18.822,18.822,18.003,18.582,2712,0
R22,D,20190917,000000,18.678,19.065,18.534,18.534,2364,0
R22,D,20190918,000000,18.341,19.015,18.341,19.015,452,0
R22,D,20190919,000000,19.065,19.065,18.968,19.065,1249,0
R22,D,20190920,000000,19.065,19.113,18.63,19.065,1148,0
R22,D,20190923,000000,18.919,19.113,18.63,19.113,313,0
R22,D,20190924,000000,19.113,19.113,19.065,19.113,936,0
R22,D,20190925,000000,19.113,19.258,18.678,19.258,876,0
R22,D,20190926,000000,19.258,19.258,18.822,19.258,998,0
R22,D,20190927,000000,19.258,19.595,18.727,19.015,2006,0
R22,D,20190930,000000,19.113,19.258,18.919,19.015,673,0
R22,D,20191001,000000,19.015,19.015,18.919,18.919,1266,0
R22,D,20191002,000000,18.919,18.919,18.63,18.775,874,0
R22,D,20191003,000000,18.437,18.872,18.437,18.872,74,0
R22,D,20191004,000000,18.872,19.015,18.534,19.015,480,0
R22,D,20191007,000000,19.015,19.015,19.015,19.015,3,0
R22,D,20191008,000000,18.968,18.968,18.822,18.822,1950,0
R22,D,20191009,000000,18.919,18.919,18.63,18.822,984,0
R22,D,20191010,000000,18.822,18.919,18.534,18.775,829,0
R22,D,20191011,000000,18.822,19.789,18.727,19.692,1561,0
R22,D,20191014,000000,19.986,19.986,19.496,19.496,2257,0
R22,D,20191015,000000,19.692,19.692,19.496,19.692,87,0
R22,D,20191016,000000,19.692,19.692,19.692,19.692,74,0
R22,D,20191017,000000,19.692,19.692,19.349,19.594,73,0
R22,D,20191018,000000,19.594,19.692,19.398,19.692,3544,0
R22,D,20191021,000000,19.594,19.594,19.251,19.251,612,0
R22,D,20191022,000000,19.594,19.594,19.202,19.3,572,0
R22,D,20191023,000000,19.447,19.447,18.712,19.104,1855,0
R22,D,20191024,000000,19.447,19.447,19.447,19.447,17,0
R22,D,20191025,000000,19.447,19.447,19.202,19.447,520,0
R22,D,20191028,000000,19.398,19.447,19.398,19.447,172,0
R22,D,20191029,000000,19.447,19.447,18.81,19.447,4648,0
R22,D,20191030,000000,19.447,19.594,18.81,19.594,3456,0
R22,D,20191031,000000,19.594,19.594,19.202,19.594,4057,0
R22,D,20191104,000000,19.594,19.692,19.349,19.594,4900,0
R22,D,20191105,000000,19.692,19.692,19.594,19.692,1009,0
R22,D,20191106,000000,19.692,19.692,19.153,19.153,482,0
R22,D,20191107,000000,19.594,19.594,18.957,18.957,426,0
R22,D,20191108,000000,19.153,19.349,18.614,18.614,3261,0
R22,D,20191112,000000,18.418,18.614,17.928,18.418,2183,0
R22,D,20191113,000000,18.614,18.614,18.026,18.222,1044,0
R22,D,20191114,000000,18.026,19.006,18.026,18.908,2922,0
R22,D,20191115,000000,19.006,19.006,19.006,19.006,13,0
R22,D,20191118,000000,18.614,19.79,18.614,19.79,23231,0
R22,D,20191119,000000,19.79,21.161,19.594,20.377,52688,0
R22,D,20191120,000000,20.377,20.574,19.79,20.475,24520,0
R22,D,20191121,000000,20.475,20.475,19.888,20.279,959,0
R22,D,20191122,000000,20.279,20.574,19.594,20.083,4364,0
R22,D,20191125,000000,20.083,20.279,19.692,20.083,52419,0
R22,D,20191126,000000,20.181,20.77,20.181,20.574,11182,0
R22,D,20191127,000000,20.672,20.868,20.377,20.672,1946,0
R22,D,20191128,000000,20.672,21.259,19.986,21.259,16271,0
R22,D,20191129,000000,20.868,21.455,20.868,21.455,5880,0
R22,D,20191202,000000,21.455,22.043,21.161,21.455,11522,0
R22,D,20191203,000000,21.455,21.553,21.064,21.064,920,0
R22,D,20191204,000000,21.357,21.455,20.868,21.259,35054,0
R22,D,20191205,000000,21.357,21.749,21.161,21.455,3075,0
R22,D,20191206,000000,21.455,21.455,21.064,21.064,1525,0
R22,D,20191209,000000,21.064,21.161,20.966,21.161,1577,0
R22,D,20191210,000000,21.161,21.161,21.064,21.064,60,0
R22,D,20191211,000000,21.064,21.161,20.868,20.868,548,0
R22,D,20191212,000000,20.868,21.064,20.868,21.064,146,0
R22,D,20191213,000000,21.064,21.064,20.868,21.064,51452,0
R22,D,20191216,000000,21.064,23.023,21.064,22.631,10291,0
R22,D,20191217,000000,22.631,23.316,22.239,22.533,212397,0
R22,D,20191218,000000,22.141,22.631,21.945,22.141,1868,0
R22,D,20191219,000000,22.239,22.337,22.141,22.337,999,0
R22,D,20191220,000000,22.533,23.414,22.337,23.219,9573,0
R22,D,20191223,000000,22.729,23.219,22.533,22.827,15583,0
R22,D,20191227,000000,23.219,23.905,22.533,23.219,8135,0
R22,D,20191230,000000,23.219,23.512,22.533,22.533,5927,0
R22,D,20200102,000000,23.219,23.512,22.533,23.023,4104,0
R22,D,20200103,000000,23.121,23.121,22.533,23.023,13079,0
R22,D,20200107,000000,23.121,23.316,22.729,23.023,17988,0
R22,D,20200108,000000,23.023,23.316,22.533,23.316,23646,0
R22,D,20200109,000000,23.316,25.08,23.316,24.297,9910,0
R22,D,20200110,000000,24.492,24.982,24.492,24.884,4505,0
R22,D,20200113,000000,24.982,26.256,24.982,26.256,14401,0
R22,D,20200114,000000,26.843,26.843,24.59,25.08,25699,0
R22,D,20200115,000000,24.884,25.178,23.414,24.199,58060,0
R22,D,20200116,000000,24.688,25.374,23.905,23.905,39132,0
R22,D,20200117,000000,24.297,24.394,23.121,23.414,33590,0
R22,D,20200120,000000,23.708,23.806,22.827,22.925,24095,0
R22,D,20200121,000000,22.827,25.08,22.631,24.492,55309,0
R22,D,20200122,000000,24.786,24.786,23.905,24.101,20051,0
R22,D,20200123,000000,24.297,24.297,23.61,23.806,5096,0
R22,D,20200124,000000,23.61,25.57,23.61,24.884,251545,0
R22,D,20200127,000000,25.276,25.276,23.61,23.61,26305,0
R22,D,20200128,000000,24.003,24.688,23.708,24.199,29769,0
R22,D,20200129,000000,24.492,25.276,24.394,24.688,14239,0
R22,D,20200130,000000,24.199,24.688,24.101,24.101,4689,0
R22,D,20200131,000000,24.101,25.471,23.708,25.471,10527,0
R22,D,20200203,000000,25.276,25.57,24.982,25.57,7663,0
R22,D,20200204,000000,25.668,25.668,24.884,25.178,12949,0
R22,D,20200205,000000,25.276,25.276,24.394,24.786,13818,0
R22,D,20200206,000000,24.492,25.864,24.492,24.982,8906,0
R22,D,20200207,000000,25.374,25.471,24.59,25.08,3433,0
R22,D,20200210,000000,24.688,24.786,24.59,24.59,1631,0
R22,D,20200211,000000,24.786,26.06,24.786,25.57,10290,0
R22,D,20200212,000000,25.962,26.158,25.668,26.06,6675,0
R22,D,20200213,000000,26.158,27.334,25.57,26.647,9634,0
R22,D,20200214,000000,26.647,27.53,26.158,26.452,13142,0
R22,D,20200217,000000,26.452,27.137,25.864,26.354,31047,0
R22,D,20200218,000000,26.549,26.549,25.668,26.158,4218,0
R22,D,20200219,000000,26.256,27.823,25.962,26.354,14226,0
R22,D,20200220,000000,27.823,27.823,26.452,26.452,18114,0
R22,D,20200221,000000,26.647,27.039,25.08,25.08,17724,0
R22,D,20200224,000000,25.276,25.668,23.905,24.59,19118,0
R22,D,20200225,000000,25.471,26.941,24.786,25.668,26576,0
R22,D,20200226,000000,25.276,26.06,24.884,25.864,16767,0
R22,D,20200227,000000,25.668,25.668,20.966,23.512,35922,0
R22,D,20200228,000000,21.553,23.512,21.064,23.512,66286,0
R22,D,20200302,000000,23.512,25.178,23.512,25.08,25298,0
R22,D,20200303,000000,25.178,26.354,25.178,26.06,22996,0
R22,D,20200304,000000,25.864,25.864,25.276,25.471,10941,0
R22,D,20200305,000000,25.471,26.354,24.59,24.982,11614,0
R22,D,20200306,000000,24.982,24.982,23.806,24.492,6325,0
R22,D,20200309,000000,22.827,24.003,21.945,23.023,17672,0
R22,D,20200310,000000,22.729,23.512,21.749,21.945,9291,0
R22,D,20200311,000000,22.043,22.435,19.888,20.574,29763,0
R22,D,20200312,000000,19.594,20.279,18.124,18.712,21564,0
R22,D,20200313,000000,18.32,21.357,18.075,20.868,44900,0
R22,D,20200316,000000,20.868,20.868,19.594,20.574,7643,0
R22,D,20200317,000000,20.574,21.553,19.986,20.475,28669,0
R22,D,20200318,000000,20.083,21.945,20.083,20.574,27304,0
R22,D,20200319,000000,20.574,21.651,20.475,21.651,38251,0
R22,D,20200320,000000,21.749,22.533,20.672,21.553,43359,0
R22,D,20200323,000000,19.888,21.064,19.594,20.868,27277,0
R22,D,20200324,000000,21.553,22.533,21.553,22.435,84288,0
R22,D,20200325,000000,22.729,23.414,21.064,21.945,20602,0
R22,D,20200326,000000,21.945,22.043,21.553,22.043,3687,0
R22,D,20200327,000000,22.141,22.533,21.945,22.239,5019,0
R22,D,20200330,000000,22.337,22.337,21.553,22.239,1622,0
R22,D,20200331,000000,22.337,23.512,22.043,23.512,22960,0
R22,D,20200401,000000,23.512,23.512,22.631,23.121,4625,0
R22,D,20200402,000000,23.023,23.023,22.239,22.533,7438,0
R22,D,20200403,000000,22.533,22.631,22.141,22.533,3802,0
R22,D,20200406,000000,23.023,23.708,22.435,22.533,16408,0
R22,D,20200407,000000,23.023,23.316,22.337,22.533,10137,0
R22,D,20200408,000000,22.729,22.729,22.141,22.337,4334,0
R22,D,20200409,000000,22.533,23.121,20.279,23.023,17097,0
R22,D,20200414,000000,22.827,24.786,22.827,24.394,19052,0
R22,D,20200415,000000,24.59,24.59,23.512,23.708,7671,0
R22,D,20200416,000000,24.297,24.297,23.512,24.003,6563,0
R22,D,20200417,000000,24.394,25.178,24.003,24.003,19911,0
R22,D,20200420,000000,24.003,24.688,24.003,24.003,9984,0
R22,D,20200421,000000,24.59,24.884,22.141,23.414,24203,0
R22,D,20200422,000000,23.121,23.905,22.925,23.905,7864,0
R22,D,20200423,000000,23.905,25.864,23.905,25.471,83388,0
R22,D,20200424,000000,25.766,26.158,24.982,26.158,9018,0
R22,D,20200427,000000,26.158,27.921,26.158,27.627,21795,0
R22,D,20200428,000000,27.725,28.901,27.725,28.607,23088,0
R22,D,20200429,000000,28.999,29.195,27.627,28.019,23816,0
R22,D,20200430,000000,27.921,29.195,26.452,29.195,45493,0
R22,D,20200504,000000,27.921,28.901,27.725,28.215,11360,0
R22,D,20200505,000000,28.411,28.999,28.215,28.215,6884,0
R22,D,20200506,000000,28.411,28.411,27.921,27.921,3254,0
R22,D,20200507,000000,28.215,30.37,27.921,30.174,40108,0
R22,D,20200508,000000,31.154,31.154,29.391,29.587,26301,0
R22,D,20200511,000000,29.88,29.88,28.704,28.999,21155,0
R22,D,20200512,000000,29.391,31.937,28.704,31.35,30969,0
R22,D,20200513,000000,30.763,32.232,30.665,31.742,38647,0
R22,D,20200514,000000,31.742,31.84,28.411,29.391,50473,0
R22,D,20200515,000000,30.272,31.154,29.978,29.978,18585,0
R22,D,20200518,000000,31.252,31.84,31.056,31.35,18315,0
R22,D,20200519,000000,32.134,32.624,29.587,30.37,50590,0
R22,D,20200520,000000,30.763,30.763,29.391,29.782,16625,0
R22,D,20200521,000000,29.782,29.88,29.293,29.685,9265,0
R22,D,20200522,000000,29.391,29.685,28.999,29.587,6685,0
R22,D,20200525,000000,29.685,30.665,29.391,30.272,10337,0
R22,D,20200526,000000,30.469,31.056,30.272,30.469,13546,0
R22,D,20200527,000000,30.469,30.469,25.864,27.53,104997,0
R22,D,20200528,000000,28.117,28.901,28.117,28.215,27644,0
R22,D,20200529,000000,28.901,29.195,28.313,28.901,16438,0
R22,D,20200601,000000,28.901,30.076,28.803,29.391,21346,0
R22,D,20200602,000000,29.391,29.391,27.921,28.509,18284,0
R22,D,20200603,000000,28.803,29.293,27.921,28.901,21079,0
R22,D,20200604,000000,28.901,29.293,28.607,28.901,7710,0
R22,D,20200605,000000,29.293,29.293,28.607,28.901,11872,0
R22,D,20200608,000000,28.901,28.999,27.921,28.999,24281,0
R22,D,20200609,000000,28.999,28.999,27.725,27.921,12542,0
R22,D,20200610,000000,27.823,28.607,27.823,28.509,6521,0
R22,D,20200612,000000,27.725,27.921,26.549,27.921,12596,0
R22,D,20200615,000000,27.921,27.921,27.039,27.725,5530,0
R22,D,20200616,000000,28.019,29.097,27.921,29.097,21341,0
R22,D,20200617,000000,29.097,29.097,28.313,28.901,16709,0
R22,D,20200618,000000,28.901,29.391,28.607,28.901,15729,0
R22,D,20200619,000000,28.901,29.097,28.607,29.097,9061,0
R22,D,20200622,000000,29.195,29.88,28.901,28.901,12034,0
R22,D,20200623,000000,28.999,29.391,28.117,28.215,11596,0
R22,D,20200624,000000,28.019,28.607,27.823,28.411,15221,0
R22,D,20200625,000000,28.313,28.313,26.549,27.725,14159,0
R22,D,20200626,000000,27.921,27.921,26.549,26.647,19808,0
R22,D,20200629,000000,26.745,26.745,25.276,25.668,34488,0
R22,D,20200630,000000,25.864,27.039,25.471,27.039,19103,0
R22,D,20200701,000000,27.334,27.334,25.962,26.452,8742,0
R22,D,20200702,000000,26.549,28.117,25.668,27.137,22472,0
R22,D,20200703,000000,27.432,28.117,27.432,28.117,41215,0
R22,D,20200706,000000,28.215,29.587,28.215,29.293,27287,0
R22,D,20200707,000000,29.293,29.489,28.607,29.097,13781,0
R22,D,20200708,000000,29.097,29.391,28.803,29.293,36252,0
R22,D,20200709,000000,29.587,30.958,28.704,28.901,32668,0
R22,D,20200710,000000,28.901,28.999,27.921,28.411,23733,0
R22,D,20200713,000000,28.411,28.803,27.53,28.215,30489,0
R22,D,20200714,000000,28.215,28.411,28.019,28.019,2917,0
R22,D,20200715,000000,28.117,29.097,28.117,28.999,8678,0
R22,D,20200716,000000,28.901,29.195,28.411,28.704,5834,0
R22,D,20200717,000000,28.901,29.195,28.704,28.803,5535,0
R22,D,20200720,000000,29.391,30.958,28.901,30.86,88299,0
R22,D,20200721,000000,31.546,33.407,31.35,32.232,37059,0
R22,D,20200722,000000,32.82,32.82,31.35,32.33,19621,0
R22,D,20200723,000000,32.33,32.918,32.035,32.035,16294,0
R22,D,20200724,000000,32.722,32.722,30.958,31.154,10217,0
R22,D,20200727,000000,31.35,32.722,30.958,32.428,17986,0
R22,D,20200728,000000,32.33,32.33,31.546,31.546,22278,0
R22,D,20200729,000000,31.154,32.82,31.056,32.035,19258,0
R22,D,20200730,000000,32.82,33.113,26.941,28.901,106392,0
R22,D,20200731,000000,28.607,31.84,28.411,31.84,39761,0
R22,D,20200803,000000,31.448,32.918,31.448,32.82,23812,0
R22,D,20200804,000000,33.211,34.289,33.015,33.309,34101,0
R22,D,20200805,000000,34.093,34.779,33.113,33.113,15034,0
R22,D,20200806,000000,33.309,33.309,30.665,32.33,12592,0
R22,D,20200807,000000,33.113,33.113,31.252,31.35,11419,0
R22,D,20200810,000000,31.546,32.33,31.546,31.937,3846,0
R22,D,20200811,000000,32.134,32.134,31.35,31.448,3483,0
R22,D,20200812,000000,31.546,31.546,29.978,31.056,6385,0
R22,D,20200813,000000,30.958,31.937,30.958,31.154,3781,0
R22,D,20200814,000000,30.958,31.937,30.958,31.742,2406,0
R22,D,20200817,000000,31.742,32.82,31.742,32.82,7368,0
R22,D,20200818,000000,33.309,34.289,31.35,31.84,36751,0
R22,D,20200819,000000,31.644,32.428,31.056,31.937,9446,0
R22,D,20200820,000000,32.428,32.918,31.35,32.918,23145,0
R22,D,20200821,000000,32.918,33.603,32.526,32.82,6560,0
R22,D,20200824,000000,33.113,33.996,32.33,33.996,24637,0
R22,D,20200825,000000,33.996,34.191,32.526,32.722,20667,0
R22,D,20200826,000000,32.82,33.309,32.33,33.309,2694,0
R22,D,20200827,000000,33.211,33.211,32.428,32.82,980,0
R22,D,20200828,000000,33.309,33.309,31.742,32.526,7775,0
R22,D,20200831,000000,32.526,32.722,31.84,32.428,4563,0
R22,D,20200901,000000,32.722,32.722,30.37,30.37,11775,0
R22,D,20200902,000000,30.37,31.742,30.37,31.644,29821,0
R22,D,20200903,000000,31.84,32.624,31.644,32.134,6001,0
R22,D,20200904,000000,31.644,33.015,30.958,32.134,8260,0
R22,D,20200907,000000,31.84,32.33,31.742,32.134,6102,0
R22,D,20200908,000000,31.644,32.134,28.509,30.37,33524,0
R22,D,20200909,000000,30.86,31.154,30.37,31.154,9036,0
R22,D,20200910,000000,31.35,32.33,30.763,32.232,12391,0
R22,D,20200911,000000,32.33,32.82,32.232,32.722,7757,0
R22,D,20200914,000000,32.82,33.407,31.937,33.407,12062,0
R22,D,20200915,000000,33.407,33.407,32.134,32.134,5569,0
R22,D,20200916,000000,32.722,32.722,31.742,32.33,7285,0
R22,D,20200917,000000,32.035,32.035,31.448,31.742,4493,0
R22,D,20200918,000000,31.448,32.33,29.195,30.958,13828,0
R22,D,20200921,000000,30.86,31.35,29.293,29.391,23458,0
R22,D,20200922,000000,29.685,30.567,29.685,30.567,10088,0
R22,D,20200923,000000,31.154,31.35,30.567,30.665,6884,0
R22,D,20200924,000000,30.37,30.37,29.391,29.978,7989,0
R22,D,20200925,000000,29.978,31.448,29.978,31.252,12628,0
R22,D,20200928,000000,31.944,32.439,31.351,31.648,8326,0
R22,D,20200929,000000,32.043,32.043,30.857,30.955,6330,0
R22,D,20200930,000000,31.153,31.648,30.659,30.758,8376,0
R22,D,20201001,000000,31.153,31.153,30.659,30.659,1912,0
R22,D,20201002,000000,30.659,31.153,30.164,30.263,3250,0
R22,D,20201005,000000,30.56,31.45,30.461,31.054,2406,0
R22,D,20201006,000000,31.252,31.549,31.153,31.252,3687,0
R22,D,20201007,000000,31.153,31.153,30.955,30.955,2604,0
R22,D,20201008,000000,30.955,31.45,30.955,31.153,5398,0
R22,D,20201009,000000,30.955,31.153,30.164,30.164,8089,0
R22,D,20201012,000000,30.164,30.164,29.076,30.164,5532,0
R22,D,20201013,000000,29.67,30.461,29.175,29.175,11898,0
R22,D,20201014,000000,29.472,29.868,28.977,29.67,8531,0
R22,D,20201015,000000,30.065,30.065,28.384,28.582,20117,0
R22,D,20201016,000000,28.681,30.56,28.087,30.461,19080,0
R22,D,20201019,000000,30.461,32.439,30.164,32.142,31222,0
R22,D,20201020,000000,32.142,32.241,31.153,31.351,5840,0
R22,D,20201021,000000,32.142,32.637,31.648,32.439,18456,0
R22,D,20201022,000000,32.34,32.34,31.351,31.747,9498,0
R22,D,20201023,000000,31.45,32.142,31.153,31.153,5645,0
R22,D,20201026,000000,31.45,31.45,30.659,30.758,28119,0
R22,D,20201027,000000,31.153,31.45,30.758,30.758,7942,0
R22,D,20201028,000000,30.758,30.955,30.263,30.461,42479,0
R22,D,20201029,000000,30.164,31.648,29.868,31.549,11123,0
R22,D,20201030,000000,31.549,31.549,30.065,30.263,20231,0
R22,D,20201102,000000,29.769,31.549,29.769,31.549,6506,0
R22,D,20201103,000000,31.549,31.549,30.164,30.362,14459,0
R22,D,20201104,000000,30.362,30.56,30.065,30.362,3273,0
R22,D,20201105,000000,30.659,31.054,30.362,30.758,4193,0
R22,D,20201106,000000,31.054,31.054,29.769,30.857,9216,0
R22,D,20201109,000000,30.857,30.857,30.065,30.362,5682,0
R22,D,20201110,000000,30.659,30.659,29.966,30.164,3887,0
R22,D,20201112,000000,30.164,31.45,30.164,30.659,5170,0
R22,D,20201113,000000,30.659,31.153,30.263,31.153,5213,0
R22,D,20201116,000000,31.252,31.648,30.659,31.153,5100,0
R22,D,20201117,000000,32.538,32.834,31.846,31.846,15575,0
R22,D,20201118,000000,32.142,32.538,31.648,32.142,12819,0
R22,D,20201119,000000,32.241,32.34,31.153,31.45,7418,0
R22,D,20201120,000000,31.45,32.241,31.153,32.142,8294,0
R22,D,20201123,000000,32.043,32.439,31.054,32.439,65870,0
R22,D,20201124,000000,32.538,32.538,31.846,31.846,15857,0
R22,D,20201125,000000,32.439,32.439,31.252,31.252,20945,0
R22,D,20201126,000000,31.648,32.439,31.648,32.439,8912,0
R22,D,20201127,000000,32.34,33.131,32.241,32.736,20683,0
R22,D,20201130,000000,32.637,33.032,31.846,32.241,43227,0
R22,D,20201201,000000,31.846,32.142,31.648,31.648,3227,0
R22,D,20201202,000000,32.142,32.538,31.747,32.538,16963,0
R22,D,20201203,000000,32.538,32.538,31.648,31.648,5482,0
R22,D,20201204,000000,32.241,33.922,32.142,33.823,19504,0
R22,D,20201207,000000,33.626,33.725,33.23,33.626,7993,0
R22,D,20201208,000000,33.725,34.615,33.626,34.615,8931,0
R22,D,20201209,000000,34.615,34.615,34.12,34.615,26838,0
R22,D,20201210,000000,34.318,34.615,33.23,33.527,9998,0
R22,D,20201211,000000,33.527,33.823,32.736,33.527,8896,0
R22,D,20201214,000000,33.131,33.823,32.834,33.626,6387,0
R22,D,20201215,000000,33.527,33.626,33.23,33.428,2129,0
R22,D,20201216,000000,33.725,33.725,32.933,33.23,10533,0
R22,D,20201217,000000,33.626,34.12,33.131,33.823,11109,0
R22,D,20201218,000000,33.922,33.922,32.736,33.032,8868,0
R22,D,20201221,000000,33.23,33.23,31.351,31.944,11636,0
R22,D,20201222,000000,31.747,32.834,31.747,32.34,15617,0
R22,D,20201223,000000,32.142,32.637,32.142,32.142,9081,0
R22,D,20201228,000000,32.142,33.626,32.043,33.032,14234,0
R22,D,20201229,000000,33.428,34.219,33.131,34.021,9349,0
R22,D,20201230,000000,34.417,34.417,33.823,34.318,3218,0
R22,D,20210104,000000,34.911,36.098,34.615,35.801,22764,0
R22,D,20210105,000000,35.801,37.087,35.801,36.494,31416,0
R22,D,20210107,000000,36.494,36.692,35.9,35.999,7730,0
R22,D,20210108,000000,36.395,37.285,35.999,36.593,32890,0
R22,D,20210111,000000,37.186,38.175,37.087,37.582,50389,0
R22,D,20210112,000000,37.681,38.867,37.681,38.076,17559,0
R22,D,20210113,000000,38.571,38.768,36.79,37.087,10758,0
R22,D,20210114,000000,37.582,37.779,37.186,37.582,13864,0
R22,D,20210115,000000,37.582,37.878,36.889,37.186,8859,0
R22,D,20210118,000000,37.087,37.582,36.988,37.186,18966,0
R22,D,20210119,000000,37.384,37.384,36.197,36.79,13990,0
R22,D,20210120,000000,37.087,37.384,36.692,36.79,5987,0
R22,D,20210121,000000,37.087,37.087,36.593,36.988,4497,0
R22,D,20210122,000000,36.988,37.087,36.395,36.593,5014,0
R22,D,20210125,000000,36.593,36.593,35.208,35.505,13779,0
R22,D,20210126,000000,35.505,36.494,35.307,36.296,17876,0
R22,D,20210127,000000,36.494,36.593,35.109,35.406,18488,0
R22,D,20210128,000000,35.406,35.505,34.615,35.505,18847,0
R22,D,20210129,000000,35.505,35.505,35.208,35.505,3235,0
R22,D,20210201,000000,35.505,35.505,34.714,35.109,15887,0
R22,D,20210202,000000,35.01,35.505,34.615,35.406,33562,0
R22,D,20210203,000000,35.109,35.505,34.615,35.109,16275,0
R22,D,20210204,000000,35.109,35.406,34.714,35.307,8318,0
R22,D,20210205,000000,35.307,36.494,35.208,36.098,17521,0
R22,D,20210208,000000,35.801,37.582,35.801,37.582,21891,0
R22,D,20210209,000000,37.483,38.175,36.79,38.076,43657,0
R22,D,20210210,000000,38.175,38.472,37.779,37.779,11545,0
R22,D,20210211,000000,39.56,41.34,38.768,40.845,38695,0
R22,D,20210212,000000,40.944,40.944,39.56,40.45,15919,0
R22,D,20210215,000000,40.549,44.01,40.549,43.516,42285,0
R22,D,20210216,000000,43.516,46.483,43.516,45.494,47510,0
R22,D,20210217,000000,45.494,47.175,43.911,46.483,39566,0
R22,D,20210218,000000,46.285,46.285,44.999,44.999,32680,0
R22,D,20210219,000000,44.603,44.9,42.823,43.516,13734,0
R22,D,20210222,000000,43.516,43.516,42.329,43.318,14575,0
R22,D,20210223,000000,43.318,43.417,41.142,41.933,15224,0
R22,D,20210224,000000,41.538,43.021,41.043,42.131,14284,0
R22,D,20210225,000000,42.329,44.603,41.735,43.516,20713,0
R22,D,20210226,000000,43.516,44.109,42.922,43.516,39369,0
R22,D,20210301,000000,43.713,43.713,43.219,43.219,9409,0
R22,D,20210302,000000,43.516,44.505,43.219,43.318,73341,0
R22,D,20210303,000000,43.318,44.01,42.922,43.12,54637,0
R22,D,20210304,000000,43.12,43.219,42.527,42.922,55298,0
R22,D,20210305,000000,43.318,43.318,42.527,43.318,2010,0
R22,D,20210308,000000,42.626,43.021,42.527,43.021,6473,0
R22,D,20210309,000000,42.527,43.318,42.527,43.12,4866,0
R22,D,20210310,000000,43.318,45.691,42.724,45.691,14450,0
R22,D,20210311,000000,45.592,46.581,45.494,46.581,15715,0
R22,D,20210312,000000,46.581,48.955,46.581,48.263,33780,0
R22,D,20210315,000000,48.757,48.757,45.395,46.483,68163,0
R22,D,20210316,000000,46.186,47.472,44.505,47.076,22397,0
R22,D,20210317,000000,47.373,48.362,46.087,46.581,29153,0
R22,D,20210318,000000,47.472,47.472,46.285,46.483,9811,0
R22,D,20210319,000000,46.483,47.076,45.691,45.889,48973,0
R22,D,20210322,000000,45.889,46.779,45.691,46.087,3499,0
R22,D,20210323,000000,46.087,46.977,45.691,46.483,8214,0
R22,D,20210324,000000,46.483,46.483,45.592,46.384,9637,0
R22,D,20210325,000000,45.988,45.988,44.603,44.801,17832,0
R22,D,20210326,000000,44.801,45.889,44.801,45.889,3855,0
R22,D,20210329,000000,47.175,48.065,46.878,48.065,57178,0
R22,D,20210330,000000,48.263,48.757,47.966,48.757,9312,0
R22,D,20210331,000000,48.955,51.032,48.164,49.45,22497,0
R22,D,20210401,000000,50.043,50.043,48.559,49.45,10168,0
R22,D,20210406,000000,49.45,50.537,48.955,50.142,4507,0
R22,D,20210407,000000,50.537,50.933,48.461,48.51,20315,0
R22,D,20210408,000000,49.45,50.439,49.202,49.548,8256,0
R22,D,20210409,000000,50.043,51.23,49.548,50.439,7336,0
R22,D,20210412,000000,52.021,52.417,50.439,52.417,15306,0
R22,D,20210413,000000,52.417,53.406,50.439,51.23,63778,0
R22,D,20210414,000000,51.329,55.087,51.329,53.504,48394,0
R22,D,20210415,000000,53.406,57.361,52.812,55.878,34714,0
R22,D,20210416,000000,56.966,56.966,55.383,56.372,24915,0
R22,D,20210419,000000,56.867,57.361,54.79,55.186,24664,0
R22,D,20210420,000000,55.285,55.285,51.428,53.208,22509,0
R22,D,20210421,000000,53.406,53.801,51.526,53.406,8657,0
R22,D,20210422,000000,54.889,56.372,54.889,56.175,72556,0
R22,D,20210423,000000,56.175,57.263,54.988,56.372,15002,0
R22,D,20210426,000000,57.361,57.955,56.471,57.361,9505,0
R22,D,20210427,000000,57.46,61.812,57.46,59.339,153663,0
R22,D,20210428,000000,59.735,61.317,57.757,58.35,17461,0
R22,D,20210429,000000,57.955,57.955,55.878,57.361,12878,0
R22,D,20210430,000000,57.46,57.856,56.768,57.658,11015,0
R22,D,20210504,000000,56.867,56.867,55.977,56.274,5609,0
R22,D,20210505,000000,56.768,56.867,55.581,56.372,7319,0
R22,D,20210506,000000,56.768,57.658,52.614,55.68,95982,0
R22,D,20210507,000000,55.383,56.274,54.394,55.383,74403,0
R22,D,20210510,000000,55.383,55.383,52.515,53.208,27953,0
R22,D,20210511,000000,52.911,52.911,49.746,52.911,68852,0
R22,D,20210512,000000,53.109,53.406,51.922,52.318,18810,0
R22,D,20210513,000000,52.318,54.79,51.428,54.691,21835,0
R22,D,20210514,000000,54.592,54.79,52.417,54.197,5156,0
R22,D,20210517,000000,53.01,54.197,53.01,54.197,6924,0
R22,D,20210518,000000,54.394,54.592,52.417,52.614,28902,0
R22,D,20210519,000000,52.614,52.911,51.329,52.417,102810,0
R22,D,20210520,000000,52.417,53.01,51.625,52.812,10221,0
R22,D,20210521,000000,52.812,52.812,51.823,52.021,2058,0
R22,D,20210524,000000,52.021,52.021,47.966,51.823,16964,0
R22,D,20210525,000000,52.417,53.999,52.219,53.999,19252,0
R22,D,20210526,000000,54.988,55.383,53.702,54.394,5016,0
R22,D,20210527,000000,54.394,54.394,52.417,53.208,7276,0
R22,D,20210528,000000,54.296,54.296,53.406,53.603,4125,0
R22,D,20210531,000000,53.603,54.79,53.208,53.208,9003,0
R22,D,20210601,000000,53.208,53.307,52.417,53.01,2462,0
R22,D,20210602,000000,52.417,53.801,52.417,52.911,4118,0
R22,D,20210604,000000,53.801,55.383,52.812,55.383,3126,0
R22,D,20210607,000000,55.383,55.383,53.9,54.394,5321,0
R22,D,20210608,000000,54.296,55.186,54.098,54.197,6907,0
R22,D,20210609,000000,54.79,54.79,53.999,54.394,4783,0
R22,D,20210610,000000,54.691,54.691,53.406,53.9,6178,0
R22,D,20210611,000000,54,55.2,54,54,2596,0
R22,D,20210614,000000,54.3,54.6,54.2,54.2,4609,0
R22,D,20210615,000000,54.9,55,54.5,54.6,5835,0
R22,D,20210616,000000,54.7,57,54.7,55.8,5019,0
R22,D,20210617,000000,55.8,56.2,54,54.7,7543,0
R22,D,20210618,000000,54.7,55.1,51.2,53.6,6297,0
R22,D,20210621,000000,53.5,53.6,52.6,52.8,2916,0
R22,D,20210622,000000,52.1,52.5,51.1,52,3269,0
R22,D,20210623,000000,52.8,53.6,52.3,52.8,1955,0
R22,D,20210624,000000,53,53.7,53,53,3606,0
R22,D,20210625,000000,53.8,54.2,53,53.2,4318,0
R22,D,20210628,000000,54.7,54.7,53.4,53.9,2115,0
R22,D,20210629,000000,54.5,54.6,53.1,53.1,3061,0
R22,D,20210630,000000,53.8,54.5,51.1,54.5,9340,0
R22,D,20210701,000000,53.1,54,52,52.1,3050,0
R22,D,20210702,000000,52.2,53,52.2,53,982,0
R22,D,20210705,000000,52.5,53.8,52.5,53.5,1231,0
R22,D,20210706,000000,53.5,53.5,52,52,5203,0
R22,D,20210707,000000,52,53,51.2,51.6,3004,0
R22,D,20210708,000000,51.9,52,50.1,50.4,7445,0
R22,D,20210709,000000,50.4,50.9,49.75,50.6,5468,0
R22,D,20210712,000000,50.4,52.6,50.2,52.5,8935,0
R22,D,20210713,000000,52.5,52.8,51.4,52,1785,0
R22,D,20210714,000000,51.6,53.2,51.6,53,2512,0
R22,D,20210715,000000,53.2,53.9,53,53,2872,0
R22,D,20210716,000000,53,53.6,53,53.5,2316,0
R22,D,20210719,000000,53,53.6,52.1,52.2,3336,0
R22,D,20210720,000000,52.7,52.9,51,51.1,7179,0
R22,D,20210721,000000,51.1,52.8,51.1,52.5,1249,0
R22,D,20210722,000000,52.8,53.5,52,52,3569,0
R22,D,20210723,000000,52,53.1,51.1,51.4,1351,0
R22,D,20210726,000000,52.5,52.5,51.4,51.6,1345,0
R22,D,20210727,000000,51.6,51.6,50.6,50.9,4101,0
R22,D,20210728,000000,51,52.2,51,51.1,4185,0
R22,D,20210729,000000,51.9,51.9,51,51.6,603,0
R22,D,20210730,000000,51.7,52,50.6,51,2035,0
R22,D,20210802,000000,51,52,50.8,51.4,14030,0
R22,D,20210803,000000,50.8,51.8,50.7,51,33588,0
R22,D,20210804,000000,52,52,50.9,51,6040,0
R22,D,20210805,000000,51.5,52.4,51,52.2,2831,0
R22,D,20210806,000000,52.2,54,51.1,51.7,4532,0
R22,D,20210809,000000,53,53.5,52,52.3,8350,0
R22,D,20210810,000000,53.4,53.4,51.8,52,2164,0
R22,D,20210811,000000,52,53.2,52,52.6,1980,0
R22,D,20210812,000000,53.2,53.2,52,52.5,2251,0
R22,D,20210813,000000,52.2,53.2,52,53.1,7370,0
R22,D,20210816,000000,53.1,53.1,51.6,52.2,3263,0
R22,D,20210817,000000,52.1,52.1,51,51.8,2374,0
R22,D,20210818,000000,51.2,52,51.2,52,1732,0
R22,D,20210819,000000,52.1,53.2,52.1,53,4884,0
R22,D,20210820,000000,52.7,53,52.2,52.4,2991,0
R22,D,20210823,000000,52.4,53.8,52.4,53,4793,0
R22,D,20210824,000000,53.3,53.4,52,52,15368,0
R22,D,20210825,000000,52.6,52.6,50.6,50.8,11922,0
R22,D,20210826,000000,51.8,51.8,50.8,50.9,2621,0
R22,D,20210827,000000,51,51.7,51,51.1,1872,0
R22,D,20210830,000000,51.4,52.4,51.4,52.1,1992,0
R22,D,20210831,000000,52.4,52.5,51.5,52.1,5275,0
R22,D,20210901,000000,52.3,52.5,50,51.8,21164,0
R22,D,20210902,000000,52,54,52,53.4,23070,0
R22,D,20210903,000000,53.4,55.8,53.2,55.5,6414,0
R22,D,20210906,000000,55.9,57,54,56,9206,0
R22,D,20210907,000000,56,56.1,55,55.4,1010,0
R22,D,20210908,000000,55.1,56,55,56,1790,0
R22,D,20210909,000000,56.2,56.2,53.5,53.9,6055,0
R22,D,20210910,000000,53.6,54.2,53,53,1945,0
R22,D,20210913,000000,53.8,53.8,53.2,53.4,1664,0
R22,D,20210914,000000,54,54,53.4,53.4,1845,0
R22,D,20210915,000000,53.7,53.7,52,52.5,3627,0
R22,D,20210916,000000,52.6,52.6,50.5,51.9,19113,0
R22,D,20210917,000000,51,51.9,51,51.6,2910,0
R22,D,20210920,000000,50.8,50.8,48.55,50.1,25128,0
R22,D,20210921,000000,50,50,47.5,48.8,17124,0
R22,D,20210922,000000,48.8,49,48.2,48.6,2671,0
R22,D,20210923,000000,48.7,50.5,48.5,50.5,3549,0
R22,D,20210924,000000,50.6,52,50.6,51.4,4976,0
R22,D,20210927,000000,51.4,51.5,50.5,51.1,1036,0
R22,D,20210928,000000,51.1,53.2,51.1,52.9,8760,0
R22,D,20210929,000000,53.2,53.6,52.9,53.5,3232,0
R22,D,20210930,000000,53.8,54.9,51.7,53.2,22000,0
R22,D,20211001,000000,53.5,54.5,53.5,54.3,4666,0
R22,D,20211004,000000,54.3,54.9,53.6,54.4,2643,0
R22,D,20211005,000000,54.5,54.9,54.1,54.1,1340,0
R22,D,20211006,000000,54.1,54.4,53.4,53.7,1598,0
R22,D,20211007,000000,53.8,54.5,53.8,54.3,1306,0
R22,D,20211008,000000,54,54.3,53.4,53.5,4098,0
R22,D,20211011,000000,54,54.5,53.5,54.2,51656,0
R22,D,20211012,000000,54.8,55.1,54.2,54.5,3861,0
R22,D,20211013,000000,55,55,53.5,53.6,2547,0
R22,D,20211014,000000,53.8,55,53.7,54.5,13660,0
R22,D,20211015,000000,54.9,54.9,53.8,53.9,4043,0
R22,D,20211018,000000,54.9,55,53.4,53.4,4110,0
R22,D,20211019,000000,53.2,53.2,52,52.1,4221,0
R22,D,20211020,000000,52.5,52.5,51.6,51.6,3754,0
R22,D,20211021,000000,51.5,53,51.4,52.5,2140,0
R22,D,20211022,000000,52.5,52.6,52,52.3,25293,0
R22,D,20211025,000000,52.3,53.5,51.4,53.5,3794,0
R22,D,20211026,000000,53.5,53.8,53,53.5,2835,0
R22,D,20211027,000000,53.5,53.5,52.5,52.8,165,0
R22,D,20211028,000000,52.8,52.8,52,52,1114,0
R22,D,20211029,000000,52.9,53.3,52.2,52.3,3675,0
R22,D,20211102,000000,52.3,53,52,52.3,3089,0
R22,D,20211103,000000,53,53,52.2,52.2,434,0
R22,D,20211104,000000,52.1,53.5,51.6,52.5,3113,0
R22,D,20211105,000000,53,53,52,52.2,2254,0
R22,D,20211108,000000,52.9,52.9,52,52.4,5978,0
R22,D,20211109,000000,52.9,52.9,52,52,2972,0
R22,D,20211110,000000,53,53,52.4,52.8,1762,0
R22,D,20211112,000000,52.4,53,52.4,53,578,0
R22,D,20211115,000000,52.9,53.6,52.4,52.9,2860,0
R22,D,20211116,000000,53,53.9,52.4,53.2,2059,0
R22,D,20211117,000000,52.8,52.8,51.6,52.7,5124,0
R22,D,20211118,000000,52.6,52.8,51.6,52,47618,0
R22,D,20211119,000000,51.6,51.8,50.3,50.4,5251,0
R22,D,20211122,000000,50.3,50.4,46.5,49.3,14651,0
R22,D,20211123,000000,49.1,51,49.1,50.4,2695,0
R22,D,20211124,000000,50.4,51.7,50.4,51.4,2130,0
R22,D,20211125,000000,51.6,51.6,50.9,51.5,1244,0
R22,D,20211126,000000,51,51,47.7,49.75,7961,0
R22,D,20211129,000000,50,50.8,48.55,50.8,7645,0
R22,D,20211130,000000,50,51.2,49,50.1,3024,0
R22,D,20211201,000000,52.4,52.7,51,51.7,2288,0
R22,D,20211202,000000,53,53,51,51,2175,0
R22,D,20211203,000000,50.9,50.9,49.5,49.8,5622,0
R22,D,20211206,000000,49.8,50.3,48,48,7424,0
R22,D,20211207,000000,48,49.05,47.9,48.1,4984,0
R22,D,20211208,000000,48.5,48.9,48.3,48.3,2559,0
R22,D,20211209,000000,48.5,48.65,47.5,48.5,6120,0
R22,D,20211210,000000,49.05,49.05,47.8,47.8,3222,0
R22,D,20211213,000000,48,48.25,46.8,48,3210,0
R22,D,20211214,000000,48,48,46.1,46.8,4481,0
R22,D,20211215,000000,46.1,46.65,44,45.3,6447,0
R22,D,20211216,000000,45,46.8,44,46.75,10947,0
R22,D,20211217,000000,46.7,47.95,46,47.9,4811,0
R22,D,20211220,000000,47.9,49.5,47.1,48,7787,0
R22,D,20211221,000000,47.9,50,47.85,50,6078,0
R22,D,20211222,000000,50,51.8,49.95,51.8,4242,0
R22,D,20211223,000000,51.5,52.3,48.95,52.3,9483,0
R22,D,20211227,000000,52.3,52.4,50.2,52.3,6866,0
R22,D,20211228,000000,52,52,49.95,49.95,8104,0
R22,D,20211229,000000,49.7,50.9,49.7,50.8,594,0
R22,D,20211230,000000,50.9,51,49.45,51,9518,0
R22,D,20220103,000000,52,53,51,52,2328,0
R22,D,20220104,000000,52,53.4,52,52.2,5962,0
R22,D,20220105,000000,52.5,53,51.2,52,1918,0
R22,D,20220107,000000,52,52,51.1,52,1152,0
R22,D,20220110,000000,52,52.5,50.1,50.9,4139,0
R22,D,20220111,000000,51,51,50.1,50.1,1412,0
R22,D,20220112,000000,50,51,47.2,51,8931,0
R22,D,20220113,000000,51,51.8,50.1,51.8,4558,0
R22,D,20220114,000000,51.8,51.8,49.5,51.4,1734,0
R22,D,20220117,000000,51.4,51.4,50.7,51,9495,0
R22,D,20220118,000000,51,51.2,50.2,51,837,0
R22,D,20220119,000000,51.4,51.4,50.1,50.1,1816,0
R22,D,20220120,000000,50.9,50.9,49.5,50.5,3778,0
R22,D,20220121,000000,50.1,50.1,49.05,49.2,2745,0
R22,D,20220124,000000,49.4,49.95,45.6,48.8,14128,0
R22,D,20220125,000000,48,48,46.6,47.65,5975,0
R22,D,20220126,000000,46.65,49,46.6,49,2717,0
R22,D,20220127,000000,48,48.05,47.2,47.5,7139,0
R22,D,20220128,000000,47.5,47.5,45.65,46,5656,0
R22,D,20220131,000000,47,47,45.4,45.95,6494,0
R22,D,20220201,000000,46.5,46.5,45.9,46,1739,0
R22,D,20220202,000000,46.5,46.5,45.85,45.85,15347,0
R22,D,20220203,000000,46,46.5,46,46.35,693,0
R22,D,20220204,000000,46.35,46.35,45.4,45.6,1821,0
R22,D,20220207,000000,45.6,45.6,43.3,43.5,6592,0
R22,D,20220208,000000,43.5,45,43.5,45,10732,0
R22,D,20220209,000000,44.95,44.95,44.25,44.9,191,0
R22,D,20220210,000000,44.65,44.8,44.25,44.4,373,0
R22,D,20220211,000000,44.7,44.7,43.7,44.1,1332,0
R22,D,20220214,000000,43.5,43.55,41,42.2,6532,0
R22,D,20220215,000000,42.65,44.8,42.35,44.25,2628,0
R22,D,20220216,000000,44.3,44.3,43.2,44,844,0
R22,D,20220217,000000,43.25,44.15,43.25,43.25,4059,0
R22,D,20220218,000000,43.5,44.3,43.45,44,5802,0
R22,D,20220221,000000,45,45,43.3,44,4595,0
R22,D,20220222,000000,42.65,43.9,40.5,43.9,5126,0
R22,D,20220223,000000,44,46.9,44,44,12179,0
R22,D,20220224,000000,40.5,42,39.5,41,12246,0
R22,D,20220225,000000,40.9,44.5,40.4,43.8,17673,0
R22,D,20220228,000000,43,47,41.6,44.8,8400,0
R22,D,20220301,000000,46,46,42.6,44,2802,0
R22,D,20220302,000000,44,44,40.55,42,2776,0
R22,D,20220303,000000,42,43,41.6,42.95,7612,0
R22,D,20220304,000000,41.8,43.1,40.5,41.5,9645,0
R22,D,20220307,000000,41.95,41.95,39,39.7,32707,0
R22,D,20220308,000000,39.95,39.95,38,38.1,3075,0
R22,D,20220309,000000,38.9,41.9,38.5,40.4,5557,0
R22,D,20220310,000000,41.9,42,41.55,41.6,2547,0
R22,D,20220311,000000,42,46,41.6,46,28824,0
R22,D,20220314,000000,45,45.7,43,43.75,19118,0
R22,D,20220315,000000,43.75,45.6,43.65,45.6,1673,0
R22,D,20220316,000000,46.6,46.6,46,46.4,650,0
R22,D,20220317,000000,46.6,46.6,44.95,45.9,2045,0
R22,D,20220318,000000,46,46,44,44.75,3427,0
R22,D,20220321,000000,44.05,44.75,43.5,44.75,6048,0
R22,D,20220322,000000,44.75,45.5,44.75,44.8,14831,0
R22,D,20220323,000000,45,45.05,44.9,45,868,0
R22,D,20220324,000000,45,46,44.55,46,1409,0
R22,D,20220325,000000,46,46,44,46,4506,0
R22,D,20220328,000000,46,46,45.25,46,817,0
R22,D,20220329,000000,46,46.4,45.5,45.8,4187,0
R22,D,20220330,000000,45.8,47.9,45.8,47.7,6178,0
R22,D,20220331,000000,47.9,49.6,47.6,48.3,2533,0
R22,D,20220401,000000,48.4,49,47,47.1,1207,0
R22,D,20220404,000000,47.2,47.8,46.2,46.2,2080,0
R22,D,20220405,000000,45.85,46.2,45.6,46.2,2790,0
R22,D,20220406,000000,46.5,48.25,42.5,44.75,5664,0
R22,D,20220407,000000,46,46,44.65,46,487,0
R22,D,20220408,000000,44.65,45.45,44.65,45,490,0
R22,D,20220411,000000,45.95,45.95,44.5,44.5,413,0
R22,D,20220412,000000,44.2,44.7,44,44,2714,0
R22,D,20220413,000000,44.9,44.9,43.8,43.8,1999,0
R22,D,20220414,000000,43.8,44.1,43.55,43.55,2962,0
R22,D,20220419,000000,44.5,44.5,41.55,42.7,2406,0
R22,D,20220420,000000,43.1,44.4,42.75,43.7,811,0
R22,D,20220421,000000,44.4,44.45,42.6,44,1607,0
R22,D,20220422,000000,44,44,41.4,42.05,2629,0
