<TICKER>,<PER>,<DATE>,<TIME>,<OPEN>,<HIGH>,<LOW>,<CLOSE>,<VOL>,<OPENINT>
TEN,D,20180511,000000,49.281,59.476,48.252,58.533,212671,0
TEN,D,20180514,000000,64.197,70.617,61.648,62.97,254460,0
TEN,D,20180515,000000,62.875,62.875,55.02,58.533,99528,0
TEN,D,20180516,000000,59.949,60.325,56.654,60.109,36022,0
TEN,D,20180517,000000,60.298,60.325,55.699,55.699,25494,0
TEN,D,20180518,000000,55.699,58.533,55.039,55.699,13837,0
TEN,D,20180521,000000,56.654,59.476,56.654,57.399,21541,0
TEN,D,20180522,000000,59.004,59.099,57.588,58.4,8034,0
TEN,D,20180523,000000,58.533,58.533,55.511,57.588,12900,0
TEN,D,20180524,000000,57.588,57.588,56.465,57.578,5898,0
TEN,D,20180525,000000,57.588,57.588,56.173,57.126,6244,0
TEN,D,20180528,000000,57.399,60.42,56.663,60.42,38591,0
TEN,D,20180529,000000,66.085,68.634,62.402,63.611,95955,0
TEN,D,20180530,000000,61.345,63.064,57.872,59.004,34199,0
TEN,D,20180601,000000,59.004,61.365,58.25,60.42,6770,0
TEN,D,20180604,000000,61.365,65.991,60.893,65.802,21067,0
TEN,D,20180605,000000,67.51,73.628,67.038,73.628,77813,0
TEN,D,20180606,000000,75.289,82.794,72.976,74.865,104200,0
TEN,D,20180607,000000,76.847,79.302,72.704,78.358,23316,0
TEN,D,20180608,000000,77.876,79.292,75.997,78.216,16791,0
TEN,D,20180611,000000,79.774,80.057,71.324,74.95,30498,0
TEN,D,20180612,000000,74.912,77.414,74.912,75.893,8450,0
TEN,D,20180613,000000,76.328,76.47,74.119,74.836,5967,0
TEN,D,20180614,000000,73.637,78.358,71.844,77.886,22279,0
TEN,D,20180615,000000,78.074,78.169,76.186,77.414,13520,0
TEN,D,20180618,000000,77.32,77.32,75.525,76.347,6443,0
TEN,D,20180619,000000,75.62,75.62,72.127,74.109,11797,0
TEN,D,20180620,000000,73.637,74.488,70.05,72.684,12914,0
TEN,D,20180621,000000,72.684,73.807,67.501,68.917,16669,0
TEN,D,20180622,000000,68.446,69.862,68.446,68.908,6903,0
TEN,D,20180625,000000,69.153,75.516,67.596,73.326,11450,0
TEN,D,20180626,000000,73.448,74.488,70.825,72.684,7425,0
TEN,D,20180627,000000,71.938,72.788,70.456,70.947,6406,0
TEN,D,20180628,000000,70.475,72.694,70.343,72.675,7482,0
TEN,D,20180629,000000,70.966,72.665,70.957,71.749,13293,0
TEN,D,20180702,000000,71.749,73.732,71.749,73.637,19861,0
TEN,D,20180703,000000,73.637,73.637,72.278,73.071,3630,0
TEN,D,20180704,000000,73.496,75.384,72.694,73.166,10128,0
TEN,D,20180705,000000,73.26,76.942,72.892,75.997,34429,0
TEN,D,20180706,000000,76.47,77.414,75.545,75.563,7622,0
TEN,D,20180709,000000,76.366,76.461,74.157,75.337,4542,0
TEN,D,20180710,000000,75.563,83.74,75.148,80.812,67876,0
TEN,D,20180711,000000,82.134,82.134,80.245,80.718,8499,0
TEN,D,20180712,000000,81.379,82.125,77.414,80.972,6361,0
TEN,D,20180713,000000,81.096,81.945,80.237,80.718,5921,0
TEN,D,20180716,000000,81.568,82.125,80.529,80.727,3875,0
TEN,D,20180717,000000,80.746,80.746,78.405,79.963,7470,0
TEN,D,20180718,000000,80.218,80.237,77.99,78.83,7966,0
TEN,D,20180719,000000,78.83,79.764,77.14,78.358,5697,0
TEN,D,20180720,000000,79.302,81.945,78.358,79.67,14202,0
TEN,D,20180723,000000,80.614,81.691,79.774,81.691,7676,0
TEN,D,20180724,000000,82.134,83.031,78.367,82.37,17552,0
TEN,D,20180725,000000,83.078,91.386,82.134,89.687,30641,0
TEN,D,20180726,000000,90.158,94.398,90.158,93.463,30468,0
TEN,D,20180727,000000,93.935,101.01,90.915,99.98,44385,0
TEN,D,20180730,000000,103.86,109.89,98.369,99.6,77690,0
TEN,D,20180731,000000,99.123,104.8,95.257,96.295,31019,0
TEN,D,20180801,000000,96.765,98.928,95.409,96.844,18343,0
TEN,D,20180802,000000,97.527,98.369,96.863,97.048,10952,0
TEN,D,20180803,000000,97.243,98.183,95.823,95.823,7128,0
TEN,D,20180806,000000,97.243,97.693,92.066,93.935,17851,0
TEN,D,20180807,000000,94.407,97.106,91.858,94.218,16548,0
TEN,D,20180808,000000,95.257,100.81,93.935,100.81,65684,0
TEN,D,20180809,000000,103.09,107.62,100.19,107.62,33669,0
TEN,D,20180810,000000,107.81,107.81,103.86,107.16,13005,0
TEN,D,20180813,000000,106.58,111.85,103.93,110.46,23307,0
TEN,D,20180814,000000,110.46,116.1,109.52,115.65,23488,0
TEN,D,20180816,000000,117.89,120.46,111.03,118.47,21257,0
TEN,D,20180817,000000,118.95,120.27,113.78,116.12,21557,0
TEN,D,20180820,000000,117.07,121.03,113.29,113.76,18355,0
TEN,D,20180821,000000,115.93,116.12,111.42,114.23,11458,0
TEN,D,20180822,000000,115.17,117.07,111.87,112.46,10334,0
TEN,D,20180823,000000,114.23,114.23,109.54,110.36,13883,0
TEN,D,20180824,000000,114.14,114.14,110.68,111.4,9645,0
TEN,D,20180827,000000,112.35,117.53,112.16,113.29,29002,0
TEN,D,20180828,000000,110.93,116.12,99.85,99.85,74019,0
TEN,D,20180829,000000,99.83,108.57,89.847,103.86,75786,0
TEN,D,20180830,000000,106.49,106.49,99.123,101.01,12761,0
TEN,D,20180831,000000,100.07,100.07,92.519,95.635,26213,0
TEN,D,20180903,000000,94.426,95.351,80.245,80.245,66704,0
TEN,D,20180904,000000,78.452,86.298,76.659,84.759,63611,0
TEN,D,20180905,000000,84.589,91.386,84.589,86.383,36442,0
TEN,D,20180906,000000,84.871,85.438,81.191,83.55,25225,0
TEN,D,20180907,000000,82.134,87.61,82.134,83.55,27695,0
TEN,D,20180910,000000,82.154,88.224,79.302,87.798,24423,0
TEN,D,20180911,000000,89.687,89.687,82.134,82.512,15904,0
TEN,D,20180912,000000,85.155,85.911,80.718,81.209,14795,0
TEN,D,20180913,000000,83.985,83.985,82.134,83.767,4292,0
TEN,D,20180914,000000,84.022,84.777,83.078,84.683,5893,0
TEN,D,20180917,000000,84.589,96.765,84.589,96.765,24462,0
TEN,D,20180918,000000,97.243,103.86,96.295,96.295,24691,0
TEN,D,20180919,000000,95.823,99.123,90.725,91.103,21611,0
TEN,D,20180920,000000,91.113,93.444,91.103,92.897,3263,0
TEN,D,20180921,000000,93.463,96.201,92.992,94.407,5279,0
TEN,D,20180924,000000,94.407,95.351,87.798,87.798,17386,0
TEN,D,20180925,000000,88.837,92.509,88.837,92.188,7331,0
TEN,D,20180926,000000,92.33,95.917,90.725,91.556,12356,0
TEN,D,20180927,000000,92.33,94.88,92.33,92.519,7175,0
TEN,D,20180928,000000,93.463,95.313,89.781,91.575,9736,0
TEN,D,20181001,000000,91.575,93.822,88.366,89.045,5257,0
TEN,D,20181002,000000,87.893,89.611,86.383,87.326,8694,0
TEN,D,20181003,000000,87.789,89.262,83.834,89.12,24202,0
TEN,D,20181004,000000,89.687,89.733,85.07,86.854,11731,0
TEN,D,20181005,000000,85.343,93.454,85.343,89.309,18833,0
TEN,D,20181008,000000,89.29,91.575,84.24,86.005,7964,0
TEN,D,20181009,000000,85.061,86.561,83.645,85.532,6373,0
TEN,D,20181010,000000,85.438,85.438,80.245,81.568,12404,0
TEN,D,20181011,000000,77.508,79.188,71.749,75.243,46373,0
TEN,D,20181012,000000,76.47,79.255,73.166,79.104,18544,0
TEN,D,20181015,000000,80.245,80.529,76.753,78.216,18936,0
TEN,D,20181016,000000,78.358,79.114,76.186,78.358,8976,0
TEN,D,20181017,000000,78.358,79.132,75.62,75.997,12127,0
TEN,D,20181018,000000,75.715,77.414,73.826,74.676,14706,0
TEN,D,20181019,000000,74.015,75.054,72.976,74.213,12322,0
TEN,D,20181022,000000,73.637,73.637,67.028,72.221,33576,0
TEN,D,20181023,000000,69.862,69.862,65.142,68.927,33081,0
TEN,D,20181024,000000,67.227,72.599,67.227,70.352,19090,0
TEN,D,20181025,000000,66.661,67.973,64.593,66.793,42508,0
TEN,D,20181026,000000,67.028,69.956,67.028,67.038,21621,0
TEN,D,20181029,000000,67.048,68.822,67.048,68.398,7789,0
TEN,D,20181030,000000,67.973,68.54,67.529,68.446,5058,0
TEN,D,20181031,000000,69.059,72.694,69.059,71.183,11613,0
TEN,D,20181102,000000,72.694,77.414,72.694,76.47,14581,0
TEN,D,20181105,000000,77.433,89.574,77.424,86.854,48760,0
TEN,D,20181106,000000,88.648,92.992,85.448,89.592,25547,0
TEN,D,20181107,000000,91.103,92.141,82.323,83.39,18891,0
TEN,D,20181108,000000,83.504,86.854,82.248,83.219,12692,0
TEN,D,20181109,000000,82.134,82.134,77.886,80.906,17345,0
TEN,D,20181113,000000,78.358,78.358,76.47,77.886,13656,0
TEN,D,20181114,000000,76.942,82.7,76.478,82.464,5033,0
TEN,D,20181115,000000,83.078,84.012,80.245,81.663,4937,0
TEN,D,20181116,000000,81.473,82.606,76.714,77.886,12160,0
TEN,D,20181119,000000,78.83,80.189,73.26,77.046,9303,0
TEN,D,20181120,000000,76.47,78.245,73.448,73.684,11153,0
TEN,D,20181121,000000,72.599,72.694,69.672,71.371,31453,0
TEN,D,20181122,000000,72.316,79.312,71.277,79.312,19036,0
TEN,D,20181123,000000,81.191,82.606,78.641,78.641,11530,0
TEN,D,20181126,000000,78.546,81.001,78.358,79.774,6082,0
TEN,D,20181127,000000,79.774,80.245,78.358,79.302,2798,0
TEN,D,20181128,000000,79.68,82.04,79.68,81.191,10524,0
TEN,D,20181129,000000,81.945,84.022,81.945,83.456,11679,0
TEN,D,20181130,000000,83.078,84.211,82.606,83.078,5579,0
TEN,D,20181203,000000,83.267,84.777,76.488,78.377,21120,0
TEN,D,20181204,000000,79.585,79.585,75.809,77.98,8992,0
TEN,D,20181205,000000,76.923,77.131,74.959,76.47,11468,0
TEN,D,20181206,000000,75.525,75.525,73.071,73.637,19189,0
TEN,D,20181207,000000,74.553,77.697,74.553,75.516,10775,0
TEN,D,20181210,000000,73.637,74.582,72.694,72.694,9085,0
TEN,D,20181211,000000,73.637,74.109,71.985,73.637,5941,0
TEN,D,20181212,000000,73.637,74.289,72.467,73.637,5224,0
TEN,D,20181213,000000,74.582,80.718,73.637,78.452,30316,0
TEN,D,20181214,000000,78.452,79.491,75.856,76.847,5078,0
TEN,D,20181217,000000,76.838,77.414,74.582,75.761,7736,0
TEN,D,20181218,000000,75.525,75.525,73.637,74.394,3552,0
TEN,D,20181219,000000,74.582,76.659,73.845,75.573,6783,0
TEN,D,20181220,000000,74.394,75.054,73.637,73.751,5704,0
TEN,D,20181221,000000,73.967,74.771,69.106,70.05,18382,0
TEN,D,20181227,000000,71.277,72.882,70.805,72.882,8923,0
TEN,D,20181228,000000,73.166,75.525,71.277,75.525,10304,0
TEN,D,20190102,000000,74.582,75.516,73.789,74.213,10381,0
TEN,D,20190103,000000,74.1,74.213,72.788,72.798,4049,0
TEN,D,20190104,000000,72.711,78.131,72.711,77.886,11820,0
TEN,D,20190107,000000,78.452,79.68,77.235,78.735,12114,0
TEN,D,20190108,000000,83.078,86.788,82.134,84.967,44771,0
TEN,D,20190109,000000,84.985,85.911,82.654,85.911,15417,0
TEN,D,20190110,000000,85.722,85.722,83.362,84.022,6624,0
TEN,D,20190111,000000,84.012,86.363,83.172,84.022,11487,0
TEN,D,20190114,000000,84.777,85.524,81.757,84.012,6752,0
TEN,D,20190115,000000,83.087,86.383,82.804,86.005,8211,0
TEN,D,20190116,000000,86.383,89.12,86.383,88.742,18849,0
TEN,D,20190117,000000,89.215,89.394,86.854,87.704,10000,0
TEN,D,20190118,000000,88.082,88.506,86.383,86.571,6637,0
TEN,D,20190121,000000,86.854,86.854,85.958,86.524,2192,0
TEN,D,20190122,000000,85.911,85.911,83.078,84.589,4517,0
TEN,D,20190123,000000,84.967,89.592,84.967,88.091,14866,0
TEN,D,20190124,000000,87.798,87.798,86.193,86.383,3856,0
TEN,D,20190125,000000,86.383,88.629,80.341,83.456,11988,0
TEN,D,20190128,000000,83.456,84.871,82.606,83.399,4212,0
TEN,D,20190129,000000,82.757,84.967,82.757,83.55,2007,0
TEN,D,20190130,000000,83.55,84.06,82.134,82.616,4816,0
TEN,D,20190131,000000,83.55,83.55,81.191,81.757,4345,0
TEN,D,20190201,000000,81.861,82.794,81.191,81.757,3324,0
TEN,D,20190204,000000,82.134,86.099,82.134,84.871,11832,0
TEN,D,20190205,000000,85.911,85.911,84.174,84.589,5230,0
TEN,D,20190206,000000,84.967,85.817,82.228,83.078,11496,0
TEN,D,20190207,000000,83.323,83.55,79.302,80.245,20303,0
TEN,D,20190208,000000,78.83,79.396,77.999,78.169,11864,0
TEN,D,20190211,000000,75.639,78.641,75.535,77.508,16118,0
TEN,D,20190212,000000,77.697,80.718,77.697,79.501,8964,0
TEN,D,20190213,000000,79.02,81.03,79.02,79.68,2257,0
TEN,D,20190214,000000,80.435,80.435,78.358,79.67,3012,0
TEN,D,20190215,000000,78.83,79.774,78.358,79.302,2406,0
TEN,D,20190218,000000,79.501,81.851,79.501,81.191,3867,0
TEN,D,20190219,000000,81.663,81.663,79.973,80.161,3256,0
TEN,D,20190220,000000,80.151,81.663,79.491,81.568,4040,0
TEN,D,20190221,000000,81.945,83.078,81.191,82.861,5144,0
TEN,D,20190222,000000,82.861,83.456,82.418,83.456,5856,0
TEN,D,20190225,000000,83.504,84.589,83.078,84.022,10965,0
TEN,D,20190226,000000,84.022,84.211,83.078,83.976,2960,0
TEN,D,20190227,000000,83.645,84.211,83.078,83.588,9164,0
TEN,D,20190228,000000,82.134,85.817,82.134,85.722,15395,0
TEN,D,20190301,000000,86.835,89.687,86.722,88.271,15845,0
TEN,D,20190304,000000,88.271,88.271,85.061,88.176,13110,0
TEN,D,20190305,000000,88.176,88.734,87.184,88.724,4152,0
TEN,D,20190306,000000,87.893,91.103,87.893,90.158,9904,0
TEN,D,20190307,000000,90.158,90.537,88.847,89.592,3132,0
TEN,D,20190308,000000,88.742,89.592,86.099,86.099,3794,0
TEN,D,20190311,000000,86.099,87.704,85.08,86.854,2410,0
TEN,D,20190312,000000,87.326,92.424,86.912,89.969,9908,0
TEN,D,20190313,000000,90.631,91.055,89.969,90.584,5113,0
TEN,D,20190314,000000,91.047,93.463,91.047,93.463,7695,0
TEN,D,20190315,000000,93.746,96.39,92.944,93.123,22199,0
TEN,D,20190318,000000,93.558,94.407,91.858,93.463,10913,0
TEN,D,20190319,000000,93.463,98.065,92.264,95.351,15247,0
TEN,D,20190320,000000,96.96,98.947,96.295,98.653,16482,0
TEN,D,20190321,000000,99.123,99.408,96.295,98.183,8749,0
TEN,D,20190322,000000,96.295,99.123,93.463,94.407,23657,0
TEN,D,20190325,000000,93.104,93.463,89.687,92.415,21168,0
TEN,D,20190326,000000,92.33,92.992,91.103,92.614,4246,0
TEN,D,20190327,000000,92.972,96.087,92.972,94.88,9259,0
TEN,D,20190328,000000,95.351,96.765,94.407,95.955,24026,0
TEN,D,20190329,000000,96.295,96.295,95.295,96.295,11484,0
TEN,D,20190401,000000,98.183,102.53,96.672,99.51,32012,0
TEN,D,20190402,000000,100.07,108.38,99.89,105.74,47839,0
TEN,D,20190403,000000,107.81,111.78,107.24,111.03,34763,0
TEN,D,20190404,000000,111.2,111.2,106.87,107.06,23997,0
TEN,D,20190405,000000,113.49,115.75,109.52,111.4,52190,0
TEN,D,20190408,000000,111.4,112.35,108.57,112.35,11609,0
TEN,D,20190409,000000,112.35,112.91,110.46,111.97,9554,0
TEN,D,20190410,000000,112.16,112.16,110.08,110.46,12366,0
TEN,D,20190411,000000,110.46,110.46,108,108.57,11201,0
TEN,D,20190412,000000,110.26,110.84,109.14,109.32,3936,0
TEN,D,20190415,000000,110.46,110.46,107.24,108.94,5647,0
TEN,D,20190416,000000,108.57,108.57,104.98,106.29,9233,0
TEN,D,20190417,000000,106.12,106.49,103.28,104.6,10200,0
TEN,D,20190418,000000,104.41,108.2,101.95,108.2,16039,0
TEN,D,20190423,000000,108.94,113.29,108.75,113.29,14633,0
TEN,D,20190424,000000,113.29,115.55,111.2,112.91,19038,0
TEN,D,20190425,000000,113.29,115.17,112.35,115.17,16349,0
TEN,D,20190426,000000,116.12,119.71,116.12,119.52,21455,0
TEN,D,20190429,000000,119.52,119.71,115.37,117.82,12008,0
TEN,D,20190430,000000,115.93,118.01,115.93,117.07,7590,0
TEN,D,20190502,000000,118.01,121.78,118.01,121.03,9413,0
TEN,D,20190506,000000,120.27,120.66,116.31,120.09,12953,0
TEN,D,20190507,000000,120.84,120.84,115.55,115.55,9616,0
TEN,D,20190508,000000,115.17,124.61,114.23,123.67,25437,0
TEN,D,20190509,000000,125,134.06,125,127.45,50271,0
TEN,D,20190510,000000,129.35,130.85,124.61,128.39,13379,0
TEN,D,20190513,000000,128.39,128.39,122.92,124.8,6275,0
TEN,D,20190514,000000,125,127.45,121.98,126.51,9042,0
TEN,D,20190515,000000,127.45,134.81,126.51,133.87,20124,0
TEN,D,20190516,000000,135.75,140.66,135.75,138.4,22873,0
TEN,D,20190517,000000,138.4,138.4,133.3,135,12293,0
TEN,D,20190520,000000,135,135,122.73,123.11,32190,0
TEN,D,20190521,000000,122.73,130.09,119.89,124.06,26766,0
TEN,D,20190522,000000,121.78,126.89,110.64,123.67,61222,0
TEN,D,20190523,000000,126.32,126.32,114.8,115.75,19526,0
TEN,D,20190524,000000,115.17,122.73,113.66,121.41,23819,0
TEN,D,20190527,000000,121.6,126.32,121.6,125.74,7888,0
TEN,D,20190528,000000,126.32,126.32,120.66,125.56,9206,0
TEN,D,20190529,000000,123.48,125.18,121.78,124.43,3787,0
TEN,D,20190530,000000,124.43,127.45,121.78,127.45,8453,0
TEN,D,20190531,000000,128.02,128.39,124.24,127.26,5060,0
TEN,D,20190603,000000,126.51,127.45,123.67,125.56,6339,0
TEN,D,20190604,000000,125.37,125.75,120.71,123.23,15634,0
TEN,D,20190605,000000,124.01,124.4,122.07,122.07,3084,0
TEN,D,20190606,000000,121.87,122.25,117.01,121.09,10622,0
TEN,D,20190607,000000,121.48,128.09,118.76,126.53,10948,0
TEN,D,20190610,000000,126.53,128.28,121.68,123.23,9184,0
TEN,D,20190611,000000,123.42,123.62,121.68,123.42,4136,0
TEN,D,20190612,000000,123.42,123.42,119.92,121.48,3536,0
TEN,D,20190613,000000,121.48,121.48,119.92,120.51,4419,0
TEN,D,20190614,000000,120.51,120.51,117.79,118.56,4098,0
TEN,D,20190617,000000,118.56,119.54,111.57,115.65,20905,0
TEN,D,20190618,000000,115.65,115.65,109.43,111.37,11424,0
TEN,D,20190619,000000,110.79,114.29,110.79,112.35,3168,0
TEN,D,20190621,000000,112.73,120.12,112.73,117.59,12464,0
TEN,D,20190624,000000,119.54,124.01,119.54,123.42,5635,0
TEN,D,20190625,000000,122.65,123.62,117.79,120.31,4557,0
TEN,D,20190626,000000,118.76,121.48,116.03,119.92,8189,0
TEN,D,20190627,000000,119.92,126.34,119.54,126.14,7869,0
TEN,D,20190628,000000,126.34,130.42,125.75,128.28,12733,0
TEN,D,20190701,000000,131.79,132.95,126.53,126.53,6207,0
TEN,D,20190702,000000,125.75,125.75,122.07,122.07,7327,0
TEN,D,20190703,000000,124.2,125.95,122.25,125.95,5863,0
TEN,D,20190704,000000,126.34,128.28,124.98,125.17,3108,0
TEN,D,20190705,000000,126.34,128.28,123.62,124.01,9960,0
TEN,D,20190708,000000,123.42,123.81,118.56,120.12,5988,0
TEN,D,20190709,000000,120.12,121.28,117.79,120.12,2689,0
TEN,D,20190710,000000,120.12,122.45,120.12,122.45,3323,0
TEN,D,20190711,000000,122.45,122.45,119.34,120.12,4395,0
TEN,D,20190712,000000,119.15,120.51,119.15,120.31,2322,0
TEN,D,20190715,000000,120.51,120.89,118.18,118.18,6779,0
TEN,D,20190716,000000,118.37,119.54,114.68,115.65,9652,0
TEN,D,20190717,000000,116.23,118.18,116.23,117.21,4276,0
TEN,D,20190718,000000,117.21,120.51,117.01,119.15,7527,0
TEN,D,20190719,000000,119.15,121.68,119.15,120.71,3581,0
TEN,D,20190722,000000,120.71,121.87,119.15,119.73,1459,0
TEN,D,20190723,000000,120.51,121.28,119.15,119.92,2085,0
TEN,D,20190724,000000,120.51,121.48,119.92,120.12,1393,0
TEN,D,20190725,000000,120.31,122.84,119.54,121.28,5752,0
TEN,D,20190726,000000,121.68,122.65,120.89,121.48,4679,0
TEN,D,20190729,000000,121.48,121.68,120.12,120.71,4575,0
TEN,D,20190730,000000,120.89,120.89,117.98,119.34,3383,0
TEN,D,20190731,000000,119.34,126.34,119.34,125.17,12032,0
TEN,D,20190801,000000,125.17,127.7,122.07,122.84,8231,0
TEN,D,20190802,000000,122.84,123.81,118.95,119.54,4233,0
TEN,D,20190805,000000,119.34,119.34,115.45,115.65,8483,0
TEN,D,20190806,000000,115.65,118.18,115.45,116.82,3268,0
TEN,D,20190807,000000,118.95,118.95,113.12,113.51,6907,0
TEN,D,20190808,000000,114.68,117.21,112.73,116.62,2876,0
TEN,D,20190809,000000,118.56,118.56,114.09,114.09,2263,0
TEN,D,20190812,000000,114.29,116.42,112.73,112.93,3030,0
TEN,D,20190813,000000,114.68,115.65,111.37,114.68,4340,0
TEN,D,20190814,000000,114.29,115.06,110.79,111.57,2725,0
TEN,D,20190816,000000,111.76,113.12,105.15,109.82,13974,0
TEN,D,20190819,000000,110.79,113.51,110.6,112.15,4089,0
TEN,D,20190820,000000,111.76,114.09,109.23,109.23,4506,0
TEN,D,20190821,000000,109.63,120.51,109.43,120.31,13405,0
TEN,D,20190822,000000,118.95,119.54,116.42,118.18,3298,0
TEN,D,20190823,000000,119.34,122.45,118.37,121.48,4868,0
TEN,D,20190826,000000,119.15,121.28,117.59,121.09,5738,0
TEN,D,20190827,000000,120.89,121.48,117.21,118.56,8599,0
TEN,D,20190828,000000,121.28,125.75,119.34,124.4,24064,0
TEN,D,20190829,000000,124.4,135.67,124.2,134.12,51907,0
TEN,D,20190830,000000,135.47,138.98,134.12,134.12,23603,0
TEN,D,20190902,000000,134.12,134.12,128.28,132.17,7209,0
TEN,D,20190903,000000,133.92,138,132.17,136.83,6923,0
TEN,D,20190904,000000,135.86,138,134.5,136.06,3553,0
TEN,D,20190905,000000,136.06,138.98,134.89,134.89,3125,0
TEN,D,20190906,000000,135.09,136.45,134.3,135.09,2526,0
TEN,D,20190909,000000,135.09,135.47,130.23,133.92,7770,0
TEN,D,20190910,000000,133.53,133.92,132.36,133.92,2703,0
TEN,D,20190911,000000,132.56,134.89,132.56,133.92,1765,0
TEN,D,20190912,000000,134.3,134.5,132.17,133.53,3401,0
TEN,D,20190913,000000,133.14,133.14,130.23,131.59,5885,0
TEN,D,20190916,000000,130.03,132.56,128.67,132.17,6300,0
TEN,D,20190917,000000,130.61,132.36,130.23,131.97,2503,0
TEN,D,20190918,000000,131.97,131.97,130.23,130.23,1805,0
TEN,D,20190919,000000,130.23,134.5,129.84,134.5,5697,0
TEN,D,20190920,000000,134.5,140.92,134.12,140.92,12340,0
TEN,D,20190923,000000,140.92,140.92,135.47,136.45,8336,0
TEN,D,20190924,000000,136.06,137.03,133.53,133.92,1836,0
TEN,D,20190925,000000,135.86,136.06,133.14,133.14,2511,0
TEN,D,20190926,000000,134.12,134.12,131.79,133.92,1310,0
TEN,D,20190927,000000,132.17,136.65,131.97,132.36,932,0
TEN,D,20190930,000000,132.36,132.95,130.03,130.42,3144,0
TEN,D,20191001,000000,131.2,136.06,130.61,135.28,3622,0
TEN,D,20191002,000000,135.09,135.09,124.78,125.56,8644,0
TEN,D,20191003,000000,124.4,128.87,121.48,126.34,6612,0
TEN,D,20191004,000000,126.73,128.28,125.37,128.28,1076,0
TEN,D,20191007,000000,128.47,128.67,126.34,128.67,1041,0
TEN,D,20191008,000000,129.84,139.36,129.84,137.03,8754,0
TEN,D,20191009,000000,138.19,147.33,138.19,146.75,72905,0
TEN,D,20191010,000000,147.14,150.63,143.25,144.22,14657,0
TEN,D,20191011,000000,145.38,148.7,144.02,145.38,9798,0
TEN,D,20191014,000000,146.75,158.02,142.86,157.43,23417,0
TEN,D,20191015,000000,155.49,159.38,152.19,154.72,12281,0
TEN,D,20191016,000000,155.1,155.49,153.55,154.52,1495,0
TEN,D,20191017,000000,156.27,166.18,152.77,159.77,20899,0
TEN,D,20191018,000000,159.96,162.68,155.49,157.25,4731,0
TEN,D,20191021,000000,158.41,162.29,157.63,159.77,3406,0
TEN,D,20191022,000000,159.77,159.77,145.78,149.66,26137,0
TEN,D,20191023,000000,150.63,150.63,136.06,141.89,61519,0
TEN,D,20191024,000000,141.89,144.41,141.89,142.67,11770,0
TEN,D,20191025,000000,143.84,147.33,143.25,145.58,8949,0
TEN,D,20191028,000000,149.27,149.47,145.78,147.72,4021,0
TEN,D,20191029,000000,147.14,153.94,147.14,152.57,63951,0
TEN,D,20191030,000000,151.6,154.33,151.6,153.36,10855,0
TEN,D,20191031,000000,153.36,155.3,152.19,154.52,7489,0
TEN,D,20191104,000000,155.69,160.16,155.49,160.16,92537,0
TEN,D,20191105,000000,160.35,167.15,160.35,166.18,30990,0
TEN,D,20191106,000000,166.18,171.04,160.35,160.55,34735,0
TEN,D,20191107,000000,160.35,167.54,157.63,165.02,9896,0
TEN,D,20191108,000000,165.41,168.13,161.52,166.18,6957,0
TEN,D,20191112,000000,166.77,166.77,162.68,162.68,2717,0
TEN,D,20191113,000000,164.24,164.82,162.49,162.68,2669,0
TEN,D,20191114,000000,163.27,165.41,155.1,158.41,15400,0
TEN,D,20191115,000000,156.46,164.44,156.46,162.68,9763,0
TEN,D,20191118,000000,163.85,163.85,157.43,161.32,7494,0
TEN,D,20191119,000000,160.94,162.88,158.41,161.91,3645,0
TEN,D,20191120,000000,161.91,164.62,160.75,164.62,24795,0
TEN,D,20191121,000000,165.21,172.21,165.21,172.01,15970,0
TEN,D,20191122,000000,171.83,172.01,169.1,171.63,3652,0
TEN,D,20191125,000000,172.01,173.96,171.04,172.01,5243,0
TEN,D,20191126,000000,172.8,172.8,167.74,169.1,5351,0
TEN,D,20191127,000000,172.01,172.01,165.6,167.15,10167,0
TEN,D,20191128,000000,168.13,168.13,162.49,165.21,20402,0
TEN,D,20191129,000000,165.21,165.21,159.77,162.29,18705,0
TEN,D,20191202,000000,162.88,170.66,162.88,170.07,16516,0
TEN,D,20191203,000000,169.68,175.52,169.3,173.57,15259,0
TEN,D,20191204,000000,174.93,176.87,172.8,175.13,7126,0
TEN,D,20191205,000000,174.93,174.93,172.6,173.96,4396,0
TEN,D,20191206,000000,173.96,174.73,172.01,173.18,3689,0
TEN,D,20191209,000000,172.6,174.54,172.01,172.8,5378,0
TEN,D,20191210,000000,173.57,178.43,172.01,178.23,5583,0
TEN,D,20191211,000000,178.43,185.62,178.23,185.62,15348,0
TEN,D,20191212,000000,186.98,199.72,185.62,199.72,55657,0
TEN,D,20191213,000000,198.26,198.26,190.48,193.78,11876,0
TEN,D,20191216,000000,194.37,194.37,191.26,192.61,3466,0
TEN,D,20191217,000000,192.23,203.12,185.81,203.12,19679,0
TEN,D,20191218,000000,203.12,209.91,200.2,208.46,22116,0
TEN,D,20191219,000000,208.46,213.31,207.49,212.34,16037,0
TEN,D,20191220,000000,212.34,212.34,203.12,203.12,25388,0
TEN,D,20191223,000000,205.55,212.34,198.26,200.2,29610,0
TEN,D,20191227,000000,201.17,206.03,192.43,192.43,43993,0
TEN,D,20191230,000000,192.43,198.26,191.45,192.43,37684,0
TEN,D,20200102,000000,194.37,201.66,193.4,199.72,22832,0
TEN,D,20200103,000000,199.72,203.6,198.26,202.15,12946,0
TEN,D,20200107,000000,203.12,210.4,203.12,207.98,21847,0
TEN,D,20200108,000000,207.01,222.55,207.01,219.63,50723,0
TEN,D,20200109,000000,221.58,237.13,219.63,236.16,39239,0
TEN,D,20200110,000000,235.18,239.07,228.87,229.35,25975,0
TEN,D,20200113,000000,230.81,236.16,229.84,235.67,16148,0
TEN,D,20200114,000000,237.61,243.45,232.27,241.99,18035,0
TEN,D,20200115,000000,242.96,244.9,225.46,225.46,33979,0
TEN,D,20200116,000000,227.41,238.1,219.63,234.21,34861,0
TEN,D,20200117,000000,227.41,239.07,225.46,232.27,37219,0
TEN,D,20200120,000000,231.78,246.36,228.87,244.9,17807,0
TEN,D,20200121,000000,247.82,247.82,240.04,242.96,8802,0
TEN,D,20200122,000000,243.93,252.68,242.96,250.74,18619,0
TEN,D,20200123,000000,250.74,252.68,247.82,248.79,11039,0
TEN,D,20200124,000000,248.79,265.32,244.42,260.94,20281,0
TEN,D,20200127,000000,260.94,260.94,247.82,251.22,29459,0
TEN,D,20200128,000000,250.74,262.4,250.74,251.22,10254,0
TEN,D,20200129,000000,231.3,244.9,226.44,230.32,115378,0
TEN,D,20200130,000000,229.35,231.3,224.01,224.49,62860,0
TEN,D,20200131,000000,224.49,232.27,222.55,224.98,22872,0
TEN,D,20200203,000000,225.46,241.02,224.49,241.02,55230,0
TEN,D,20200204,000000,244.9,257.54,242.96,256.08,56371,0
TEN,D,20200205,000000,259.48,264.34,254.62,256.57,36860,0
TEN,D,20200206,000000,256.57,258.51,250.74,255.6,11043,0
TEN,D,20200207,000000,251.71,262.4,250.74,257.54,7580,0
TEN,D,20200210,000000,257.54,261.91,256.57,258.51,5181,0
TEN,D,20200211,000000,259.48,270.17,259,268.23,32649,0
TEN,D,20200212,000000,268.23,270.17,262.4,262.4,11109,0
TEN,D,20200213,000000,265.8,265.8,258.51,260.94,7134,0
TEN,D,20200214,000000,262.89,262.89,252.68,254.62,12785,0
TEN,D,20200217,000000,254.62,262.4,254.62,259.97,9210,0
TEN,D,20200218,000000,259.97,261.91,248.79,251.71,16092,0
TEN,D,20200219,000000,248.79,265.8,243.93,265.8,19766,0
TEN,D,20200220,000000,267.26,269.2,254.14,261.91,22656,0
TEN,D,20200221,000000,267.26,285.72,263.86,285.72,60768,0
TEN,D,20200224,000000,281.34,281.34,262.89,271.62,52149,0
TEN,D,20200225,000000,270.65,271.14,245.39,255.6,57230,0
TEN,D,20200226,000000,249.76,269.2,246.36,259.48,60032,0
TEN,D,20200227,000000,260.46,266.29,247.82,252.68,36573,0
TEN,D,20200228,000000,239.07,252.68,224.49,245.88,88574,0
TEN,D,20200302,000000,272.11,274.05,249.28,261.91,45684,0
TEN,D,20200303,000000,272.11,296.41,269.2,296.41,92788,0
TEN,D,20200304,000000,290.58,302.24,279.89,294.95,43422,0
TEN,D,20200305,000000,304.19,308.07,284.26,294.95,43635,0
TEN,D,20200306,000000,283.77,291.55,278.43,290.58,31628,0
TEN,D,20200309,000000,262.4,275.03,245.88,271.62,83533,0
TEN,D,20200310,000000,275.51,285.72,257.54,266.29,52720,0
TEN,D,20200311,000000,266.29,266.29,241.5,245.39,78209,0
TEN,D,20200312,000000,223.52,223.52,181.15,181.15,110122,0
TEN,D,20200313,000000,199.23,219.15,186.98,199.72,102884,0
TEN,D,20200316,000000,194.37,232.27,185.62,224.01,67195,0
TEN,D,20200317,000000,233.73,245.88,225.46,233.73,90605,0
TEN,D,20200318,000000,233.73,251.22,227.89,233.24,76484,0
TEN,D,20200319,000000,234.21,244.9,234.21,242.96,42741,0
TEN,D,20200320,000000,252.68,265.8,244.42,249.76,60894,0
TEN,D,20200323,000000,238.1,259,230.32,245.88,39814,0
TEN,D,20200324,000000,269.2,274.05,260.46,272.11,82594,0
TEN,D,20200325,000000,283.77,284.75,260.94,266.29,59660,0
TEN,D,20200326,000000,262.89,269.2,257.54,267.75,25016,0
TEN,D,20200327,000000,269.2,271.14,266.29,267.26,21811,0
TEN,D,20200330,000000,267.26,272.11,260.94,269.2,20693,0
TEN,D,20200331,000000,274.05,280.86,273.08,275.03,33243,0
TEN,D,20200401,000000,270.17,295.44,262.4,288.15,45359,0
TEN,D,20200402,000000,291.55,297.38,286.69,291.55,21522,0
TEN,D,20200403,000000,292.04,295.44,284.26,291.55,28727,0
TEN,D,20200406,000000,296.41,320.22,289.61,309.05,48778,0
TEN,D,20200407,000000,314.88,322.17,288.15,293.49,46433,0
TEN,D,20200408,000000,291.55,303.21,288.63,302.24,18430,0
TEN,D,20200409,000000,311.96,315.36,294.47,300.3,41522,0
TEN,D,20200414,000000,301.27,310.5,301.27,309.53,17783,0
TEN,D,20200415,000000,311.48,313.91,304.19,309.53,29317,0
TEN,D,20200416,000000,310.99,319.74,310.99,317.79,19432,0
TEN,D,20200417,000000,322.65,343.54,320.71,339.65,40946,0
TEN,D,20200420,000000,340.63,361.52,340.63,361.52,35623,0
TEN,D,20200421,000000,360.55,363.95,345.97,347.43,36430,0
TEN,D,20200422,000000,345,363.95,335.28,360.55,36740,0
TEN,D,20200423,000000,362.5,371.24,353.75,369.79,29973,0
TEN,D,20200424,000000,365.41,374.16,362.01,371.24,10959,0
TEN,D,20200427,000000,374.65,397.48,374.65,393.59,37216,0
TEN,D,20200428,000000,395.53,400.88,393.59,399.42,20950,0
TEN,D,20200429,000000,404.77,422.75,403.8,418.86,25052,0
TEN,D,20200430,000000,427.61,431.5,398.94,407.68,24613,0
TEN,D,20200504,000000,431.5,443.16,419.83,437.33,39998,0
TEN,D,20200505,000000,441.22,458.7,439.76,440.25,25657,0
TEN,D,20200506,000000,442.19,455.79,413.52,438.3,29849,0
TEN,D,20200507,000000,438.79,448.5,438.79,442.19,15054,0
TEN,D,20200508,000000,445.11,447.05,424.69,435.87,31251,0
TEN,D,20200511,000000,438.3,444.13,433.44,435.39,19870,0
TEN,D,20200512,000000,440.73,445.11,431.5,438.79,21784,0
TEN,D,20200513,000000,447.05,458.7,444.62,451.9,25614,0
TEN,D,20200514,000000,452.87,452.87,419.35,437.33,20444,0
TEN,D,20200515,000000,451.9,453.84,437.33,453.36,11748,0
TEN,D,20200518,000000,458.22,462.59,448.5,454.82,20658,0
TEN,D,20200519,000000,459.68,460.65,452.39,453.84,9560,0
TEN,D,20200520,000000,456.76,484.46,452.87,476.2,22659,0
TEN,D,20200521,000000,482.03,499.53,478.63,497.58,27066,0
TEN,D,20200522,000000,494.67,499.53,487.86,498.56,9470,0
TEN,D,20200525,000000,498.56,527.71,498.56,523.82,23678,0
TEN,D,20200526,000000,525.76,529.65,497.58,506.33,58302,0
TEN,D,20200527,000000,508.27,524.79,462.59,485.92,60854,0
TEN,D,20200528,000000,489.84,498.65,453.1,494.74,46197,0
TEN,D,20200529,000000,497.67,504.53,476.12,497.67,113751,0
TEN,D,20200601,000000,489.84,517.27,486.9,513.35,28445,0
TEN,D,20200602,000000,518.25,519.23,489.84,494.74,31282,0
TEN,D,20200603,000000,498.65,502.57,485.43,486.9,20777,0
TEN,D,20200604,000000,488.86,492.78,460.94,461.92,38603,0
TEN,D,20200605,000000,462.9,474.16,461.43,470.73,21945,0
TEN,D,20200608,000000,475.14,475.14,437.91,444.28,59367,0
TEN,D,20200609,000000,443.3,477.1,434.49,477.1,43452,0
TEN,D,20200610,000000,485.92,500.61,475.14,491.8,43913,0
TEN,D,20200612,000000,470.24,496.7,466.33,494.74,22047,0
TEN,D,20200615,000000,488.86,492.78,480.04,489.84,11977,0
TEN,D,20200616,000000,498.65,507.47,495.72,505.51,19659,0
TEN,D,20200617,000000,505.51,534.9,501.59,533.92,34643,0
TEN,D,20200618,000000,538.82,541.76,516.29,517.27,15993,0
TEN,D,20200619,000000,517.27,532.94,510.41,524.13,13501,0
TEN,D,20200622,000000,521.19,553.52,521.19,548.62,24000,0
TEN,D,20200623,000000,551.56,567.23,544.7,549.6,20391,0
TEN,D,20200624,000000,549.6,555.48,540.78,543.72,17459,0
TEN,D,20200625,000000,543.72,558.41,529.02,558.41,20729,0
TEN,D,20200626,000000,567.23,567.23,533.92,539.8,18748,0
TEN,D,20200629,000000,530.98,539.8,514.33,519.23,23974,0
TEN,D,20200630,000000,519.23,545.68,504.53,509.43,30068,0
TEN,D,20200701,000000,509.43,536.86,509.43,536.86,17832,0
TEN,D,20200702,000000,538.82,548.62,536.86,536.86,17284,0
TEN,D,20200703,000000,535.88,562.33,535.88,555.48,26621,0
TEN,D,20200706,000000,560.37,601.52,555.48,589.76,53526,0
TEN,D,20200707,000000,591.72,603.48,574.09,583.89,27201,0
TEN,D,20200708,000000,586.83,586.83,578.01,583.89,11709,0
TEN,D,20200709,000000,584.87,586.83,578.01,582.91,14667,0
TEN,D,20200710,000000,578.01,581.93,563.31,567.23,10047,0
TEN,D,20200713,000000,579.97,582.91,567.23,573.11,8377,0
TEN,D,20200714,000000,573.11,574.09,548.62,558.41,12781,0
TEN,D,20200715,000000,559.39,580.95,556.46,563.31,14172,0
TEN,D,20200716,000000,570.17,573.11,558.41,573.11,11308,0
TEN,D,20200717,000000,569.19,571.15,559.39,564.29,6720,0
TEN,D,20200720,000000,558.41,558.41,531.96,542.74,23558,0
TEN,D,20200721,000000,544.7,568.21,536.86,543.72,25783,0
TEN,D,20200722,000000,538.82,548.62,529.02,530,18120,0
TEN,D,20200723,000000,527.07,543.72,524.13,534.9,16422,0
TEN,D,20200724,000000,525.11,530.98,512.37,527.07,17995,0
TEN,D,20200727,000000,524.13,549.6,510.41,549.6,26046,0
TEN,D,20200728,000000,545.68,548.62,533.92,533.92,16525,0
TEN,D,20200729,000000,532.94,547.64,525.11,543.72,13349,0
TEN,D,20200730,000000,543.72,546.66,525.11,534.9,22489,0
TEN,D,20200731,000000,529.02,546.66,525.11,538.82,28980,0
TEN,D,20200803,000000,549.6,558.41,531.96,544.7,50528,0
TEN,D,20200804,000000,549.6,553.52,536.86,543.72,15499,0
TEN,D,20200805,000000,543.72,543.72,512.37,519.23,29502,0
TEN,D,20200806,000000,519.23,542.74,511.39,533.92,9869,0
TEN,D,20200807,000000,530.98,540.78,518.25,535.88,8224,0
TEN,D,20200810,000000,536.86,545.68,531.96,534.9,9488,0
TEN,D,20200811,000000,537.84,563.31,529.02,563.31,28211,0
TEN,D,20200812,000000,558.41,560.37,548.62,558.41,11067,0
TEN,D,20200813,000000,563.31,572.13,557.43,563.31,13467,0
TEN,D,20200814,000000,559.39,566.25,553.52,556.46,8743,0
TEN,D,20200817,000000,559.39,571.15,555.48,561.35,13024,0
TEN,D,20200818,000000,567.23,567.23,557.43,562.33,12881,0
TEN,D,20200819,000000,566.25,574.09,558.41,558.41,32852,0
TEN,D,20200820,000000,563.31,565.27,556.46,563.31,12717,0
TEN,D,20200821,000000,562.33,572.13,561.35,563.31,17681,0
TEN,D,20200824,000000,571.15,571.15,552.54,553.52,15316,0
TEN,D,20200825,000000,550.58,550.58,530,533.92,52173,0
TEN,D,20200826,000000,533.92,551.56,522.17,546.66,14154,0
TEN,D,20200827,000000,554.5,563.31,541.76,549.6,13995,0
TEN,D,20200828,000000,555.48,556.46,540.78,544.7,3388,0
TEN,D,20200831,000000,552.54,553.52,530.98,553.52,30668,0
TEN,D,20200901,000000,551.56,562.33,536.86,536.86,11759,0
TEN,D,20200902,000000,541.76,559.39,541.76,553.52,18942,0
TEN,D,20200903,000000,554.5,560.37,530,531.96,13492,0
TEN,D,20200904,000000,529.02,541.76,515.31,524.13,13164,0
TEN,D,20200907,000000,524.13,538.82,523.15,536.86,5747,0
TEN,D,20200908,000000,536.86,548.62,523.15,543.72,15427,0
TEN,D,20200909,000000,533.92,548.62,526.09,543.72,10983,0
TEN,D,20200910,000000,542.74,546.66,520.21,534.9,11589,0
TEN,D,20200911,000000,530,538.82,529.02,535.88,14013,0
TEN,D,20200914,000000,529.02,541.76,528.04,541.76,15446,0
TEN,D,20200915,000000,533.92,539.8,529.02,533.92,21417,0
TEN,D,20200916,000000,534.9,553.52,534.9,542.74,17136,0
TEN,D,20200917,000000,538.82,548.62,534.9,548.62,12981,0
TEN,D,20200918,000000,539.8,564.29,539.8,556.46,45925,0
TEN,D,20200921,000000,556.46,561.35,530.98,531.96,15681,0
TEN,D,20200922,000000,530.98,546.66,524.13,538.82,14149,0
TEN,D,20200923,000000,538.82,538.82,524.13,524.13,7549,0
TEN,D,20200924,000000,519.23,523.15,513.35,516.29,6691,0
TEN,D,20200925,000000,515.31,533.92,489.84,528.04,20080,0
TEN,D,20200928,000000,533.92,547.64,532.94,545.68,13714,0
TEN,D,20200929,000000,558.41,560.37,546.66,557.43,16906,0
TEN,D,20200930,000000,553.52,560.37,552.54,560.37,6933,0
TEN,D,20201001,000000,563.31,564.29,558.41,564.29,9690,0
TEN,D,20201002,000000,567.23,581.93,567.23,578.01,23171,0
TEN,D,20201005,000000,578.01,582.91,558.41,568.21,25257,0
TEN,D,20201006,000000,568.21,573.11,533.92,541.76,16765,0
TEN,D,20201007,000000,542.74,548.62,526.09,534.9,16847,0
TEN,D,20201008,000000,538.82,548.62,536.86,545.68,17003,0
TEN,D,20201009,000000,538.82,552.54,530,550.58,10945,0
TEN,D,20201012,000000,555.48,610.34,555.48,610.34,68556,0
TEN,D,20201013,000000,608.38,648.54,603.48,635.81,35626,0
TEN,D,20201014,000000,635.81,635.81,621.11,626.99,35121,0
TEN,D,20201015,000000,626.01,628.95,597.6,603.48,21721,0
TEN,D,20201016,000000,626.99,670.1,617.2,660.3,29191,0
TEN,D,20201019,000000,661.28,683.81,661.28,665.2,18271,0
TEN,D,20201020,000000,671.08,671.08,641.69,648.54,17385,0
TEN,D,20201021,000000,648.54,656.38,632.87,641.69,11743,0
TEN,D,20201022,000000,648.54,652.46,635.81,652.46,13074,0
TEN,D,20201023,000000,650.5,654.42,612.3,633.85,17426,0
TEN,D,20201026,000000,631.89,631.89,619.15,627.97,8636,0
TEN,D,20201027,000000,629.93,635.81,622.09,626.01,18788,0
TEN,D,20201028,000000,625.03,625.03,600.54,605.44,25251,0
TEN,D,20201029,000000,601.52,631.89,601.52,631.89,17757,0
TEN,D,20201030,000000,628.95,628.95,612.3,619.15,15588,0
TEN,D,20201102,000000,618.17,643.65,615.24,627.97,24577,0
TEN,D,20201103,000000,636.79,639.73,622.09,623.07,23354,0
TEN,D,20201104,000000,619.15,630.91,619.15,626.99,6798,0
TEN,D,20201105,000000,632.87,659.32,626.99,640.71,30607,0
TEN,D,20201106,000000,645.61,647.57,625.03,642.67,10807,0
TEN,D,20201109,000000,646.59,672.06,582.91,611.32,28379,0
TEN,D,20201110,000000,613.28,619.15,570.17,575.07,23397,0
TEN,D,20201112,000000,587.8,587.8,571.15,584.87,30477,0
TEN,D,20201113,000000,584.87,584.87,552.54,567.23,11759,0
TEN,D,20201116,000000,568.21,569.19,535.88,538.82,28509,0
TEN,D,20201117,000000,538.82,561.35,529.02,541.76,46164,0
TEN,D,20201118,000000,545.68,594.66,544.7,594.66,26027,0
TEN,D,20201119,000000,597.6,624.05,566.25,603.48,32411,0
TEN,D,20201120,000000,614.26,614.26,589.76,590.74,24067,0
TEN,D,20201123,000000,601.52,606.42,592.7,602.5,14753,0
TEN,D,20201124,000000,602.5,603.48,553.52,581.93,38601,0
TEN,D,20201125,000000,579.97,588.78,564.29,585.85,10538,0
TEN,D,20201126,000000,569.19,576.05,549.6,563.31,28432,0
TEN,D,20201127,000000,563.31,564.29,544.7,544.7,17327,0
TEN,D,20201130,000000,546.66,576.05,545.68,557.43,24339,0
TEN,D,20201201,000000,556.46,570.17,482,486.41,114947,0
TEN,D,20201202,000000,489.84,516.29,486.9,515.31,74933,0
TEN,D,20201203,000000,519.23,537.84,510.41,529.02,29932,0
TEN,D,20201204,000000,538.82,546.66,515.31,536.86,27507,0
TEN,D,20201207,000000,532.94,534.9,500.61,514.33,30480,0
TEN,D,20201208,000000,508.45,518.25,502.57,515.31,18981,0
TEN,D,20201209,000000,513.35,517.27,490.82,499.63,32168,0
TEN,D,20201210,000000,499.63,518.25,492.78,514.33,18742,0
TEN,D,20201211,000000,524.13,526.09,499.63,503.55,22255,0
TEN,D,20201214,000000,502.57,508.45,492.78,504.53,11892,0
TEN,D,20201215,000000,505.51,506.49,484.94,496.7,24823,0
TEN,D,20201216,000000,497.67,506.49,490.82,504.53,16229,0
TEN,D,20201217,000000,509.43,522.17,503.55,511.39,11878,0
TEN,D,20201218,000000,509.43,510.41,491.8,492.78,27762,0
TEN,D,20201221,000000,490.82,495.72,480.53,485.43,12312,0
TEN,D,20201222,000000,484.94,502.57,484.94,489.84,9193,0
TEN,D,20201223,000000,493.76,516.29,486.9,508.45,36063,0
TEN,D,20201228,000000,513.35,535.88,504.53,529.02,21737,0
TEN,D,20201229,000000,533.92,537.84,529.02,530.98,20927,0
TEN,D,20201230,000000,533.92,556.46,528.04,539.8,35993,0
TEN,D,20210104,000000,536.86,553.52,532.94,544.7,12993,0
TEN,D,20210105,000000,552.54,575.07,530.98,541.76,21748,0
TEN,D,20210107,000000,550.58,553.52,511.39,512.37,45771,0
TEN,D,20210108,000000,513.35,541.76,512.37,537.84,31690,0
TEN,D,20210111,000000,535.88,558.41,532.94,536.86,24045,0
TEN,D,20210112,000000,537.84,544.7,530,538.82,12285,0
TEN,D,20210113,000000,504.53,515.31,493.76,508.45,128636,0
TEN,D,20210114,000000,509.43,513.35,496.7,498.65,39697,0
TEN,D,20210115,000000,498.65,498.65,485.92,490.82,73048,0
TEN,D,20210118,000000,490.82,501.59,487.88,498.65,23360,0
TEN,D,20210119,000000,500.61,504.53,493.76,498.65,38327,0
TEN,D,20210120,000000,497.67,498.65,484.94,487.88,35186,0
TEN,D,20210121,000000,491.8,491.8,464.86,467.3,53731,0
TEN,D,20210122,000000,467.79,495.72,467.3,494.74,42839,0
TEN,D,20210125,000000,499.63,510.41,480.53,488.37,27201,0
TEN,D,20210126,000000,488.37,493.76,482.49,487.88,14348,0
TEN,D,20210127,000000,487.88,499.63,485.43,492.78,24812,0
TEN,D,20210128,000000,489.84,505.51,480.04,503.55,49532,0
TEN,D,20210129,000000,498.65,501.59,487.88,487.88,23646,0
TEN,D,20210201,000000,493.76,506.49,485.92,504.53,32190,0
TEN,D,20210202,000000,503.55,529.02,503.55,529.02,49254,0
TEN,D,20210203,000000,529.02,532.94,507.47,509.43,31080,0
TEN,D,20210204,000000,509.43,519.23,504.53,511.39,17248,0
TEN,D,20210205,000000,509.43,519.23,507.47,509.43,18303,0
TEN,D,20210208,000000,514.33,535.88,514.33,533.92,24912,0
TEN,D,20210209,000000,534.9,536.86,518.25,519.23,33004,0
TEN,D,20210210,000000,523.15,523.15,511.39,517.27,21051,0
TEN,D,20210211,000000,516.29,539.8,513.35,538.82,21945,0
TEN,D,20210212,000000,538.82,538.82,529.02,533.92,19929,0
TEN,D,20210215,000000,537.84,558.41,534.9,558.41,17583,0
TEN,D,20210216,000000,561.35,583.89,550.58,582.91,40662,0
TEN,D,20210217,000000,584.87,591.72,558.41,564.29,32404,0
TEN,D,20210218,000000,564.29,578.99,559.39,570.17,24693,0
TEN,D,20210219,000000,568.21,570.17,536.86,543.72,33413,0
TEN,D,20210222,000000,544.7,545.68,505.51,519.23,31846,0
TEN,D,20210223,000000,521.19,524.13,505.51,514.33,28105,0
TEN,D,20210224,000000,507.47,531.96,505.51,530,22541,0
TEN,D,20210225,000000,531.96,537.84,501.59,503.55,24644,0
TEN,D,20210226,000000,497.67,497.67,485.43,487.88,44515,0
TEN,D,20210301,000000,492.78,514.33,492.78,512.37,28362,0
TEN,D,20210302,000000,512.37,530,505.51,517.27,25282,0
TEN,D,20210303,000000,512.37,523.15,502.57,510.41,14308,0
TEN,D,20210304,000000,509.43,511.39,496.7,511.39,20499,0
TEN,D,20210305,000000,509.43,509.43,488.37,489.35,21995,0
TEN,D,20210308,000000,490.82,498.65,489.84,495.72,8275,0
TEN,D,20210309,000000,495.72,501.59,485.43,494.74,14716,0
TEN,D,20210310,000000,496.7,505.51,493.76,494.74,15496,0
TEN,D,20210311,000000,502.57,502.57,490.82,490.82,11567,0
TEN,D,20210312,000000,494.74,495.72,486.9,489.35,13159,0
TEN,D,20210315,000000,490.82,496.7,486.9,489.84,14450,0
TEN,D,20210316,000000,489.84,493.76,487.88,489.84,13430,0
TEN,D,20210317,000000,490.82,496.7,466.82,478.08,43078,0
TEN,D,20210318,000000,478.08,495.72,475.63,483.47,18922,0
TEN,D,20210319,000000,471.22,484.94,471.22,482.49,30693,0
TEN,D,20210322,000000,484.94,485.92,471.22,472.2,13192,0
TEN,D,20210323,000000,472.2,498.65,451.14,494.74,55752,0
TEN,D,20210324,000000,494.74,529.02,494.74,507.47,42300,0
TEN,D,20210325,000000,508.45,518.25,503.55,507.47,44074,0
TEN,D,20210326,000000,507.47,522.17,507.47,507.47,22513,0
TEN,D,20210329,000000,507.47,522.17,500.61,514.33,19043,0
TEN,D,20210330,000000,518.25,518.25,510.41,517.27,13635,0
TEN,D,20210331,000000,510.41,515.31,507.47,507.47,14317,0
TEN,D,20210401,000000,506.49,518.25,499.63,516.29,9618,0
TEN,D,20210406,000000,517.76,521.19,501.1,509.43,19918,0
TEN,D,20210407,000000,508.45,508.45,490.82,494.74,17190,0
TEN,D,20210408,000000,493.27,498.16,481.02,486.51,27237,0
TEN,D,20210409,000000,484.16,502.57,482,494.25,17677,0
TEN,D,20210412,000000,494.25,500.61,493.76,500.61,10950,0
TEN,D,20210413,000000,501.59,507.47,495.72,495.72,13627,0
TEN,D,20210414,000000,499.63,501.1,493.76,495.72,9292,0
TEN,D,20210415,000000,495.72,495.72,488.86,488.86,9698,0
TEN,D,20210416,000000,491.8,494.74,482.98,482.98,19569,0
TEN,D,20210419,000000,482.98,490.82,482.98,484.35,12721,0
TEN,D,20210420,000000,488.86,489.64,477.3,483.57,9168,0
TEN,D,20210421,000000,484.94,484.94,456.53,459.47,25178,0
TEN,D,20210422,000000,461.03,469.26,440.85,450.65,39390,0
TEN,D,20210423,000000,444.77,450.65,442.42,450.65,33593,0
TEN,D,20210426,000000,449.67,452.41,431.84,434.58,33278,0
TEN,D,20210427,000000,432.43,448.5,432.43,440.27,39713,0
TEN,D,20210428,000000,436.93,457.31,436.93,446.34,21260,0
TEN,D,20210429,000000,450.65,456.14,437.13,444.38,13106,0
TEN,D,20210430,000000,444.38,445.56,432.62,434,19732,0
TEN,D,20210504,000000,433.6,433.6,406.76,408.52,38800,0
TEN,D,20210505,000000,406.76,418.13,400.49,400.49,27727,0
TEN,D,20210506,000000,400.3,412.44,385.01,411.46,40568,0
TEN,D,20210507,000000,412.44,425.77,407.35,421.85,17345,0
TEN,D,20210510,000000,426.16,426.16,406.57,408.13,23616,0
TEN,D,20210511,000000,411.46,416.36,402.45,416.36,21049,0
TEN,D,20210512,000000,418.32,423.22,393.24,398.73,42628,0
TEN,D,20210513,000000,401.67,402.06,375.22,380.51,47216,0
TEN,D,20210514,000000,382.07,410.48,381.09,409.31,26360,0
TEN,D,20210517,000000,409.9,411.27,404.41,406.57,15131,0
TEN,D,20210518,000000,407.74,412.25,397.16,408.13,37387,0
TEN,D,20210519,000000,402.25,414.79,402.25,406.57,17523,0
TEN,D,20210520,000000,413.03,454.18,413.03,449.47,35446,0
TEN,D,20210521,000000,449.47,449.47,433.21,434.98,15714,0
TEN,D,20210524,000000,434.98,436.93,417.34,426.16,35275,0
TEN,D,20210525,000000,417.54,444.77,416.36,419.5,40545,0
TEN,D,20210526,000000,419.5,425.96,417.93,418.32,17555,0
TEN,D,20210527,000000,418.32,429.1,418.32,418.71,20218,0
TEN,D,20210528,000000,428.9,428.9,421.26,424.59,7456,0
TEN,D,20210531,000000,423.61,426.16,419.5,421.26,11664,0
TEN,D,20210601,000000,421.26,428.9,418.52,421.26,6050,0
TEN,D,20210602,000000,425.57,443.2,424.2,442.42,19679,0
TEN,D,20210604,000000,439.87,440.85,425.37,433.02,12025,0
TEN,D,20210607,000000,433.02,445.16,418.91,419.89,19602,0
TEN,D,20210608,000000,419.89,423.22,410.48,412.64,15570,0
TEN,D,20210609,000000,413.62,423.02,413.62,421.26,10855,0
TEN,D,20210610,000000,425.37,433.21,422.24,426.35,21021,0
TEN,D,20210611,000000,436.93,460.06,436.93,454.96,48617,0
TEN,D,20210614,000000,453.39,453.39,434,438.89,9582,0
TEN,D,20210615,000000,440.85,441.83,427.92,436.15,22633,0
TEN,D,20210616,000000,436.35,445.75,434.98,441.64,10021,0
TEN,D,20210617,000000,440.85,440.85,431.45,436.54,9747,0
TEN,D,20210618,000000,436.54,444.18,432.43,433.8,14859,0
TEN,D,20210621,000000,433.02,433.02,415.19,417.73,7491,0
TEN,D,20210622,000000,422.24,434.98,418.71,432.62,12373,0
TEN,D,20210623,000000,434,435.96,426.35,433.02,12144,0
TEN,D,20210624,000000,436.15,470.24,436.15,467.3,24481,0
TEN,D,20210625,000000,467.3,468.28,449.87,449.87,11128,0
TEN,D,20210628,000000,452.02,542.74,445.16,507.96,123623,0
TEN,D,20210629,000000,509.43,511.39,485.33,502.57,66872,0
TEN,D,20210630,000000,501.59,502.08,478.08,482.98,29789,0
TEN,D,20210701,000000,490.33,496.7,481.02,482,16159,0
TEN,D,20210702,000000,489.8,495,483.6,488.8,16053,0
TEN,D,20210705,000000,485.4,508.5,485.4,495,16673,0
TEN,D,20210706,000000,495,513.5,494.2,502.5,20673,0
TEN,D,20210707,000000,503,505,494,495.2,8364,0
TEN,D,20210708,000000,502,502,491.8,497,10034,0
TEN,D,20210709,000000,497,504.5,494,496.4,7248,0
TEN,D,20210712,000000,496,515,496,512.5,12840,0
TEN,D,20210713,000000,514,514.5,507,508.5,5659,0
TEN,D,20210714,000000,508,510,501,502,3883,0
TEN,D,20210715,000000,506.5,506.5,496.8,501,6556,0
TEN,D,20210716,000000,501.5,518,500,513,13925,0
TEN,D,20210719,000000,515.5,515.5,504.5,510,8776,0
TEN,D,20210720,000000,512.5,520,506,507,9476,0
TEN,D,20210721,000000,506.5,527.5,505,525,13228,0
TEN,D,20210722,000000,525.5,535,520.5,532,12956,0
TEN,D,20210723,000000,534,549,529.5,530.5,18188,0
TEN,D,20210726,000000,530,535.5,525,530,7637,0
TEN,D,20210727,000000,530,534,521,524,10182,0
TEN,D,20210728,000000,524,530.5,515.5,528.5,14512,0
TEN,D,20210729,000000,530,541,525,535,24602,0
TEN,D,20210730,000000,535,547.5,530,546.5,13835,0
TEN,D,20210802,000000,548,559,538,554,18265,0
TEN,D,20210803,000000,556,562,541,542,8210,0
TEN,D,20210804,000000,543,555,543,550,10134,0
TEN,D,20210805,000000,550,552.5,543,552,10930,0
TEN,D,20210806,000000,544.5,551.5,543,546,12900,0
TEN,D,20210809,000000,550,550,542.5,543,8594,0
TEN,D,20210810,000000,544.5,548,526,530,13298,0
TEN,D,20210811,000000,531,538,530,532,10330,0
TEN,D,20210812,000000,527,532.5,516,521,17863,0
TEN,D,20210813,000000,520.5,531,516,531,15269,0
TEN,D,20210816,000000,531.5,533,511,517.5,4588,0
TEN,D,20210817,000000,518,529,517,526.5,4459,0
TEN,D,20210818,000000,528.5,528.5,518.5,520,1965,0
TEN,D,20210819,000000,519,524,511.5,522,7171,0
TEN,D,20210820,000000,525,528.5,518.5,524.5,6409,0
TEN,D,20210823,000000,524,526.5,516,518,10952,0
TEN,D,20210824,000000,513.5,530,496.4,517,42699,0
TEN,D,20210825,000000,521,538,515,537,8170,0
TEN,D,20210826,000000,537.5,545,528,531,7497,0
TEN,D,20210827,000000,531.5,541,528,540,2808,0
TEN,D,20210830,000000,540,541.5,517,517,11371,0
TEN,D,20210831,000000,518.5,530,513,513,9306,0
TEN,D,20210901,000000,513,525,513,522.5,4157,0
TEN,D,20210902,000000,522.5,537.5,515.5,535,21635,0
TEN,D,20210903,000000,536,537,527,534,2364,0
TEN,D,20210906,000000,539,547.5,536,545,7352,0
TEN,D,20210907,000000,545,554.5,542,553.5,32522,0
TEN,D,20210908,000000,554.5,555,531.5,540,13479,0
TEN,D,20210909,000000,539.5,553,526.5,550,17520,0
TEN,D,20210910,000000,555,558.5,544.5,551.5,26139,0
TEN,D,20210913,000000,554,554,549,550.5,14611,0
TEN,D,20210914,000000,551.5,554.5,547,550,5910,0
TEN,D,20210915,000000,551,551,544,545.5,4813,0
TEN,D,20210916,000000,549,550,544,547,12794,0
TEN,D,20210917,000000,548.5,554.5,545.5,550,26590,0
TEN,D,20210920,000000,550,550,525,527,6374,0
TEN,D,20210921,000000,524.5,534.5,524.5,531.5,4456,0
TEN,D,20210922,000000,533,538,527.5,528.5,6406,0
TEN,D,20210923,000000,530.5,539,529.5,535.5,7432,0
TEN,D,20210924,000000,540,540.5,525,527.5,5719,0
TEN,D,20210927,000000,525,530.5,522,523,4999,0
TEN,D,20210928,000000,521.5,526,516,516,8880,0
TEN,D,20210929,000000,517,522.5,512,518.5,15184,0
TEN,D,20210930,000000,520,529,518.5,526.5,9329,0
TEN,D,20211001,000000,525,528,515,516.5,8866,0
TEN,D,20211004,000000,522,522,493.2,499.8,24980,0
TEN,D,20211005,000000,499.8,505,492.2,499.8,16848,0
TEN,D,20211006,000000,504,504,466.2,480,45415,0
TEN,D,20211007,000000,481,493.8,481,492,24129,0
TEN,D,20211008,000000,490,495,486,493,10852,0
TEN,D,20211011,000000,494.8,509,493,503,49729,0
TEN,D,20211012,000000,430,436,400,403,354481,0
TEN,D,20211013,000000,405,413.6,396.4,399.8,65302,0
TEN,D,20211014,000000,402,407.8,396.2,400,30402,0
TEN,D,20211015,000000,403.8,403.8,375.6,380,71028,0
TEN,D,20211018,000000,380,389,375.6,378,61395,0
TEN,D,20211019,000000,378,378.4,362.2,364.8,76523,0
TEN,D,20211020,000000,364.8,368.8,350.4,355,47035,0
TEN,D,20211021,000000,355,356.8,344.2,347.6,84551,0
TEN,D,20211022,000000,347.8,362,347,355,34965,0
TEN,D,20211025,000000,361,366.8,352.8,355,30304,0
TEN,D,20211026,000000,356,359.6,350.8,358,25526,0
TEN,D,20211027,000000,359.8,359.8,351,354.4,21685,0
TEN,D,20211028,000000,354,368,351.2,364,36216,0
TEN,D,20211029,000000,368,368,351.2,353.2,18317,0
TEN,D,20211102,000000,354,357,335.4,341.4,28613,0
TEN,D,20211103,000000,342,346.2,340,344,31916,0
TEN,D,20211104,000000,348,352.8,338.8,352.6,15092,0
TEN,D,20211105,000000,352.6,359.6,348,350.6,16933,0
TEN,D,20211108,000000,354,355,350.6,350.6,10623,0
TEN,D,20211109,000000,350,350.4,339.2,342.2,10900,0
TEN,D,20211110,000000,347,349.6,335.2,338,21662,0
TEN,D,20211112,000000,339,346.8,339,346.2,9641,0
TEN,D,20211115,000000,350.8,356,349.4,351,20299,0
TEN,D,20211116,000000,353,356.2,350,350.4,9659,0
TEN,D,20211117,000000,353.8,353.8,340,341.2,11282,0
TEN,D,20211118,000000,342.4,353,337,347.8,24663,0
TEN,D,20211119,000000,351.4,368,349.4,353.4,35753,0
TEN,D,20211122,000000,357.8,357.8,338,345,22362,0
TEN,D,20211123,000000,340,382,340,379.8,107395,0
TEN,D,20211124,000000,385,385,358,361,46086,0
TEN,D,20211125,000000,362,366.8,350,352,15339,0
TEN,D,20211126,000000,346.2,372,343.2,370,26775,0
TEN,D,20211129,000000,374.8,374.8,355.2,356.6,42376,0
TEN,D,20211130,000000,355,358,350.6,351,18058,0
TEN,D,20211201,000000,353,355.8,348.4,351,16516,0
TEN,D,20211202,000000,351,354,344.2,344.2,7539,0
TEN,D,20211203,000000,348.6,352.4,345.6,352.4,12557,0
TEN,D,20211206,000000,355,357.8,341,341,16924,0
TEN,D,20211207,000000,345,356,344.8,349,22423,0
TEN,D,20211208,000000,351,357.8,349,354,14605,0
TEN,D,20211209,000000,354,356.6,349.2,349.2,11240,0
TEN,D,20211210,000000,349.6,352.8,341.6,343,19424,0
TEN,D,20211213,000000,344.8,344.8,338,340.8,15169,0
TEN,D,20211214,000000,341.6,343,321.6,337,45043,0
TEN,D,20211215,000000,339,339,316,316,26970,0
TEN,D,20211216,000000,320,331.8,313,328,27043,0
TEN,D,20211217,000000,323.4,325.6,316.4,320.2,30680,0
TEN,D,20211220,000000,319.2,324.2,312.6,324,14660,0
TEN,D,20211221,000000,324.6,332,318.6,332,21600,0
TEN,D,20211222,000000,331.6,350,331.6,350,19149,0
TEN,D,20211223,000000,353,354.4,343.6,353,10158,0
TEN,D,20211227,000000,353,353,337.8,342,18072,0
TEN,D,20211228,000000,342,351.4,340.6,349.6,21805,0
TEN,D,20211229,000000,349.6,358,346.8,349,13126,0
TEN,D,20211230,000000,351.8,354,346,349,21344,0
TEN,D,20220103,000000,355,370,352.2,369,16884,0
TEN,D,20220104,000000,370,381.8,367,377,46267,0
TEN,D,20220105,000000,376.8,376.8,358.4,359,16922,0
TEN,D,20220107,000000,364.8,366,359.6,361.8,12093,0
TEN,D,20220110,000000,366.8,385.6,360.2,380,47612,0
TEN,D,20220111,000000,382,392.8,381,387.8,36490,0
TEN,D,20220112,000000,392,393.6,381,386,12257,0
TEN,D,20220113,000000,386.4,390,372,375,14187,0
TEN,D,20220114,000000,375,381.8,369,370.6,12790,0
TEN,D,20220117,000000,374.6,380,370.2,371,7524,0
TEN,D,20220118,000000,371,376.8,361,367.6,10562,0
TEN,D,20220119,000000,365,365,355,355,16692,0
TEN,D,20220120,000000,323,332,315,317,193372,0
TEN,D,20220121,000000,315,322,295.2,296.2,131986,0
TEN,D,20220124,000000,296,304.8,272.4,280,74403,0
TEN,D,20220125,000000,284.8,287.6,250,250,180703,0
TEN,D,20220126,000000,249.8,259.6,233.6,240,368706,0
TEN,D,20220127,000000,238.8,259.2,235,251,189730,0
TEN,D,20220128,000000,252,253,233.2,233.8,124310,0
TEN,D,20220131,000000,244,253.6,241.2,252,85922,0
TEN,D,20220201,000000,256.4,263.4,238.6,244,111292,0
TEN,D,20220202,000000,246,258.8,243,256.6,57423,0
TEN,D,20220203,000000,255.4,255.4,247,250.2,44525,0
TEN,D,20220204,000000,249.8,251.8,242.4,246.4,32851,0
TEN,D,20220207,000000,249.6,251.4,241,247.4,30904,0
TEN,D,20220208,000000,248.8,250.2,236,241,46687,0
TEN,D,20220209,000000,241,250.8,240,250.2,29436,0
TEN,D,20220210,000000,251,251.8,240.2,248,46306,0
TEN,D,20220211,000000,243.6,249.4,239.6,248,30872,0
TEN,D,20220214,000000,241.4,244,227.6,231.2,96530,0
TEN,D,20220215,000000,231.2,239.8,231.2,236.8,29878,0
TEN,D,20220216,000000,238,244,231.2,231.2,21749,0
TEN,D,20220217,000000,232,232.8,220.2,221,51678,0
TEN,D,20220218,000000,221.8,224,212.4,216,66364,0
TEN,D,20220221,000000,219,219,204.8,209.2,61175,0
TEN,D,20220222,000000,203.2,213.6,201.6,211.2,48783,0
TEN,D,20220223,000000,212.2,217,201.4,201.6,42124,0
TEN,D,20220224,000000,185,192.9,167.8,188.6,98938,0
TEN,D,20220225,000000,196,205,190,203.8,45228,0
TEN,D,20220228,000000,195,213.8,193,213.8,40299,0
TEN,D,20220301,000000,214.6,217.6,212,213,32465,0
TEN,D,20220302,000000,213,215.6,206,213,21903,0
TEN,D,20220303,000000,215.6,216.2,207.2,210,19442,0
TEN,D,20220304,000000,207,211,200,203,24920,0
TEN,D,20220307,000000,195.3,203.4,186.8,201,28190,0
TEN,D,20220308,000000,201,207,192.4,197.1,29467,0
TEN,D,20220309,000000,198.2,206.4,198.2,205,26585,0
TEN,D,20220310,000000,208.2,214,203.2,210,21719,0
TEN,D,20220311,000000,214.8,222.2,211,214.6,30630,0
TEN,D,20220314,000000,216,220,211,214,23819,0
TEN,D,20220315,000000,213.8,213.8,205.2,207.4,24510,0
TEN,D,20220316,000000,210.2,215,205.6,206,30968,0
TEN,D,20220317,000000,212,225,208.2,221,72460,0
TEN,D,20220318,000000,226,226,216,219,27039,0
TEN,D,20220321,000000,222,228.2,218.4,223,24777,0
TEN,D,20220322,000000,223,223,216.6,218.6,35076,0
TEN,D,20220323,000000,218.6,221,212,212.6,14482,0
TEN,D,20220324,000000,215.2,220,211.6,219.2,9677,0
TEN,D,20220325,000000,220.8,224.8,216.8,217.8,23851,0
TEN,D,20220328,000000,219.8,220.8,211.4,211.8,31973,0
TEN,D,20220329,000000,213.8,219,212.6,215.4,15246,0
TEN,D,20220330,000000,216,219.4,214.4,217.8,13808,0
TEN,D,20220331,000000,212,214.8,196.2,196.2,83902,0
TEN,D,20220401,000000,199.7,207,197,201,35145,0
TEN,D,20220404,000000,206.8,206.8,197,199.5,22554,0
TEN,D,20220405,000000,201.8,201.8,193.2,196,16617,0
TEN,D,20220406,000000,193.2,195.3,185.6,186.1,27965,0
TEN,D,20220407,000000,185,186.1,159.1,160,241535,0
TEN,D,20220408,000000,162,164.7,153.1,159,94435,0
TEN,D,20220411,000000,159,168.9,158,168,56870,0
TEN,D,20220412,000000,167.6,167.6,156.5,157,48187,0
TEN,D,20220413,000000,158.8,165.2,155.4,164.4,36334,0
TEN,D,20220414,000000,165,176.5,160.1,174.6,57096,0
TEN,D,20220419,000000,177.5,178,167.2,173,48051,0
TEN,D,20220420,000000,175,175,160.1,160.7,36997,0
TEN,D,20220421,000000,162,165.8,160,160.1,20806,0
TEN,D,20220422,000000,162,163.9,157,158.9,24599,0
