<TICKER>,<PER>,<DATE>,<TIME>,<OPEN>,<HIGH>,<LOW>,<CLOSE>,<VOL>,<OPENINT>
ULG,D,20180615,000000,8.8358,9.1088,5.8478,7.2869,371886,0
ULG,D,20180618,000000,7.0319,8.4256,7.0319,7.1959,120203,0
ULG,D,20180619,000000,7.1959,7.2597,6.367,6.6311,57445,0
ULG,D,20180620,000000,6.4034,6.4034,5.4653,5.4835,97919,0
ULG,D,20180621,000000,5.6929,7.5147,5.6929,7.0775,150902,0
ULG,D,20180622,000000,7.4236,8.1523,7.0775,7.2869,125063,0
ULG,D,20180625,000000,7.4965,7.5602,6.8315,6.8315,23893,0
ULG,D,20180626,000000,7.0137,7.1048,6.6584,7.0684,18568,0
ULG,D,20180627,000000,6.9226,7.0684,6.7131,6.9499,14139,0
ULG,D,20180628,000000,6.9408,6.9408,6.1483,6.6494,24841,0
ULG,D,20180629,000000,6.6494,6.6494,6.1119,6.2849,26675,0
ULG,D,20180702,000000,6.2849,6.54,6.2849,6.3761,11770,0
ULG,D,20180703,000000,6.3761,6.5218,6.2849,6.5127,4180,0
ULG,D,20180704,000000,6.5036,6.8315,6.5036,6.704,7320,0
ULG,D,20180705,000000,6.8315,7.1503,6.7404,7.0228,24550,0
ULG,D,20180706,000000,7.1503,7.1503,6.7496,6.959,11488,0
ULG,D,20180709,000000,6.8862,6.8862,6.6128,6.7222,8100,0
ULG,D,20180710,000000,6.7951,7.0592,6.6494,6.8771,12298,0
ULG,D,20180711,000000,6.9954,7.7424,6.959,7.2778,48783,0
ULG,D,20180712,000000,7.378,7.451,7.1048,7.2778,14165,0
ULG,D,20180713,000000,7.2778,7.2869,7.0592,7.2869,3476,0
ULG,D,20180716,000000,7.5147,7.542,7.1776,7.1959,11706,0
ULG,D,20180717,000000,7.2597,7.3872,7.1139,7.3598,4692,0
ULG,D,20180718,000000,7.2869,7.378,7.0319,7.3507,16595,0
ULG,D,20180719,000000,7.3598,7.3963,7.1503,7.378,8019,0
ULG,D,20180720,000000,7.3689,7.378,7.1959,7.2414,5900,0
ULG,D,20180723,000000,7.378,7.378,7.1048,7.3325,15352,0
ULG,D,20180724,000000,7.205,7.2414,7.0137,7.2414,13704,0
ULG,D,20180725,000000,7.0137,7.2869,7.0137,7.2687,12899,0
ULG,D,20180726,000000,7.1048,7.3142,7.0865,7.3142,14780,0
ULG,D,20180727,000000,7.2869,7.5511,7.2141,7.5329,36343,0
ULG,D,20180730,000000,8.0339,9.1088,7.9337,8.9267,199199,0
ULG,D,20180731,000000,9.1088,9.655,8.6533,9.0177,114247,0
ULG,D,20180801,000000,9.0909,9.1088,8.4438,8.5258,21448,0
ULG,D,20180802,000000,8.3801,8.6169,7.9428,8.462,36792,0
ULG,D,20180803,000000,8.3801,8.7444,8.1979,8.5076,16688,0
ULG,D,20180806,000000,8.5804,8.5804,8.3891,8.4984,12536,0
ULG,D,20180807,000000,8.5622,8.5622,7.6513,8.3527,14075,0
ULG,D,20180808,000000,8.3801,8.6533,8.1979,8.544,16688,0
ULG,D,20180809,000000,8.5622,8.6078,8.3527,8.4711,5747,0
ULG,D,20180810,000000,8.5167,9.0177,8.3435,8.6989,21431,0
ULG,D,20180813,000000,9.0628,10.02,8.9267,9.4184,70479,0
ULG,D,20180814,000000,9.565,9.746,9.4005,9.4362,52653,0
ULG,D,20180816,000000,9.583,9.583,8.9455,9.2551,50503,0
ULG,D,20180817,000000,9.272,9.3818,9.1003,9.2551,41979,0
ULG,D,20180820,000000,9.6,11.842,9.565,11.842,122135,0
ULG,D,20180821,000000,11.677,11.842,10.84,11.387,101140,0
ULG,D,20180822,000000,11.204,13.39,11.204,11.751,171358,0
ULG,D,20180823,000000,12.206,12.662,10.821,10.84,206062,0
ULG,D,20180824,000000,10.84,11.313,9.4184,9.746,351047,0
ULG,D,20180827,000000,10.912,11.477,10.476,11.331,109729,0
ULG,D,20180828,000000,11.477,11.751,11.113,11.387,45526,0
ULG,D,20180829,000000,11.477,11.696,10.129,11.331,41496,0
ULG,D,20180830,000000,11.331,11.659,11.021,11.331,22039,0
ULG,D,20180831,000000,10.038,11.04,10.038,10.676,45142,0
ULG,D,20180903,000000,10.676,10.676,9.565,9.746,51787,0
ULG,D,20180904,000000,9.4737,10.384,9.1088,9.728,50990,0
ULG,D,20180905,000000,9.565,10.238,9.4737,9.838,32911,0
ULG,D,20180906,000000,9.71,10.457,9.655,10.22,46145,0
ULG,D,20180907,000000,10.366,11.751,10.111,11.277,45019,0
ULG,D,20180910,000000,11.277,11.732,10.566,10.931,35073,0
ULG,D,20180911,000000,10.949,11.258,10.585,10.73,11714,0
ULG,D,20180912,000000,10.749,11.021,10.749,10.912,6450,0
ULG,D,20180913,000000,10.931,10.931,10.585,10.694,9202,0
ULG,D,20180914,000000,10.749,11.331,10.749,11.04,26715,0
ULG,D,20180917,000000,10.785,11.113,10.621,10.785,12726,0
ULG,D,20180918,000000,10.585,11.113,10.476,10.894,15230,0
ULG,D,20180919,000000,10.894,10.894,10.493,10.84,8482,0
ULG,D,20180920,000000,10.749,10.875,10.585,10.84,7169,0
ULG,D,20180921,000000,10.711,11.422,10.711,11.021,37153,0
ULG,D,20180924,000000,11.113,11.167,10.657,11.021,19196,0
ULG,D,20180925,000000,11.094,11.094,10.84,10.931,8187,0
ULG,D,20180926,000000,10.84,10.931,10.711,10.912,6262,0
ULG,D,20180927,000000,10.912,11.167,10.912,11.167,5219,0
ULG,D,20180928,000000,11.149,11.167,10.711,10.931,3507,0
ULG,D,20181001,000000,10.767,10.858,10.129,10.129,19135,0
ULG,D,20181002,000000,10.256,10.476,10.129,10.256,7899,0
ULG,D,20181003,000000,10.22,10.402,10.129,10.384,5337,0
ULG,D,20181004,000000,10.384,10.84,10.384,10.73,3798,0
ULG,D,20181005,000000,10.73,11.185,10.476,11.131,21362,0
ULG,D,20181008,000000,11.113,11.204,10.785,10.912,12385,0
ULG,D,20181009,000000,10.912,10.912,10.476,10.476,12242,0
ULG,D,20181010,000000,10.384,10.602,10.22,10.384,7981,0
ULG,D,20181011,000000,10.02,10.02,8.7353,9.1088,69572,0
ULG,D,20181012,000000,9.1266,10.02,9.1266,10.02,16119,0
ULG,D,20181015,000000,10.02,10.02,9.4906,9.71,7944,0
ULG,D,20181016,000000,9.4906,10.384,9.4906,10.311,19958,0
ULG,D,20181017,000000,10.476,10.73,10.093,10.366,16414,0
ULG,D,20181018,000000,10.384,10.821,10.02,10.566,16125,0
ULG,D,20181019,000000,10.22,10.785,10.22,10.476,7149,0
ULG,D,20181022,000000,10.84,11.349,10.384,11.021,68194,0
ULG,D,20181023,000000,11.204,12.57,11.076,11.659,208527,0
ULG,D,20181024,000000,11.932,12.388,11.696,12.26,69225,0
ULG,D,20181025,000000,11.842,11.896,10.931,11.532,54386,0
ULG,D,20181026,000000,11.732,11.732,10.985,10.985,31658,0
ULG,D,20181029,000000,10.894,11.021,10.328,10.931,28754,0
ULG,D,20181030,000000,10.931,11.387,10.566,11.295,14385,0
ULG,D,20181031,000000,11.295,11.477,10.931,11.349,21195,0
ULG,D,20181102,000000,11.349,11.659,11.058,11.604,22954,0
ULG,D,20181105,000000,11.623,12.024,11.604,11.805,35353,0
ULG,D,20181106,000000,11.751,12.26,11.713,12.187,36545,0
ULG,D,20181107,000000,12.297,12.57,12.115,12.534,45830,0
ULG,D,20181108,000000,12.588,13.208,12.132,13.19,64354,0
ULG,D,20181109,000000,13.3,13.845,12.679,12.844,72027,0
ULG,D,20181113,000000,12.753,13.372,11.932,13.117,51839,0
ULG,D,20181114,000000,13.535,13.626,13.208,13.462,21467,0
ULG,D,20181115,000000,13.3,13.39,12.662,13.19,21495,0
ULG,D,20181116,000000,13.117,13.117,11.659,13.043,47099,0
ULG,D,20181119,000000,12.934,13.19,12.206,12.534,17853,0
ULG,D,20181120,000000,12.734,12.734,11.623,11.842,27912,0
ULG,D,20181121,000000,11.477,12.279,11.313,11.987,32842,0
ULG,D,20181122,000000,11.842,12.224,11.659,12.206,7604,0
ULG,D,20181123,000000,11.859,12.57,11.842,12.297,12201,0
ULG,D,20181126,000000,12.297,12.989,12.041,12.552,11421,0
ULG,D,20181127,000000,12.552,12.624,12.224,12.552,7240,0
ULG,D,20181128,000000,12.388,12.534,12.115,12.388,11585,0
ULG,D,20181129,000000,12.57,12.57,12.37,12.534,1984,0
ULG,D,20181130,000000,12.534,12.534,12.151,12.151,8316,0
ULG,D,20181203,000000,12.241,12.624,12.169,12.461,17571,0
ULG,D,20181204,000000,12.461,12.461,11.932,12.187,14271,0
ULG,D,20181205,000000,11.859,12.753,11.495,12.588,50319,0
ULG,D,20181206,000000,12.57,12.734,12.206,12.497,15402,0
ULG,D,20181207,000000,12.534,12.534,12.206,12.388,6040,0
ULG,D,20181210,000000,12.479,12.479,11.713,11.786,20752,0
ULG,D,20181211,000000,11.842,11.842,11.295,11.696,10890,0
ULG,D,20181212,000000,11.768,12.079,11.568,11.823,5458,0
ULG,D,20181213,000000,11.568,11.823,11.422,11.422,5027,0
ULG,D,20181214,000000,11.204,11.696,11.204,11.422,4834,0
ULG,D,20181217,000000,11.422,11.477,11.185,11.204,2911,0
ULG,D,20181218,000000,11.131,11.131,10.476,10.694,34770,0
ULG,D,20181219,000000,10.84,10.894,9.838,10.02,33157,0
ULG,D,20181220,000000,10.038,10.749,10.038,10.202,17840,0
ULG,D,20181221,000000,10.202,10.657,10.02,10.493,24461,0
ULG,D,20181227,000000,11.331,11.331,10.476,10.657,7917,0
ULG,D,20181228,000000,10.639,10.912,10.566,10.894,6588,0
ULG,D,20190102,000000,11.295,11.641,10.84,11.331,14385,0
ULG,D,20190103,000000,11.331,11.422,11.021,11.113,15369,0
ULG,D,20190104,000000,11.477,11.477,10.931,11.24,3799,0
ULG,D,20190107,000000,11.368,11.659,11.258,11.659,14310,0
ULG,D,20190108,000000,11.677,12.187,11.677,12.079,12068,0
ULG,D,20190109,000000,12.079,12.241,11.696,12.06,8827,0
ULG,D,20190110,000000,11.987,12.169,11.842,12.169,8727,0
ULG,D,20190111,000000,12.187,12.424,11.932,12.224,16001,0
ULG,D,20190114,000000,12.224,12.351,11.969,12.351,26128,0
ULG,D,20190115,000000,12.424,14.1,12.424,13.481,97480,0
ULG,D,20190116,000000,13.481,14.829,13.481,14.666,142440,0
ULG,D,20190117,000000,14.666,15.539,14.227,14.446,113988,0
ULG,D,20190118,000000,14.537,14.975,14.137,14.537,43963,0
ULG,D,20190121,000000,15.03,15.467,14.61,15.43,76562,0
ULG,D,20190122,000000,15.485,16.159,15.121,15.303,69061,0
ULG,D,20190123,000000,15.175,16.305,15.065,15.448,55514,0
ULG,D,20190124,000000,15.503,15.503,14.373,14.574,90747,0
ULG,D,20190125,000000,14.738,14.847,13.772,14.246,68628,0
ULG,D,20190128,000000,14.283,14.465,13.937,14.009,69346,0
ULG,D,20190129,000000,14.119,14.318,13.755,13.845,30243,0
ULG,D,20190130,000000,14.41,15.485,14.028,15.011,74612,0
ULG,D,20190131,000000,14.939,15.248,14.574,14.756,37523,0
ULG,D,20190201,000000,15.412,15.412,14.574,14.574,47053,0
ULG,D,20190204,000000,14.939,14.939,14.064,14.41,57941,0
ULG,D,20190205,000000,14.301,14.483,13.937,14.119,23513,0
ULG,D,20190206,000000,14.301,14.829,14.137,14.318,32543,0
ULG,D,20190207,000000,14.574,14.574,14.064,14.301,36942,0
ULG,D,20190208,000000,14.21,14.373,14.028,14.301,29318,0
ULG,D,20190211,000000,14.373,14.373,14.028,14.21,19726,0
ULG,D,20190212,000000,14.064,14.337,14.064,14.119,17620,0
ULG,D,20190213,000000,14.137,15.03,14.137,14.847,41824,0
ULG,D,20190214,000000,15.211,15.266,14.884,15.065,47666,0
ULG,D,20190215,000000,15.211,15.211,14.574,14.939,23865,0
ULG,D,20190218,000000,14.939,15.229,14.574,15.03,22713,0
ULG,D,20190219,000000,14.902,14.993,14.574,14.902,19066,0
ULG,D,20190220,000000,14.847,14.865,14.556,14.865,14135,0
ULG,D,20190221,000000,14.865,14.993,14.72,14.92,9012,0
ULG,D,20190222,000000,14.939,15.03,14.92,15.03,10418,0
ULG,D,20190225,000000,15.32,15.375,14.975,15.157,21079,0
ULG,D,20190226,000000,15.194,15.194,14.829,15.03,20928,0
ULG,D,20190227,000000,15.03,15.976,14.92,15.941,56530,0
ULG,D,20190228,000000,16.049,16.924,15.612,16.724,101677,0
ULG,D,20190301,000000,16.724,17.216,16.396,16.887,62472,0
ULG,D,20190304,000000,16.869,17.124,16.414,17.016,19841,0
ULG,D,20190305,000000,17.034,18.163,17.034,17.671,82373,0
ULG,D,20190306,000000,17.671,18.018,17.398,17.58,51480,0
ULG,D,20190307,000000,17.489,17.762,17.124,17.27,37007,0
ULG,D,20190308,000000,17.142,17.799,16.852,17.398,53090,0
ULG,D,20190311,000000,17.799,20.949,17.799,18.673,227943,0
ULG,D,20190312,000000,19.265,20.858,18.855,19.219,137150,0
ULG,D,20190313,000000,19.219,19.538,17.944,18.673,119228,0
ULG,D,20190314,000000,18.491,20.175,18.445,19.993,85199,0
ULG,D,20190315,000000,20.039,20.494,19.583,20.175,47567,0
ULG,D,20190318,000000,20.403,20.449,19.265,19.583,52539,0
ULG,D,20190319,000000,19.492,19.492,18.127,19.083,133989,0
ULG,D,20190320,000000,19.128,19.538,18.491,18.764,30860,0
ULG,D,20190321,000000,18.764,19.766,18.491,19.447,55429,0
ULG,D,20190322,000000,19.629,19.766,19.174,19.447,16672,0
ULG,D,20190325,000000,19.128,19.31,18.764,18.946,29074,0
ULG,D,20190326,000000,19.174,19.265,18.855,19.265,11262,0
ULG,D,20190327,000000,19.219,19.219,18.809,18.809,19893,0
ULG,D,20190328,000000,18.992,19.128,18.536,19.037,38588,0
ULG,D,20190329,000000,19.037,20.358,18.764,20.221,99647,0
ULG,D,20190401,000000,20.085,20.449,19.629,20.175,40645,0
ULG,D,20190402,000000,19.993,20.403,19.674,20.039,34535,0
ULG,D,20190403,000000,20.085,20.312,19.766,19.948,23326,0
ULG,D,20190404,000000,19.948,19.948,19.674,19.902,18243,0
ULG,D,20190405,000000,19.857,19.993,19.538,19.811,13507,0
ULG,D,20190408,000000,19.674,19.72,18.536,18.855,45519,0
ULG,D,20190409,000000,18.809,19.265,17.452,19.265,113811,0
ULG,D,20190410,000000,18.992,19.72,18.992,19.447,33243,0
ULG,D,20190411,000000,19.401,19.401,19.037,19.219,13753,0
ULG,D,20190412,000000,19.174,19.401,18.673,19.037,11455,0
ULG,D,20190415,000000,19.128,19.538,19.083,19.31,9855,0
ULG,D,20190416,000000,19.31,19.447,19.083,19.265,10785,0
ULG,D,20190417,000000,19.265,20.221,19.128,19.674,46133,0
ULG,D,20190418,000000,19.857,19.902,19.174,19.583,8653,0
ULG,D,20190423,000000,19.356,20.768,19.356,20.768,62052,0
ULG,D,20190424,000000,20.949,21.132,20.494,21.041,57602,0
ULG,D,20190425,000000,20.813,21.314,20.722,21.086,22984,0
ULG,D,20190426,000000,21.223,21.223,20.585,20.904,16066,0
ULG,D,20190429,000000,20.677,20.949,20.175,20.768,16586,0
ULG,D,20190430,000000,20.858,20.904,20.312,20.904,15644,0
ULG,D,20190502,000000,21.041,21.177,20.722,20.722,17972,0
ULG,D,20190506,000000,20.768,20.904,20.312,20.904,24682,0
ULG,D,20190507,000000,20.904,21.086,20.494,20.494,9925,0
ULG,D,20190508,000000,20.54,20.722,19.857,20.54,20516,0
ULG,D,20190509,000000,20.585,20.677,20.175,20.175,10968,0
ULG,D,20190510,000000,20.221,20.449,19.219,19.857,17945,0
ULG,D,20190513,000000,20.039,20.039,18.4,19.037,50257,0
ULG,D,20190514,000000,19.083,19.492,17.489,18.855,21021,0
ULG,D,20190515,000000,18.855,19.766,17.853,19.766,49073,0
ULG,D,20190516,000000,20.403,20.403,19.31,19.811,23765,0
ULG,D,20190517,000000,19.492,19.538,18.764,19.538,13150,0
ULG,D,20190520,000000,19.265,19.447,18.536,18.764,19145,0
ULG,D,20190521,000000,18.4,18.627,17.307,18.053,45792,0
ULG,D,20190522,000000,17.944,18.181,17.398,18.181,9994,0
ULG,D,20190523,000000,17.853,18.127,17.398,17.689,15758,0
ULG,D,20190524,000000,17.398,18.018,15.703,17.762,30409,0
ULG,D,20190527,000000,17.98,17.98,17.416,17.616,10422,0
ULG,D,20190528,000000,17.616,17.944,17.434,17.944,7241,0
ULG,D,20190529,000000,17.944,17.999,16.943,17.434,22388,0
ULG,D,20190530,000000,17.398,19.128,17.342,18.673,45621,0
ULG,D,20190531,000000,18.764,18.764,17.853,18.09,13544,0
ULG,D,20190603,000000,17.889,18.018,17.124,17.525,14554,0
ULG,D,20190604,000000,17.216,17.398,16.76,17.38,12420,0
ULG,D,20190605,000000,17.307,17.307,16.214,16.541,33816,0
ULG,D,20190606,000000,16.378,16.742,16.122,16.742,19114,0
ULG,D,20190607,000000,17.034,17.816,16.487,17.707,24760,0
ULG,D,20190610,000000,17.671,17.671,16.906,17.342,15222,0
ULG,D,20190611,000000,17.489,18.127,17.051,18.035,10882,0
ULG,D,20190612,000000,18.218,18.673,17.307,17.653,18982,0
ULG,D,20190613,000000,17.762,17.908,17.307,17.762,9334,0
ULG,D,20190614,000000,17.835,17.853,17.434,17.671,5146,0
ULG,D,20190617,000000,17.707,17.944,17.307,17.58,11826,0
ULG,D,20190618,000000,17.58,17.635,17.307,17.452,7535,0
ULG,D,20190619,000000,17.452,17.689,17.307,17.58,3840,0
ULG,D,20190621,000000,17.562,18.108,17.38,17.671,6239,0
ULG,D,20190624,000000,17.58,18.4,17.58,18.072,15881,0
ULG,D,20190625,000000,18.035,18.199,17.853,18.199,6461,0
ULG,D,20190626,000000,18.309,18.445,18.127,18.199,10776,0
ULG,D,20190627,000000,18.181,18.673,18.127,18.582,16421,0
ULG,D,20190628,000000,18.906,19.277,18.72,19.277,12509,0
ULG,D,20190701,000000,19.833,19.926,19.277,19.462,17545,0
ULG,D,20190702,000000,19.647,19.647,18.767,19.462,4010,0
ULG,D,20190703,000000,19.092,19.647,18.999,19.277,7148,0
ULG,D,20190704,000000,19.277,19.277,18.72,19.138,5335,0
ULG,D,20190705,000000,18.999,19.138,18.86,19.092,4102,0
ULG,D,20190708,000000,19.092,19.462,18.813,19.184,10962,0
ULG,D,20190709,000000,19.231,19.231,18.767,18.999,5597,0
ULG,D,20190710,000000,18.952,18.952,18.767,18.906,4761,0
ULG,D,20190711,000000,18.767,18.952,18.536,18.952,10843,0
ULG,D,20190712,000000,18.906,18.906,18.35,18.628,5395,0
ULG,D,20190715,000000,18.387,18.536,18.313,18.313,5780,0
ULG,D,20190716,000000,18.294,19.554,18.22,18.674,30512,0
ULG,D,20190717,000000,19.092,19.416,18.906,19.324,20012,0
ULG,D,20190718,000000,19.416,19.416,19.045,19.37,7601,0
ULG,D,20190719,000000,19.37,19.37,19.138,19.231,5569,0
ULG,D,20190722,000000,19.554,20.25,19.37,19.462,29469,0
ULG,D,20190723,000000,19.647,19.972,19.554,19.833,11477,0
ULG,D,20190724,000000,19.833,20.018,19.647,19.926,9014,0
ULG,D,20190725,000000,20.204,20.204,19.786,20.065,10818,0
ULG,D,20190726,000000,20.111,21.131,19.786,21.131,51291,0
ULG,D,20190729,000000,21.594,21.733,20.806,21.501,48267,0
ULG,D,20190730,000000,21.965,21.965,19.972,20.389,66888,0
ULG,D,20190731,000000,19.833,20.204,19.37,20.111,61237,0
ULG,D,20190801,000000,20.111,20.111,19.231,19.554,45239,0
ULG,D,20190802,000000,19.37,19.833,18.35,19.647,54260,0
ULG,D,20190805,000000,19.462,19.462,18.628,18.906,15792,0
ULG,D,20190806,000000,18.906,19.37,18.628,19.231,17204,0
ULG,D,20190807,000000,19.37,19.37,18.767,19.231,17254,0
ULG,D,20190808,000000,18.767,19.416,18.72,19.184,15239,0
ULG,D,20190809,000000,19.138,19.138,18.294,18.813,26890,0
ULG,D,20190812,000000,18.48,18.767,18.406,18.72,10404,0
ULG,D,20190813,000000,18.999,18.999,17.738,18.146,17913,0
ULG,D,20190814,000000,18.165,18.257,17.831,17.905,10848,0
ULG,D,20190816,000000,17.998,18.906,17.979,18.906,9617,0
ULG,D,20190819,000000,18.813,19.138,18.536,18.999,13196,0
ULG,D,20190820,000000,18.999,19.092,18.72,19.092,5258,0
ULG,D,20190821,000000,19.277,19.277,18.906,19.184,10419,0
ULG,D,20190822,000000,19.184,19.184,18.072,19.092,12971,0
ULG,D,20190823,000000,19.092,19.092,18.628,19.092,5828,0
ULG,D,20190826,000000,18.952,18.999,18.406,18.999,8841,0
ULG,D,20190827,000000,18.86,19.092,18.628,18.813,13188,0
ULG,D,20190828,000000,18.813,18.86,18.424,18.674,14045,0
ULG,D,20190829,000000,18.72,18.86,18.461,18.674,18265,0
ULG,D,20190830,000000,18.628,18.628,18.424,18.628,14710,0
ULG,D,20190902,000000,18.443,18.48,17.886,18.146,22382,0
ULG,D,20190903,000000,18.072,18.257,17.72,18.072,13176,0
ULG,D,20190904,000000,18.165,18.165,17.609,17.979,16559,0
ULG,D,20190905,000000,17.96,18.072,17.664,18.072,12411,0
ULG,D,20190906,000000,18.536,18.536,17.85,17.886,24177,0
ULG,D,20190909,000000,18.127,18.127,17.145,17.423,63214,0
ULG,D,20190910,000000,17.405,17.535,17.201,17.312,8271,0
ULG,D,20190911,000000,17.423,17.886,17.275,17.794,23210,0
ULG,D,20190912,000000,18.053,19.277,18.017,19.092,67840,0
ULG,D,20190913,000000,18.952,19.694,18.406,18.906,42248,0
ULG,D,20190916,000000,18.952,18.952,18.35,18.72,19219,0
ULG,D,20190917,000000,18.86,18.86,18.35,18.582,15119,0
ULG,D,20190918,000000,18.628,18.628,18.091,18.091,19993,0
ULG,D,20190919,000000,17.702,18.35,17.646,17.96,15045,0
ULG,D,20190920,000000,17.943,18.053,17.683,18.035,14200,0
ULG,D,20190923,000000,18.072,18.072,17.627,17.683,11822,0
ULG,D,20190924,000000,17.869,17.869,17.59,17.794,9047,0
ULG,D,20190925,000000,17.886,18.017,17.571,17.776,13583,0
ULG,D,20190926,000000,17.924,17.924,17.646,17.905,5759,0
ULG,D,20190927,000000,17.96,17.979,17.627,17.831,8570,0
ULG,D,20190930,000000,17.664,17.812,17.201,17.609,21707,0
ULG,D,20191001,000000,17.609,17.702,17.275,17.516,9531,0
ULG,D,20191002,000000,17.979,17.979,16.719,16.775,23945,0
ULG,D,20191003,000000,16.682,17.275,16.682,17.016,29791,0
ULG,D,20191004,000000,17.405,17.516,17.126,17.238,6887,0
ULG,D,20191007,000000,17.238,17.331,16.775,16.811,8589,0
ULG,D,20191008,000000,16.942,17.201,16.942,17.016,5919,0
ULG,D,20191009,000000,17.126,17.201,16.719,17.201,5589,0
ULG,D,20191010,000000,17.201,17.257,16.904,17.109,10980,0
ULG,D,20191011,000000,17.238,17.238,16.997,17.201,11111,0
ULG,D,20191014,000000,17.312,17.331,16.942,17.331,12312,0
ULG,D,20191015,000000,17.219,17.776,16.978,17.59,10285,0
ULG,D,20191016,000000,17.609,18.461,17.609,18.35,20413,0
ULG,D,20191017,000000,18.424,18.424,18.127,18.369,25086,0
ULG,D,20191018,000000,18.35,18.35,17.85,17.943,17740,0
ULG,D,20191021,000000,18.072,18.072,17.442,17.812,9129,0
ULG,D,20191022,000000,17.812,17.812,17.145,17.423,16867,0
ULG,D,20191023,000000,17.386,17.386,16.923,17.145,14667,0
ULG,D,20191024,000000,16.96,17.312,16.867,17.145,14301,0
ULG,D,20191025,000000,17.145,17.145,16.849,17.109,9626,0
ULG,D,20191028,000000,16.885,17.126,16.589,16.775,21686,0
ULG,D,20191029,000000,16.682,16.96,16.311,16.811,19171,0
ULG,D,20191030,000000,16.849,16.96,16.33,16.682,25459,0
ULG,D,20191031,000000,16.719,16.719,16.089,16.682,37592,0
ULG,D,20191104,000000,16.942,16.942,16.459,16.83,11940,0
ULG,D,20191105,000000,16.867,17.034,16.533,16.682,17559,0
ULG,D,20191106,000000,16.663,16.942,16.366,16.663,17971,0
ULG,D,20191107,000000,16.682,16.682,15.848,15.848,22144,0
ULG,D,20191108,000000,16.349,16.404,15.681,16.182,21201,0
ULG,D,20191112,000000,16.497,16.663,16.311,16.497,4649,0
ULG,D,20191113,000000,16.645,16.645,15.941,15.996,11240,0
ULG,D,20191114,000000,16.311,16.497,16.033,16.311,6919,0
ULG,D,20191115,000000,16.275,16.589,16.275,16.497,6825,0
ULG,D,20191118,000000,16.497,17.09,16.311,16.867,13379,0
ULG,D,20191119,000000,17.034,17.423,16.96,17.201,21483,0
ULG,D,20191120,000000,17.293,17.293,16.682,16.737,7738,0
ULG,D,20191121,000000,16.96,17.979,16.904,17.831,39230,0
ULG,D,20191122,000000,17.96,18.072,16.83,17.016,47876,0
ULG,D,20191125,000000,17.331,17.331,16.608,16.942,17684,0
ULG,D,20191126,000000,16.942,16.942,16.719,16.83,4871,0
ULG,D,20191127,000000,16.96,16.96,16.571,16.719,7932,0
ULG,D,20191128,000000,16.7,16.849,16.608,16.775,3419,0
ULG,D,20191129,000000,16.923,17.052,16.663,17.034,10084,0
ULG,D,20191202,000000,17.09,17.09,16.663,16.867,10136,0
ULG,D,20191203,000000,16.867,16.867,16.663,16.775,11427,0
ULG,D,20191204,000000,16.719,16.867,16.571,16.775,19003,0
ULG,D,20191205,000000,16.849,17.109,16.682,16.775,15268,0
ULG,D,20191206,000000,16.96,16.96,16.645,16.867,6363,0
ULG,D,20191209,000000,16.867,16.867,16.682,16.7,4204,0
ULG,D,20191210,000000,16.811,16.811,16.626,16.719,4753,0
ULG,D,20191211,000000,16.719,16.83,16.589,16.682,16119,0
ULG,D,20191212,000000,16.682,17.423,16.682,17.423,54933,0
ULG,D,20191213,000000,17.609,17.943,17.238,17.479,51127,0
ULG,D,20191216,000000,17.609,17.702,17.09,17.293,25544,0
ULG,D,20191217,000000,17.349,17.349,16.904,17.331,19771,0
ULG,D,20191218,000000,17.535,17.794,17.164,17.59,17904,0
ULG,D,20191219,000000,17.609,18.239,17.609,18.017,45693,0
ULG,D,20191220,000000,18.072,18.127,17.702,17.943,9532,0
ULG,D,20191223,000000,17.943,18.165,17.609,17.646,18680,0
ULG,D,20191227,000000,17.627,17.831,17.349,17.571,18923,0
ULG,D,20191230,000000,17.571,18.628,17.423,18.091,64846,0
ULG,D,20200102,000000,18.35,18.72,18.165,18.536,27853,0
ULG,D,20200103,000000,18.582,18.628,18.183,18.35,24781,0
ULG,D,20200107,000000,18.35,19.554,18.35,19.184,57942,0
ULG,D,20200108,000000,19.045,19.324,18.86,19.045,37335,0
ULG,D,20200109,000000,19.277,20.204,18.999,20.204,78883,0
ULG,D,20200110,000000,20.158,20.945,20.158,20.945,81770,0
ULG,D,20200113,000000,21.131,21.131,20.528,20.945,30014,0
ULG,D,20200114,000000,20.945,20.945,20.018,20.62,47774,0
ULG,D,20200115,000000,20.389,20.389,19.647,19.833,47533,0
ULG,D,20200116,000000,19.601,20.158,19.277,20.065,53685,0
ULG,D,20200117,000000,20.018,20.018,19.277,19.462,61106,0
ULG,D,20200120,000000,19.462,20.111,19.277,19.786,14181,0
ULG,D,20200121,000000,19.786,19.786,19.462,19.74,9339,0
ULG,D,20200122,000000,20.574,20.76,19.554,19.926,98108,0
ULG,D,20200123,000000,20.065,20.065,18.165,18.536,92588,0
ULG,D,20200124,000000,18.582,18.767,17.905,18.72,41937,0
ULG,D,20200127,000000,18.536,18.536,18.109,18.239,15032,0
ULG,D,20200128,000000,18.239,18.517,17.702,17.886,24096,0
ULG,D,20200129,000000,17.776,18.165,17.627,17.979,20535,0
ULG,D,20200130,000000,17.979,18.053,17.627,17.627,9450,0
ULG,D,20200131,000000,17.702,18.072,17.646,17.886,12402,0
ULG,D,20200203,000000,17.812,19.231,17.757,19.045,60702,0
ULG,D,20200204,000000,19.045,19.045,18.536,18.952,24995,0
ULG,D,20200205,000000,18.999,19.972,18.906,19.879,104991,0
ULG,D,20200206,000000,20.018,20.297,19.833,19.926,46531,0
ULG,D,20200207,000000,19.926,20.018,19.092,19.277,26088,0
ULG,D,20200210,000000,19.37,20.667,18.999,20.111,59785,0
ULG,D,20200211,000000,20.481,21.084,20.389,20.667,100559,0
ULG,D,20200212,000000,20.667,20.899,19.972,20.297,48054,0
ULG,D,20200213,000000,20.111,20.389,19.879,20.111,14562,0
ULG,D,20200214,000000,20.342,20.342,19.972,20.25,12638,0
ULG,D,20200217,000000,20.018,20.62,19.926,20.204,30315,0
ULG,D,20200218,000000,20.204,20.389,19.926,20.342,9537,0
ULG,D,20200219,000000,20.065,20.389,20.018,20.204,10335,0
ULG,D,20200220,000000,20.111,20.204,19.74,19.926,13111,0
ULG,D,20200221,000000,19.786,19.926,19.37,19.879,20169,0
ULG,D,20200224,000000,19.462,19.462,18.406,19.184,90243,0
ULG,D,20200225,000000,18.674,19.138,17.886,18.313,48030,0
ULG,D,20200226,000000,17.609,18.443,17.145,18.257,68869,0
ULG,D,20200227,000000,18.146,18.146,16.349,16.682,49256,0
ULG,D,20200228,000000,14.921,15.57,13.456,14.828,175888,0
ULG,D,20200302,000000,15.755,17.145,15.291,15.848,95413,0
ULG,D,20200303,000000,16.682,17.238,16.033,16.645,64122,0
ULG,D,20200304,000000,16.459,16.645,14.828,16.571,28677,0
ULG,D,20200305,000000,16.867,17.109,16.033,16.552,30316,0
ULG,D,20200306,000000,15.848,16.515,15.755,16.311,15846,0
ULG,D,20200309,000000,14.18,15.532,13.53,14.18,85921,0
ULG,D,20200310,000000,14.272,14.828,13.53,13.53,32555,0
ULG,D,20200311,000000,13.79,13.809,11.307,12.048,78284,0
ULG,D,20200312,000000,10.473,10.843,9.3602,9.3602,95944,0
ULG,D,20200313,000000,10.194,11.307,9.639,10.009,114826,0
ULG,D,20200316,000000,10.101,11.529,9.2673,11.529,156721,0
ULG,D,20200317,000000,11.585,12.789,11.214,12.789,117275,0
ULG,D,20200318,000000,12.808,13.809,12.048,12.882,55923,0
ULG,D,20200319,000000,12.512,13.716,12.512,13.697,43120,0
ULG,D,20200320,000000,13.809,14.365,12.604,12.789,85009,0
ULG,D,20200323,000000,12.048,12.696,11.233,12.011,69256,0
ULG,D,20200324,000000,13.068,13.068,12.234,12.956,37816,0
ULG,D,20200325,000000,13.438,13.623,12.252,12.696,40883,0
ULG,D,20200326,000000,12.512,13.16,12.419,12.975,14241,0
ULG,D,20200327,000000,13.03,13.401,12.567,12.975,27054,0
ULG,D,20200330,000000,13.068,13.123,12.53,12.975,18252,0
ULG,D,20200331,000000,13.623,14.18,13.068,13.883,75246,0
ULG,D,20200401,000000,13.53,16.033,13.53,14.828,88346,0
ULG,D,20200402,000000,15.291,16.404,15.291,16.182,81797,0
ULG,D,20200403,000000,17.201,18.35,16.497,18.257,179184,0
ULG,D,20200406,000000,20.018,20.574,18.674,20.018,216697,0
ULG,D,20200407,000000,20.158,20.435,18.35,18.35,91433,0
ULG,D,20200408,000000,17.905,20.389,17.145,20.204,106301,0
ULG,D,20200409,000000,20.389,21.177,18.999,19.926,68896,0
ULG,D,20200414,000000,19.926,19.926,18.999,19.879,72683,0
ULG,D,20200415,000000,19.879,19.879,19.092,19.231,26599,0
ULG,D,20200416,000000,19.184,19.462,18.952,19.184,22855,0
ULG,D,20200417,000000,19.462,19.786,18.72,19.74,46104,0
ULG,D,20200420,000000,19.786,22.66,19.508,22.196,224410,0
ULG,D,20200421,000000,22.706,24.189,20.435,22.381,234867,0
ULG,D,20200422,000000,22.428,23.91,22.289,22.983,63384,0
ULG,D,20200423,000000,23.818,24.096,22.983,24.003,78543,0
ULG,D,20200424,000000,24.003,24.003,23.076,23.957,38404,0
ULG,D,20200427,000000,24.049,25.903,24.049,25.903,90213,0
ULG,D,20200428,000000,26.412,31.742,26.135,28.961,242393,0
ULG,D,20200429,000000,29.332,31.927,29.147,30.584,120108,0
ULG,D,20200430,000000,31.418,31.464,26.228,27.803,170210,0
ULG,D,20200504,000000,27.803,30.12,25.95,28.73,84557,0
ULG,D,20200505,000000,29.193,29.842,27.803,28.359,52885,0
ULG,D,20200506,000000,28.405,28.545,27.432,27.757,51518,0
ULG,D,20200507,000000,27.386,27.386,26.412,27.339,28082,0
ULG,D,20200508,000000,26.923,27.757,26.691,26.969,23386,0
ULG,D,20200511,000000,26.876,29.471,25.95,29.471,80293,0
ULG,D,20200512,000000,29.75,31.974,28.081,31.511,111039,0
ULG,D,20200513,000000,31.511,31.511,30.768,31.325,25254,0
ULG,D,20200514,000000,30.63,31.371,27.571,29.611,74905,0
ULG,D,20200515,000000,30.537,30.584,27.989,28.961,55898,0
ULG,D,20200518,000000,30.676,30.676,29.471,30.12,19686,0
ULG,D,20200519,000000,30.491,30.491,29.332,29.934,10463,0
ULG,D,20200520,000000,30.027,30.213,28.823,29.934,17691,0
ULG,D,20200521,000000,30.12,30.12,29.193,29.657,10403,0
ULG,D,20200522,000000,29.934,30.954,29.842,30.584,33673,0
ULG,D,20200525,000000,30.954,31.881,30.584,31.602,27693,0
ULG,D,20200526,000000,31.602,34.059,31.602,33.271,87583,0
ULG,D,20200527,000000,33.827,34.106,31.418,32.159,73893,0
ULG,D,20200528,000000,32.298,33.827,31.649,32.668,37325,0
ULG,D,20200529,000000,32.668,34.059,31.927,33.595,37836,0
ULG,D,20200601,000000,33.92,35.449,32.9,33.92,48537,0
ULG,D,20200602,000000,34.197,34.29,32.761,32.808,49166,0
ULG,D,20200603,000000,33.132,33.595,32.437,32.761,29610,0
ULG,D,20200604,000000,33.086,33.086,31.511,31.742,33053,0
ULG,D,20200605,000000,31.974,32.622,30.584,32.622,35311,0
ULG,D,20200608,000000,32.9,32.9,29.842,31.511,35225,0
ULG,D,20200609,000000,31.279,32.345,31.279,32.345,17659,0
ULG,D,20200610,000000,32.345,32.437,31.881,32.345,9861,0
ULG,D,20200612,000000,30.584,31.511,29.518,30.954,50023,0
ULG,D,20200615,000000,30.259,30.537,28.545,29.934,50060,0
ULG,D,20200616,000000,32.066,32.206,30.259,30.491,32831,0
ULG,D,20200617,000000,30.954,30.954,29.934,30.352,12848,0
ULG,D,20200618,000000,30.584,30.954,30.12,30.768,11679,0
ULG,D,20200619,000000,30.768,31.232,30.12,31,11820,0
ULG,D,20200622,000000,31.418,31.974,31.093,31.232,22248,0
ULG,D,20200623,000000,31.279,31.279,30.491,30.584,28480,0
ULG,D,20200624,000000,30.491,30.815,30.305,30.722,15230,0
ULG,D,20200625,000000,30.722,30.768,29.239,30.398,32004,0
ULG,D,20200626,000000,30.398,30.584,29.564,29.657,17822,0
ULG,D,20200629,000000,30.12,30.12,29.703,30.027,8599,0
ULG,D,20200630,000000,30.12,30.584,29.75,30.027,11242,0
ULG,D,20200701,000000,29.842,30.491,29.657,30.491,9534,0
ULG,D,20200702,000000,31.101,31.804,31.054,31.523,14105,0
ULG,D,20200703,000000,30.678,31.429,30.397,31.054,13906,0
ULG,D,20200706,000000,31.288,31.898,30.209,31.804,30859,0
ULG,D,20200707,000000,32.179,32.226,30.772,31.194,26273,0
ULG,D,20200708,000000,31.429,31.804,30.585,31.71,18743,0
ULG,D,20200709,000000,31.804,31.851,30.772,30.866,14987,0
ULG,D,20200710,000000,30.96,31.757,30.772,31.71,13017,0
ULG,D,20200713,000000,31.71,31.757,30.96,31.101,15111,0
ULG,D,20200714,000000,31.57,31.57,30.35,31.194,13769,0
ULG,D,20200715,000000,31.147,31.147,30.444,30.678,11057,0
ULG,D,20200716,000000,30.303,31.054,30.256,30.96,15976,0
ULG,D,20200717,000000,30.96,34.337,30.35,33.774,68305,0
ULG,D,20200720,000000,33.868,34.243,31.898,33.54,32225,0
ULG,D,20200721,000000,33.727,34.103,32.508,33.165,27691,0
ULG,D,20200722,000000,33.118,33.305,31.147,31.335,34522,0
ULG,D,20200723,000000,30.491,36.026,30.303,33.399,136718,0
ULG,D,20200724,000000,34.243,34.243,31.992,33.493,31854,0
ULG,D,20200727,000000,34.243,35.041,32.179,33.165,42519,0
ULG,D,20200728,000000,33.165,33.211,31.476,31.523,45635,0
ULG,D,20200729,000000,31.101,32.179,30.96,31.054,23959,0
ULG,D,20200730,000000,31.241,31.523,26.269,27.676,74384,0
ULG,D,20200731,000000,28.145,30.678,28.145,30.022,34460,0
ULG,D,20200803,000000,30.022,30.115,29.365,29.975,26865,0
ULG,D,20200804,000000,30.162,32.039,29.553,31.147,36721,0
ULG,D,20200805,000000,31.804,31.804,30.162,30.913,17158,0
ULG,D,20200806,000000,30.913,30.913,30.115,30.538,7747,0
ULG,D,20200807,000000,30.444,30.538,29.506,29.693,17900,0
ULG,D,20200810,000000,30.022,30.444,29.553,29.787,9402,0
ULG,D,20200811,000000,30.491,30.725,29.506,29.646,11706,0
ULG,D,20200812,000000,29.506,29.506,28.192,28.99,23117,0
ULG,D,20200813,000000,28.99,29.412,28.99,29.177,4951,0
ULG,D,20200814,000000,28.99,30.397,28.99,29.881,15919,0
ULG,D,20200817,000000,30.022,30.397,28.896,29.74,13912,0
ULG,D,20200818,000000,29.928,29.928,28.802,28.802,16506,0
ULG,D,20200819,000000,28.802,29.177,28.239,28.802,19782,0
ULG,D,20200820,000000,28.802,30.022,27.301,29.224,38465,0
ULG,D,20200821,000000,29.224,29.928,28.896,29.224,6285,0
ULG,D,20200824,000000,29.553,30.115,28.098,30.115,39104,0
ULG,D,20200825,000000,29.975,29.975,28.38,28.38,19391,0
ULG,D,20200826,000000,28.802,28.99,27.864,28.333,10073,0
ULG,D,20200827,000000,28.005,28.896,27.958,28.38,6495,0
ULG,D,20200828,000000,28.051,28.38,28.005,28.38,2063,0
ULG,D,20200831,000000,28.567,28.567,27.019,27.582,26855,0
ULG,D,20200901,000000,27.066,27.207,26.081,26.785,27186,0
ULG,D,20200902,000000,27.019,27.911,26.363,27.864,4972,0
ULG,D,20200903,000000,27.958,28.145,27.019,27.207,9190,0
ULG,D,20200904,000000,25.706,27.066,25.612,26.363,11154,0
ULG,D,20200907,000000,25.847,26.269,24.58,24.862,32149,0
ULG,D,20200908,000000,25.237,25.237,22.798,24.768,38253,0
ULG,D,20200909,000000,23.736,27.489,23.736,26.644,16892,0
ULG,D,20200910,000000,27.113,27.113,25.331,26.832,6578,0
ULG,D,20200911,000000,25.8,28.098,25.8,28.051,16133,0
ULG,D,20200914,000000,29.083,29.506,26.832,27.676,28124,0
ULG,D,20200915,000000,27.207,28.098,27.207,27.582,6733,0
ULG,D,20200916,000000,27.911,27.911,26.457,26.457,7324,0
ULG,D,20200917,000000,27.066,27.066,26.457,26.973,7480,0
ULG,D,20200918,000000,27.489,27.489,26.644,27.113,7629,0
ULG,D,20200921,000000,27.019,27.019,25.425,26.081,5206,0
ULG,D,20200922,000000,26.081,26.832,25.425,25.659,5971,0
ULG,D,20200923,000000,25.941,25.941,24.768,25.049,9187,0
ULG,D,20200924,000000,24.815,24.815,22.798,24.205,37849,0
ULG,D,20200925,000000,24.205,26.597,24.205,26.41,14230,0
ULG,D,20200928,000000,26.41,26.41,25.894,26.363,4937,0
ULG,D,20200929,000000,26.41,26.926,26.269,26.597,4701,0
ULG,D,20200930,000000,27.019,27.864,26.597,27.535,15495,0
ULG,D,20201001,000000,27.676,27.676,26.785,26.832,7033,0
ULG,D,20201002,000000,26.832,27.395,24.674,27.395,6563,0
ULG,D,20201005,000000,27.864,29.083,27.442,28.99,24331,0
ULG,D,20201006,000000,29.834,30.35,29.177,29.646,17866,0
ULG,D,20201007,000000,29.506,29.506,28.661,29.365,5476,0
ULG,D,20201008,000000,29.553,29.553,27.395,27.629,10683,0
ULG,D,20201009,000000,27.676,28.427,27.113,28.051,7099,0
ULG,D,20201012,000000,28.614,29.083,27.442,28.755,8554,0
ULG,D,20201013,000000,28.755,28.755,27.254,28.145,7311,0
ULG,D,20201014,000000,28.239,28.661,26.644,27.77,32852,0
ULG,D,20201015,000000,27.77,27.77,25.518,26.738,13797,0
ULG,D,20201016,000000,25.8,27.77,25.8,26.738,9846,0
ULG,D,20201019,000000,27.207,28.708,26.738,28.38,22547,0
ULG,D,20201020,000000,28.614,28.802,27.77,28.333,3055,0
ULG,D,20201021,000000,28.567,28.802,28.145,28.192,6060,0
ULG,D,20201022,000000,28.286,28.896,26.973,28.145,7398,0
ULG,D,20201023,000000,28.427,28.427,27.582,28.38,5583,0
ULG,D,20201026,000000,29.553,29.928,26.832,27.301,31111,0
ULG,D,20201027,000000,27.676,28.005,26.316,27.489,16202,0
ULG,D,20201028,000000,27.489,27.489,24.768,25.19,22185,0
ULG,D,20201029,000000,24.815,25.894,23.83,25.894,22009,0
ULG,D,20201030,000000,25.706,25.706,24.064,24.393,12696,0
ULG,D,20201102,000000,24.205,25.237,23.642,24.909,20982,0
ULG,D,20201103,000000,24.909,25.19,24.486,24.862,14671,0
ULG,D,20201104,000000,25.237,25.941,24.58,25.659,14975,0
ULG,D,20201105,000000,25.753,27.207,25.753,26.691,9499,0
ULG,D,20201106,000000,25.753,26.879,24.674,25.331,9578,0
ULG,D,20201109,000000,25.331,25.8,24.674,24.955,30248,0
ULG,D,20201110,000000,24.768,25.331,24.299,24.299,22505,0
ULG,D,20201112,000000,24.815,26.457,24.815,26.269,9714,0
ULG,D,20201113,000000,26.457,28.286,26.457,28.145,37041,0
ULG,D,20201116,000000,28.896,29.083,27.207,28.145,18450,0
ULG,D,20201117,000000,28.145,28.849,26.691,28.239,14628,0
ULG,D,20201118,000000,28.521,28.521,27.817,28.145,3359,0
ULG,D,20201119,000000,28.145,28.145,26.738,27.864,10836,0
ULG,D,20201120,000000,28.333,29.083,27.676,29.083,23104,0
ULG,D,20201123,000000,29.412,31.429,29.412,30.866,46222,0
ULG,D,20201124,000000,30.96,31.804,30.162,31.054,14440,0
ULG,D,20201125,000000,31.054,31.429,29.271,30.866,18534,0
ULG,D,20201126,000000,30.209,30.866,29.693,30.209,15541,0
ULG,D,20201127,000000,29.599,30.491,29.271,29.787,7045,0
ULG,D,20201130,000000,29.646,29.646,28.286,28.567,16289,0
ULG,D,20201201,000000,29.553,29.553,28.427,28.521,10226,0
ULG,D,20201202,000000,29.037,29.037,28.098,28.521,10591,0
ULG,D,20201203,000000,28.614,28.614,27.207,28.521,12526,0
ULG,D,20201204,000000,28.427,29.646,28.286,29.646,6517,0
ULG,D,20201207,000000,29.834,30.444,29.13,29.271,8464,0
ULG,D,20201208,000000,30.209,30.444,29.553,30.022,25542,0
ULG,D,20201209,000000,30.303,31.241,30.303,30.96,17986,0
ULG,D,20201210,000000,30.866,31.335,30.022,30.96,13081,0
ULG,D,20201211,000000,30.162,30.585,29.318,30.444,13992,0
ULG,D,20201214,000000,30.35,30.35,29.365,29.553,11893,0
ULG,D,20201215,000000,30.022,30.303,29.506,29.553,11432,0
ULG,D,20201216,000000,29.459,30.162,28.708,28.802,13637,0
ULG,D,20201217,000000,29.271,29.271,27.582,27.676,20528,0
ULG,D,20201218,000000,27.676,28.427,27.582,28.333,7872,0
ULG,D,20201221,000000,28.99,28.99,27.207,27.817,14445,0
ULG,D,20201222,000000,27.77,28.005,27.348,27.911,15103,0
ULG,D,20201223,000000,28.145,28.755,28.051,28.145,9187,0
ULG,D,20201228,000000,28.802,29.787,28.521,29.599,14009,0
ULG,D,20201229,000000,29.928,30.585,29.74,30.397,11947,0
ULG,D,20201230,000000,30.585,30.585,29.459,29.553,7096,0
ULG,D,20210104,000000,30.022,30.491,28.614,29.787,19740,0
ULG,D,20210105,000000,29.459,30.022,29.13,29.834,9266,0
ULG,D,20210107,000000,29.975,30.444,29.646,30.115,10305,0
ULG,D,20210108,000000,30.35,30.397,29.74,30.022,5860,0
ULG,D,20210111,000000,29.975,30.397,29.083,29.928,20634,0
ULG,D,20210112,000000,30.069,30.115,29.365,29.787,3880,0
ULG,D,20210113,000000,29.646,29.646,28.99,28.99,8633,0
ULG,D,20210114,000000,28.99,29.083,28.286,28.567,18321,0
ULG,D,20210115,000000,28.614,28.614,27.723,28.051,31975,0
ULG,D,20210118,000000,28.614,29.365,28.005,29.037,10118,0
ULG,D,20210119,000000,29.083,29.599,28.38,28.896,11000,0
ULG,D,20210120,000000,29.365,29.365,28.333,28.943,11121,0
ULG,D,20210121,000000,29.083,29.928,28.896,29.787,10285,0
ULG,D,20210122,000000,29.693,31.757,29.318,30.866,51563,0
ULG,D,20210125,000000,31.851,33.774,31.804,32.226,48992,0
ULG,D,20210126,000000,32.273,32.273,31.101,31.898,16439,0
ULG,D,20210127,000000,31.288,31.523,29.553,30.35,36768,0
ULG,D,20210128,000000,30.35,30.96,28.896,30.538,20483,0
ULG,D,20210129,000000,30.772,30.772,29.365,29.928,8227,0
ULG,D,20210201,000000,30.022,30.866,29.646,29.693,11326,0
ULG,D,20210202,000000,30.022,30.256,29.365,30.209,11418,0
ULG,D,20210203,000000,30.209,30.209,29.083,29.271,28308,0
ULG,D,20210204,000000,29.459,29.74,29.13,29.365,9187,0
ULG,D,20210205,000000,30.491,30.819,29.459,30.772,19040,0
ULG,D,20210208,000000,30.772,30.772,29.365,29.74,28845,0
ULG,D,20210209,000000,29.74,29.787,28.286,28.661,95645,0
ULG,D,20210210,000000,29.083,29.834,28.333,29.646,51395,0
ULG,D,20210211,000000,29.74,30.585,29.74,30.303,20684,0
ULG,D,20210212,000000,30.303,30.35,29.787,29.834,7601,0
ULG,D,20210215,000000,30.022,30.069,29.271,29.599,6216,0
ULG,D,20210216,000000,29.553,29.74,28.708,29.599,9124,0
ULG,D,20210217,000000,29.693,29.693,28.99,29.037,3785,0
ULG,D,20210218,000000,29.459,29.459,28.708,28.99,11270,0
ULG,D,20210219,000000,28.943,28.99,28.145,28.286,34439,0
ULG,D,20210222,000000,28.286,28.567,27.582,27.864,21392,0
ULG,D,20210223,000000,28.098,28.098,26.644,27.489,25767,0
ULG,D,20210224,000000,27.301,28.521,27.207,28.051,12788,0
ULG,D,20210225,000000,28.333,28.802,27.676,27.723,9156,0
ULG,D,20210226,000000,27.442,27.489,27.066,27.348,9430,0
ULG,D,20210301,000000,27.207,28.005,27.207,27.723,6231,0
ULG,D,20210302,000000,27.301,27.676,26.738,26.973,12863,0
ULG,D,20210303,000000,27.629,27.629,26.55,26.738,16711,0
ULG,D,20210304,000000,26.691,26.879,25.518,26.457,24922,0
ULG,D,20210305,000000,26.926,27.207,26.175,27.019,6153,0
ULG,D,20210308,000000,27.16,27.207,26.55,27.16,3588,0
ULG,D,20210309,000000,27.442,27.489,26.503,26.503,14028,0
ULG,D,20210310,000000,26.503,27.207,26.316,27.066,9107,0
ULG,D,20210311,000000,27.066,27.066,26.269,26.457,11891,0
ULG,D,20210312,000000,26.597,26.597,26.269,26.55,6195,0
ULG,D,20210315,000000,26.644,26.644,26.081,26.41,15440,0
ULG,D,20210316,000000,26.41,26.457,25.894,25.987,18406,0
ULG,D,20210317,000000,26.034,26.457,25.612,26.457,24667,0
ULG,D,20210318,000000,26.222,26.269,25.378,25.847,11928,0
ULG,D,20210319,000000,25.847,26.034,25.378,25.518,8569,0
ULG,D,20210322,000000,26.269,26.269,25.847,25.987,6744,0
ULG,D,20210323,000000,26.222,26.222,25.565,25.612,7721,0
ULG,D,20210324,000000,26.128,26.128,25.378,25.706,5964,0
ULG,D,20210325,000000,25.612,25.847,25.378,25.612,5246,0
ULG,D,20210326,000000,25.518,25.847,24.955,25.612,9811,0
ULG,D,20210329,000000,25.753,27.629,25.753,27.489,28779,0
ULG,D,20210330,000000,27.489,27.489,26.832,27.207,9043,0
ULG,D,20210331,000000,27.207,27.676,27.207,27.207,5583,0
ULG,D,20210401,000000,27.301,27.395,26.128,27.301,12404,0
ULG,D,20210406,000000,26.879,27.817,26.457,27.207,13818,0
ULG,D,20210407,000000,27.676,27.676,27.207,27.301,8742,0
ULG,D,20210408,000000,27.113,27.535,26.879,26.926,14481,0
ULG,D,20210409,000000,27.16,27.582,26.41,27.442,8982,0
ULG,D,20210412,000000,27.301,27.301,26.269,26.738,9324,0
ULG,D,20210413,000000,26.738,27.16,26.269,26.926,18570,0
ULG,D,20210414,000000,27.066,27.066,26.363,26.832,13445,0
ULG,D,20210415,000000,26.879,27.019,26.691,26.738,4760,0
ULG,D,20210416,000000,26.926,27.019,26.738,26.926,13505,0
ULG,D,20210419,000000,26.832,27.348,26.597,26.926,11073,0
ULG,D,20210420,000000,27.911,29.318,27.207,27.629,45468,0
ULG,D,20210421,000000,27.864,28.098,26.738,27.301,13412,0
ULG,D,20210422,000000,27.395,27.958,26.926,27.676,10913,0
ULG,D,20210423,000000,27.77,29.083,27.676,28.614,16515,0
ULG,D,20210426,000000,29.083,29.459,28.145,28.333,20563,0
ULG,D,20210427,000000,28.521,28.614,27.723,28.427,7224,0
ULG,D,20210428,000000,29.553,29.881,28.99,29.787,21983,0
ULG,D,20210429,000000,29.881,30.397,29.224,29.693,16726,0
ULG,D,20210430,000000,29.693,29.693,28.896,29.412,6036,0
ULG,D,20210504,000000,29.693,30.678,29.693,30.115,18988,0
ULG,D,20210505,000000,30.397,30.397,29.318,30.115,17460,0
ULG,D,20210506,000000,30.022,30.022,29.13,29.646,9581,0
ULG,D,20210507,000000,29.599,29.646,28.849,29.646,13400,0
ULG,D,20210510,000000,29.834,29.928,29.083,29.787,9977,0
ULG,D,20210511,000000,29.13,29.74,29.083,29.177,5075,0
ULG,D,20210512,000000,29.646,29.646,29.083,29.553,3029,0
ULG,D,20210513,000000,29.083,29.13,27.254,28.051,20005,0
ULG,D,20210514,000000,27.958,27.958,26.269,27.207,43365,0
ULG,D,20210517,000000,27.489,27.958,27.301,27.864,4150,0
ULG,D,20210518,000000,28.333,28.333,27.676,28.145,1563,0
ULG,D,20210519,000000,28.145,28.145,27.489,27.77,2876,0
ULG,D,20210520,000000,27.958,29.037,27.864,28.521,6272,0
ULG,D,20210521,000000,28.521,28.849,28.239,28.802,1930,0
ULG,D,20210524,000000,28.614,28.849,28.192,28.521,2526,0
ULG,D,20210525,000000,28.802,28.802,27.77,28.521,3513,0
ULG,D,20210526,000000,28.521,28.943,27.911,28.38,2406,0
ULG,D,20210527,000000,28.99,28.99,28.239,28.239,2892,0
ULG,D,20210528,000000,28.708,29.037,28.38,28.99,3916,0
ULG,D,20210531,000000,28.99,30.491,28.614,30.022,18569,0
ULG,D,20210601,000000,29.975,30.022,29.646,29.834,2362,0
ULG,D,20210602,000000,29.928,30.209,29.834,29.975,9213,0
ULG,D,20210604,000000,29.928,30.491,29.928,30.303,6957,0
ULG,D,20210607,000000,30.303,30.96,30.303,30.772,9229,0
ULG,D,20210608,000000,30.678,30.678,29.787,30.35,24262,0
ULG,D,20210609,000000,31,31.65,30.5,31.65,12892,0
ULG,D,20210610,000000,31.85,31.85,30.5,31.2,5105,0
ULG,D,20210611,000000,30.95,30.95,29.9,30.35,9820,0
ULG,D,20210614,000000,29.8,30.4,29.4,29.85,6398,0
ULG,D,20210615,000000,29.95,29.95,28.9,29.45,7147,0
ULG,D,20210616,000000,29.85,29.85,28.9,29.3,3736,0
ULG,D,20210617,000000,29.45,29.45,28.75,29.3,1958,0
ULG,D,20210618,000000,29.1,29.3,28.9,29,7540,0
ULG,D,20210621,000000,29.1,29.4,28.3,29,4407,0
ULG,D,20210622,000000,29,29.35,28.7,28.95,2935,0
ULG,D,20210623,000000,29.4,29.4,29,29.35,3076,0
ULG,D,20210624,000000,29.45,29.45,28.75,29.3,4672,0
ULG,D,20210625,000000,29.3,30.8,28.6,29.75,8063,0
ULG,D,20210628,000000,29.75,29.85,29.15,29.5,3465,0
ULG,D,20210629,000000,29.85,29.85,29.1,29.7,1755,0
ULG,D,20210630,000000,29.7,29.85,29.05,29.15,2438,0
ULG,D,20210701,000000,29.7,29.7,28.8,28.9,906,0
ULG,D,20210702,000000,28.9,29.2,28.8,28.9,1403,0
ULG,D,20210705,000000,29.05,29.05,28.4,28.45,4960,0
ULG,D,20210706,000000,28.95,28.95,28.3,28.45,1986,0
ULG,D,20210707,000000,28.9,28.95,28.5,28.95,1368,0
ULG,D,20210708,000000,28.95,29,28.2,28.6,4760,0
ULG,D,20210709,000000,28.7,28.7,28.2,28.2,1742,0
ULG,D,20210712,000000,28.2,28.8,27.45,28.3,5966,0
ULG,D,20210713,000000,28.3,28.75,27.7,28,4567,0
ULG,D,20210714,000000,28.5,28.5,28,28.25,6849,0
ULG,D,20210715,000000,28.3,28.5,28.05,28.2,1051,0
ULG,D,20210716,000000,28.3,28.3,28,28.2,886,0
ULG,D,20210719,000000,28.2,28.5,27.2,27.2,6370,0
ULG,D,20210720,000000,27.2,27.55,26.6,27.4,9312,0
ULG,D,20210721,000000,27.4,27.95,27.35,27.9,4570,0
ULG,D,20210722,000000,28.4,29.2,28.4,28.6,7171,0
ULG,D,20210723,000000,28.6,29.15,28.5,28.8,1483,0
ULG,D,20210726,000000,29.2,29.2,28.3,28.45,2686,0
ULG,D,20210727,000000,28.3,28.4,28,28.25,1484,0
ULG,D,20210728,000000,28.45,28.5,27.65,27.65,3372,0
ULG,D,20210729,000000,28.2,28.2,27.4,28,2023,0
ULG,D,20210730,000000,27.4,27.85,27,27.05,7703,0
ULG,D,20210802,000000,27.85,27.85,27.05,27.2,2142,0
ULG,D,20210803,000000,27.25,27.7,27.05,27.3,2075,0
ULG,D,20210804,000000,27.15,27.5,27.1,27.4,3417,0
ULG,D,20210805,000000,27.2,27.5,27.1,27.5,1180,0
ULG,D,20210806,000000,27.8,27.8,27.2,27.5,2425,0
ULG,D,20210809,000000,27.75,27.9,27,27.4,3338,0
ULG,D,20210810,000000,27.5,27.75,27.1,27.5,3489,0
ULG,D,20210811,000000,27.65,27.65,27,27.35,1842,0
ULG,D,20210812,000000,27.5,27.8,27.1,27.7,3046,0
ULG,D,20210813,000000,27.8,28,27.5,27.5,3191,0
ULG,D,20210816,000000,27.5,28.35,27.3,27.5,1619,0
ULG,D,20210817,000000,28.15,28.15,27.5,28.1,3109,0
ULG,D,20210818,000000,27.6,28.1,27.6,27.95,1734,0
ULG,D,20210819,000000,28.4,28.4,27.15,27.8,3244,0
ULG,D,20210820,000000,27.85,27.85,27.35,27.8,452,0
ULG,D,20210823,000000,27.4,28.2,27.35,27.95,4497,0
ULG,D,20210824,000000,27.95,28.3,27.5,27.85,2667,0
ULG,D,20210825,000000,28.3,28.9,27.8,28.6,5131,0
ULG,D,20210826,000000,28.7,28.8,28,28.4,3990,0
ULG,D,20210827,000000,28.9,28.9,28.1,28.45,660,0
ULG,D,20210830,000000,28.45,28.9,28,28.4,1859,0
ULG,D,20210831,000000,28.1,28.4,27.75,27.9,2584,0
ULG,D,20210901,000000,27.9,28.85,27.9,28.2,4614,0
ULG,D,20210902,000000,28.55,28.55,28.05,28.5,4656,0
ULG,D,20210903,000000,28.55,28.55,28,28.35,3559,0
ULG,D,20210906,000000,28.75,28.85,28.1,28.5,3702,0
ULG,D,20210907,000000,28.9,29.5,28.3,28.5,9773,0
ULG,D,20210908,000000,28.5,28.6,28,28.6,5289,0
ULG,D,20210909,000000,28.75,28.75,28.25,28.25,1107,0
ULG,D,20210910,000000,28.55,28.7,28.15,28.5,2423,0
ULG,D,20210913,000000,28.6,28.7,28.1,28.6,5305,0
ULG,D,20210914,000000,28.5,28.8,28.2,28.45,2526,0
ULG,D,20210915,000000,28.6,28.6,28.2,28.4,1933,0
ULG,D,20210916,000000,28.4,28.5,28.15,28.45,2385,0
ULG,D,20210917,000000,28.45,28.45,28,28.4,4130,0
ULG,D,20210920,000000,28.4,28.4,27.1,27.7,10847,0
ULG,D,20210921,000000,27.7,27.7,26.8,27.25,5964,0
ULG,D,20210922,000000,27.25,27.75,27.25,27.65,2867,0
ULG,D,20210923,000000,27.35,27.8,27.3,27.6,2174,0
ULG,D,20210924,000000,27.6,27.65,27,27.35,3582,0
ULG,D,20210927,000000,27.7,27.7,27.2,27.3,2927,0
ULG,D,20210928,000000,27.3,27.5,27,27.15,2850,0
ULG,D,20210929,000000,27,27.2,26.8,26.9,1965,0
ULG,D,20210930,000000,27.55,27.55,26.6,26.9,2806,0
ULG,D,20211001,000000,27,27.6,26.9,26.9,4262,0
ULG,D,20211004,000000,26.9,27.05,25.9,26.4,7017,0
ULG,D,20211005,000000,26.2,26.9,26,26.8,6385,0
ULG,D,20211006,000000,26.25,26.4,26,26.3,5049,0
ULG,D,20211007,000000,26.05,26.5,25.9,26.5,4179,0
ULG,D,20211008,000000,26.6,26.6,25.8,26.25,7250,0
ULG,D,20211011,000000,26.1,26.5,25.9,26.5,5851,0
ULG,D,20211012,000000,26.6,26.6,25.6,26,6023,0
ULG,D,20211013,000000,26.1,26.2,26.05,26.05,1263,0
ULG,D,20211014,000000,26.15,26.15,25.7,25.9,2735,0
ULG,D,20211015,000000,26.15,26.15,25.6,25.85,4351,0
ULG,D,20211018,000000,25.85,25.85,25.45,25.7,3418,0
ULG,D,20211019,000000,25.6,25.85,25.2,25.5,4572,0
ULG,D,20211020,000000,25.5,25.5,24.3,25.5,7137,0
ULG,D,20211021,000000,25.5,25.5,24.5,24.8,10417,0
ULG,D,20211022,000000,24,25.6,23.5,25.3,15104,0
ULG,D,20211025,000000,25.2,25.5,24.35,24.4,5346,0
ULG,D,20211026,000000,24.4,24.9,23.55,24,4620,0
ULG,D,20211027,000000,23.95,24.4,23.6,24.4,4808,0
ULG,D,20211028,000000,24.7,25,24.4,24.95,2316,0
ULG,D,20211029,000000,25,25,24.1,24.5,1807,0
ULG,D,20211102,000000,24.75,24.75,24,24,2218,0
ULG,D,20211103,000000,24.2,24.2,23.85,24.2,2800,0
ULG,D,20211104,000000,24.55,24.55,24.2,24.4,1372,0
ULG,D,20211105,000000,24.8,24.8,24.2,24.7,4203,0
ULG,D,20211108,000000,24.5,24.8,24.05,24.05,2681,0
ULG,D,20211109,000000,24,24.3,23.6,24.3,5130,0
ULG,D,20211110,000000,24.35,24.35,23.2,23.7,4642,0
ULG,D,20211112,000000,23.4,24.6,23.3,24.6,2651,0
ULG,D,20211115,000000,24.8,25,23.65,23.65,3680,0
ULG,D,20211116,000000,23.65,24.6,23.65,24.35,3329,0
ULG,D,20211117,000000,24.5,24.5,24,24.1,713,0
ULG,D,20211118,000000,24.4,24.4,23.15,24,3285,0
ULG,D,20211119,000000,24,24,23.25,24,4332,0
ULG,D,20211122,000000,24.1,24.1,23.15,23.6,5245,0
ULG,D,20211123,000000,23.95,23.95,22.9,23.95,7361,0
ULG,D,20211124,000000,23.5,23.85,23.1,23.5,2410,0
ULG,D,20211125,000000,23.55,24,23.55,23.85,2120,0
ULG,D,20211126,000000,23.7,23.7,22.85,23.25,8045,0
ULG,D,20211129,000000,22.8,22.95,22.3,22.3,5019,0
ULG,D,20211130,000000,22.7,22.7,21.65,22.7,6838,0
ULG,D,20211201,000000,22.7,22.7,21.6,22,6310,0
ULG,D,20211202,000000,22,23.85,21.85,23.3,7246,0
ULG,D,20211203,000000,23.6,23.8,23,23.8,3985,0
ULG,D,20211206,000000,23.9,23.95,23.3,23.95,3638,0
ULG,D,20211207,000000,24,24.7,23.75,24.7,5824,0
ULG,D,20211208,000000,24.75,25.65,24.5,24.95,6003,0
ULG,D,20211209,000000,24.95,24.95,23.3,23.9,3812,0
ULG,D,20211210,000000,23.75,23.9,23.3,23.5,10550,0
ULG,D,20211213,000000,24.8,24.8,24.05,24.1,4345,0
ULG,D,20211214,000000,23.9,24,23.3,23.65,3020,0
ULG,D,20211215,000000,23.65,23.95,23.45,23.45,2805,0
ULG,D,20211216,000000,23.9,23.9,23,23.35,5036,0
ULG,D,20211217,000000,22.9,23.4,22.3,22.85,6779,0
ULG,D,20211220,000000,22.8,22.8,21.3,21.7,10447,0
ULG,D,20211221,000000,21.8,22.6,21.5,22.15,17890,0
ULG,D,20211222,000000,22.1,22.7,21.85,22.6,6914,0
ULG,D,20211223,000000,22.8,23.4,22.8,22.95,5692,0
ULG,D,20211227,000000,22.95,22.95,22,22.55,10014,0
ULG,D,20211228,000000,22.5,22.9,21.9,22.9,19776,0
ULG,D,20211229,000000,22.9,24.7,22.85,24.35,6624,0
ULG,D,20211230,000000,24.4,24.4,23.6,24.1,2001,0
ULG,D,20220103,000000,24,24.4,22.3,23.95,6248,0
ULG,D,20220104,000000,24.2,24.2,23.55,24.05,1217,0
ULG,D,20220105,000000,24.05,24.15,23.75,24,675,0
ULG,D,20220107,000000,24.15,24.15,23.9,24,1166,0
ULG,D,20220110,000000,24.15,24.15,23.7,24,4246,0
ULG,D,20220111,000000,24.4,24.4,23.65,23.95,2516,0
ULG,D,20220112,000000,24,24,23.5,23.8,1849,0
ULG,D,20220113,000000,23.8,24,23.5,23.95,2140,0
ULG,D,20220114,000000,23.95,24,23.7,23.9,4613,0
ULG,D,20220117,000000,23.9,23.9,23.3,23.65,1989,0
ULG,D,20220118,000000,23.7,23.85,23,23.65,3042,0
ULG,D,20220119,000000,23.75,23.75,22.7,22.9,3335,0
ULG,D,20220120,000000,22.85,22.85,22.4,22.6,1182,0
ULG,D,20220121,000000,22.4,22.45,21.75,22,13908,0
ULG,D,20220124,000000,21.85,21.9,20.05,20.85,11932,0
ULG,D,20220125,000000,21.15,22.25,20.65,21.6,14201,0
ULG,D,20220126,000000,21.5,22.25,21,22.1,4604,0
ULG,D,20220127,000000,22.05,22.1,21.05,21.15,3413,0
ULG,D,20220128,000000,21.5,21.8,21,21.2,2738,0
ULG,D,20220131,000000,22.35,22.45,21.55,22.3,3538,0
ULG,D,20220201,000000,22.3,22.45,21.85,22.4,1416,0
ULG,D,20220202,000000,22.45,23.2,22.4,23.15,4241,0
ULG,D,20220203,000000,23.5,23.6,22.75,23.25,3668,0
ULG,D,20220204,000000,23.25,23.25,22.95,23.1,784,0
ULG,D,20220207,000000,23.15,23.5,22.3,22.7,1736,0
ULG,D,20220208,000000,23.2,23.2,22,23,1134,0
ULG,D,20220209,000000,23.1,23.1,22.1,22.6,1198,0
ULG,D,20220210,000000,23.05,23.05,22.3,22.4,1479,0
ULG,D,20220211,000000,22.8,23.05,22.2,22.2,1911,0
ULG,D,20220214,000000,22.1,22.1,20.7,21.9,4681,0
ULG,D,20220215,000000,21.9,22.6,21.8,22.5,1407,0
ULG,D,20220216,000000,22.95,22.95,22.5,22.7,268,0
ULG,D,20220217,000000,22.8,22.8,20.7,20.85,3562,0
ULG,D,20220218,000000,20.9,22,20.75,20.8,3275,0
ULG,D,20220221,000000,21.8,21.8,19.64,20.85,7497,0
ULG,D,20220222,000000,19.7,21.65,19.7,21.65,3949,0
ULG,D,20220223,000000,21.8,22.7,20.7,22,1493,0
ULG,D,20220224,000000,20,21.45,18.5,19.98,16280,0
ULG,D,20220225,000000,20,21.1,19.64,20.25,8362,0
ULG,D,20220228,000000,20.25,21.4,20.25,20.5,4550,0
ULG,D,20220301,000000,21.3,21.3,19.6,20.2,4508,0
ULG,D,20220302,000000,20.25,20.25,19.22,19.78,6250,0
ULG,D,20220303,000000,19.48,19.82,19.1,19.56,3884,0
ULG,D,20220304,000000,19.78,19.78,18.9,19.48,3194,0
ULG,D,20220307,000000,19.36,19.4,18.6,18.96,6656,0
ULG,D,20220308,000000,19.3,19.62,18.98,19.38,2969,0
ULG,D,20220309,000000,19.4,19.8,19.4,19.66,1893,0
ULG,D,20220310,000000,19.66,20.6,19.66,20.1,4007,0
ULG,D,20220311,000000,20.05,20.35,19.92,20.25,1778,0
ULG,D,20220314,000000,20.3,20.3,19.68,19.8,2282,0
ULG,D,20220315,000000,19.56,19.78,19.3,19.46,1192,0
ULG,D,20220316,000000,19.56,20.1,19.56,20,1541,0
ULG,D,20220317,000000,20,20,19.6,19.8,1567,0
ULG,D,20220318,000000,20,20.3,19.98,20.3,2791,0
ULG,D,20220321,000000,20.2,21.2,20.1,20.5,1991,0
ULG,D,20220322,000000,20.8,21.2,20.1,20.7,2222,0
ULG,D,20220323,000000,21.15,21.2,20.2,20.7,1690,0
ULG,D,20220324,000000,20.3,21,20.3,20.85,741,0
ULG,D,20220325,000000,21,21,20.65,20.95,1178,0
ULG,D,20220328,000000,20.85,21.25,20.85,21.05,951,0
ULG,D,20220329,000000,21.25,22.45,21,22.35,3022,0
ULG,D,20220330,000000,22.45,22.45,21.5,22,3315,0
ULG,D,20220331,000000,23,23,22.15,22.7,3107,0
ULG,D,20220401,000000,22.95,23,22,22.6,2563,0
ULG,D,20220404,000000,22.6,22.6,22.1,22.6,1308,0
ULG,D,20220405,000000,22.8,22.8,22.1,22.5,1446,0
ULG,D,20220406,000000,22.7,22.7,21.5,22,3149,0
ULG,D,20220407,000000,22.05,22.15,21.9,22.05,1825,0
ULG,D,20220408,000000,21.6,21.75,21.15,21.7,1970,0
ULG,D,20220411,000000,21.7,21.75,20.65,20.9,3421,0
ULG,D,20220412,000000,20.6,21,20.4,21,1997,0
ULG,D,20220413,000000,21,21,20.25,20.7,797,0
ULG,D,20220414,000000,20.95,20.95,20.45,20.7,959,0
ULG,D,20220419,000000,20.95,21,20.55,20.8,1926,0
ULG,D,20220420,000000,20.6,20.8,20.45,20.45,709,0
ULG,D,20220421,000000,20.7,21.9,20.45,21.45,9372,0
ULG,D,20220422,000000,21.45,21.45,20.6,20.75,2760,0
