<TICKER>,<PER>,<DATE>,<TIME>,<OPEN>,<HIGH>,<LOW>,<CLOSE>,<VOL>,<OPENINT>
WPL,D,20150507,000000,32.756,33.454,32.153,32.525,479874,0
WPL,D,20150508,000000,33.064,33.083,32.571,32.645,25641,0
WPL,D,20150511,000000,32.989,32.989,32.525,32.525,92212,0
WPL,D,20150512,000000,32.618,32.618,32.431,32.431,105193,0
WPL,D,20150513,000000,32.349,32.478,31.874,31.874,3379,0
WPL,D,20150514,000000,31.967,32.385,31.642,32.385,2812,0
WPL,D,20150515,000000,32.06,32.709,32.06,32.709,3246,0
WPL,D,20150518,000000,32.85,32.989,32.357,32.357,14663,0
WPL,D,20150519,000000,32.246,32.385,32.246,32.339,62338,0
WPL,D,20150520,000000,32.292,32.896,32.292,32.339,2624,0
WPL,D,20150521,000000,32.989,32.989,32.533,32.533,543,0
WPL,D,20150522,000000,32.264,32.971,32.264,32.357,52734,0
WPL,D,20150525,000000,32.878,32.878,32.878,32.878,156,0
WPL,D,20150526,000000,32.385,32.385,32.385,32.385,67,0
WPL,D,20150527,000000,32.07,32.525,32.07,32.292,83375,0
WPL,D,20150528,000000,32.246,32.375,32.08,32.292,44013,0
WPL,D,20150529,000000,31.977,32.431,31.977,32.339,14157,0
WPL,D,20150601,000000,32.246,32.385,32.106,32.292,6471,0
WPL,D,20150602,000000,32.246,32.292,32.06,32.292,27634,0
WPL,D,20150603,000000,32.06,32.339,32.06,32.226,16356,0
WPL,D,20150605,000000,32.2,32.2,32.153,32.153,35163,0
WPL,D,20150608,000000,32.134,32.339,32.134,32.339,5940,0
WPL,D,20150609,000000,32.153,32.153,32.153,32.153,35982,0
WPL,D,20150610,000000,32.153,32.246,32.08,32.116,13827,0
WPL,D,20150611,000000,32.246,32.246,32.08,32.106,53584,0
WPL,D,20150612,000000,32.2,32.2,32.106,32.106,8263,0
WPL,D,20150615,000000,32.339,32.339,32.153,32.153,3562,0
WPL,D,20150616,000000,32.153,32.292,32.04,32.292,23058,0
WPL,D,20150617,000000,32.339,32.339,32.2,32.246,15630,0
WPL,D,20150618,000000,32.292,32.385,32.292,32.32,4069,0
WPL,D,20150619,000000,32.292,32.431,32.04,32.04,13132,0
WPL,D,20150622,000000,32.07,32.246,32.07,32.153,4253,0
WPL,D,20150623,000000,32.339,32.339,32.153,32.153,6899,0
WPL,D,20150624,000000,32.162,32.431,32.162,32.311,14891,0
WPL,D,20150625,000000,32.246,32.339,32.246,32.246,1198,0
WPL,D,20150626,000000,32.153,32.153,32.096,32.134,669,0
WPL,D,20150629,000000,31.595,31.595,29.133,31.316,10822,0
WPL,D,20150630,000000,31.141,31.316,31.141,31.288,1131,0
WPL,D,20150701,000000,31.288,32.414,31.288,32.394,15218,0
WPL,D,20150702,000000,32.414,32.45,31.781,32.385,12042,0
WPL,D,20150703,000000,32.385,32.45,31.771,32.06,16407,0
WPL,D,20150706,000000,31.827,32.431,31.642,32.431,46819,0
WPL,D,20150707,000000,32.06,32.246,32.06,32.06,2186,0
WPL,D,20150708,000000,32.339,32.339,32.06,32.06,17017,0
WPL,D,20150709,000000,32.153,32.153,31.781,32.06,4924,0
WPL,D,20150710,000000,32.06,32.329,32.014,32.06,75739,0
WPL,D,20150713,000000,32.246,32.246,31.595,31.856,18073,0
WPL,D,20150714,000000,31.911,31.939,31.595,31.827,12285,0
WPL,D,20150715,000000,31.827,32.153,31.614,32.153,4071,0
WPL,D,20150716,000000,32.246,33.37,32.153,33.175,36967,0
WPL,D,20150717,000000,32.998,34.039,32.998,34.03,266154,0
WPL,D,20150720,000000,34.03,34.03,33.5,33.918,18531,0
WPL,D,20150721,000000,33.918,34.272,33.64,34.272,9873,0
WPL,D,20150722,000000,34.29,34.29,34.113,34.29,10926,0
WPL,D,20150723,000000,34.198,34.29,34.02,34.104,5526,0
WPL,D,20150724,000000,34.29,34.383,34.198,34.383,41476,0
WPL,D,20150727,000000,34.523,34.662,34.198,34.206,7553,0
WPL,D,20150728,000000,34.215,34.549,34.215,34.383,2570,0
WPL,D,20150729,000000,34.383,34.523,34.364,34.364,12397,0
WPL,D,20150730,000000,34.364,34.383,34.364,34.383,880,0
WPL,D,20150731,000000,34.383,34.941,34.383,34.941,16398,0
WPL,D,20150803,000000,34.941,35.311,34.941,35.311,6624,0
WPL,D,20150804,000000,35.311,35.311,34.383,34.383,2130,0
WPL,D,20150805,000000,34.383,35.033,34.383,34.894,95260,0
WPL,D,20150806,000000,34.894,35.08,34.477,34.802,5991,0
WPL,D,20150807,000000,34.802,34.802,34.383,34.523,4664,0
WPL,D,20150810,000000,34.523,34.523,34.383,34.383,3453,0
WPL,D,20150811,000000,34.383,34.477,34.198,34.383,20308,0
WPL,D,20150812,000000,34.383,34.383,34.206,34.253,3089,0
WPL,D,20150813,000000,34.253,34.477,34.253,34.383,3602,0
WPL,D,20150814,000000,34.29,34.383,34.198,34.253,6087,0
WPL,D,20150817,000000,34.198,34.383,34.198,34.337,2255,0
WPL,D,20150818,000000,34.337,34.477,34.337,34.477,2235,0
WPL,D,20150819,000000,34.569,34.662,34.337,34.429,7385,0
WPL,D,20150820,000000,34.429,34.429,34.364,34.429,13934,0
WPL,D,20150821,000000,34.364,34.708,34.3,34.429,5238,0
WPL,D,20150824,000000,34.383,34.383,32.989,33.454,13815,0
WPL,D,20150825,000000,33.454,34.077,33.454,33.918,25720,0
WPL,D,20150826,000000,33.918,33.964,33.733,33.918,1523,0
WPL,D,20150827,000000,34.188,34.188,34.058,34.104,2660,0
WPL,D,20150828,000000,34.383,34.941,34.373,34.941,9050,0
WPL,D,20150831,000000,34.838,35.033,34.802,34.941,2102,0
WPL,D,20150901,000000,34.941,35.126,34.411,35.126,3934,0
WPL,D,20150902,000000,34.941,35.218,34.485,34.941,39095,0
WPL,D,20150903,000000,35.126,36.334,34.848,36.334,150763,0
WPL,D,20150904,000000,36.334,36.697,36.242,36.512,6637,0
WPL,D,20150907,000000,36.288,36.52,35.87,36.056,37551,0
WPL,D,20150908,000000,35.777,35.963,34.941,35.126,31866,0
WPL,D,20150909,000000,35.126,35.823,35.126,35.311,13347,0
WPL,D,20150910,000000,35.331,35.777,35.331,35.777,7185,0
WPL,D,20150911,000000,36.056,36.056,35.172,35.172,9350,0
WPL,D,20150914,000000,34.941,35.126,34.02,35.126,14676,0
WPL,D,20150915,000000,35.126,35.126,34.662,34.727,676,0
WPL,D,20150916,000000,34.829,35.218,34.764,35.218,12448,0
WPL,D,20150917,000000,34.848,34.848,33.983,34.104,3285,0
WPL,D,20150918,000000,34.662,34.662,34.309,34.596,13269,0
WPL,D,20150921,000000,34.848,35.126,34.755,35.126,2223,0
WPL,D,20150922,000000,35.218,35.452,34.949,35.359,48638,0
WPL,D,20150923,000000,35.359,35.544,35.359,35.498,7568,0
WPL,D,20150924,000000,35.498,36.01,35.498,36.01,30059,0
WPL,D,20150925,000000,35.461,36.892,35.461,36.446,162881,0
WPL,D,20150928,000000,36.446,36.566,35.777,36.242,91932,0
WPL,D,20150929,000000,35.414,36.334,34.941,36.242,51926,0
WPL,D,20150930,000000,36.474,36.706,36.242,36.706,6640,0
WPL,D,20151001,000000,36.8,36.8,36.52,36.706,7814,0
WPL,D,20151002,000000,36.242,36.706,35.591,36.706,6903,0
WPL,D,20151005,000000,36.706,36.706,36.26,36.706,12876,0
WPL,D,20151006,000000,36.939,36.939,36.604,36.929,6754,0
WPL,D,20151007,000000,36.929,36.976,36.38,36.929,11366,0
WPL,D,20151008,000000,36.929,36.929,36.743,36.929,42529,0
WPL,D,20151009,000000,36.892,37.291,36.38,37.059,33080,0
WPL,D,20151012,000000,37.078,37.078,36.985,36.985,1625,0
WPL,D,20151013,000000,36.939,36.939,36.482,36.688,2459,0
WPL,D,20151014,000000,36.985,36.985,36.53,36.566,704,0
WPL,D,20151015,000000,36.52,36.697,36.52,36.697,8915,0
WPL,D,20151016,000000,36.697,36.892,36.576,36.892,10706,0
WPL,D,20151019,000000,36.632,36.892,36.632,36.771,2144,0
WPL,D,20151020,000000,36.846,36.892,36.632,36.846,1731,0
WPL,D,20151021,000000,36.53,36.846,36.53,36.846,14752,0
WPL,D,20151022,000000,36.8,36.882,36.8,36.846,1400,0
WPL,D,20151023,000000,36.706,36.985,36.706,36.976,51925,0
WPL,D,20151026,000000,36.985,37.635,36.985,37.542,4401,0
WPL,D,20151027,000000,37.542,38.1,37.542,37.774,50357,0
WPL,D,20151028,000000,37.728,38.026,37.635,37.951,12058,0
WPL,D,20151029,000000,37.951,37.97,37.311,37.97,16019,0
WPL,D,20151030,000000,37.915,37.915,37.645,37.915,3163,0
WPL,D,20151102,000000,37.45,37.915,37.45,37.915,3883,0
WPL,D,20151103,000000,37.915,38.22,37.915,38.22,4971,0
WPL,D,20151104,000000,38.128,38.472,38.128,38.128,2149,0
WPL,D,20151105,000000,38.128,38.286,37.915,38.267,2600,0
WPL,D,20151106,000000,38.267,38.545,37.915,38.1,19592,0
WPL,D,20151109,000000,38.472,38.472,37.635,38.007,51547,0
WPL,D,20151110,000000,37.915,37.915,37.551,37.728,611,0
WPL,D,20151112,000000,38.007,38.1,37.915,37.915,1141,0
WPL,D,20151113,000000,37.7,37.915,37.7,37.82,326,0
WPL,D,20151116,000000,37.161,37.82,36.242,37.078,17369,0
WPL,D,20151117,000000,37.171,37.171,37.078,37.078,5091,0
WPL,D,20151118,000000,37.078,37.125,36.808,37.078,2064,0
WPL,D,20151119,000000,37.078,37.171,37.004,37.078,8613,0
WPL,D,20151120,000000,37.032,37.264,37.004,37.115,1778,0
WPL,D,20151123,000000,37.078,37.078,36.985,37.078,7091,0
WPL,D,20151124,000000,37.078,37.161,36.316,37.078,3570,0
WPL,D,20151125,000000,37.078,37.078,36.669,37.078,5788,0
WPL,D,20151126,000000,37.078,37.394,37.078,37.088,13794,0
WPL,D,20151127,000000,37.088,37.088,37.059,37.078,27349,0
WPL,D,20151130,000000,37.078,37.105,36.817,37.078,1739,0
WPL,D,20151201,000000,36.846,37.078,36.8,36.929,4317,0
WPL,D,20151202,000000,36.343,37.059,36.343,36.976,5533,0
WPL,D,20151203,000000,36.976,37.078,36.688,37.032,4588,0
WPL,D,20151204,000000,37.059,37.059,35.963,36.52,9370,0
WPL,D,20151207,000000,36.177,37.171,36.177,36.8,14359,0
WPL,D,20151208,000000,36.251,37.078,36.251,36.482,20618,0
WPL,D,20151209,000000,36.426,36.604,35.879,36.334,8476,0
WPL,D,20151210,000000,35.498,36.056,35.498,35.647,1205,0
WPL,D,20151211,000000,35.591,35.591,32.626,33.481,3149,0
WPL,D,20151214,000000,33.918,33.918,32.2,32.525,10839,0
WPL,D,20151215,000000,32.414,33.603,32.414,33.603,2381,0
WPL,D,20151216,000000,33.603,34.894,33.603,34.383,7627,0
WPL,D,20151217,000000,34.996,35.311,34.485,35.311,5535,0
WPL,D,20151218,000000,34.477,35.767,34.477,35.665,109253,0
WPL,D,20151221,000000,35.665,36.056,35.544,35.87,62369,0
WPL,D,20151222,000000,36.056,36.242,35.87,36.148,3629,0
WPL,D,20151223,000000,36.066,37.125,36.066,36.706,56316,0
WPL,D,20151228,000000,37.032,37.171,36.474,37.171,59634,0
WPL,D,20151229,000000,37.171,37.171,36.343,36.343,6209,0
WPL,D,20151230,000000,36.613,37.105,36.613,37.078,1994,0
WPL,D,20160104,000000,36.706,36.706,36.01,36.242,1492,0
WPL,D,20160105,000000,36.436,36.436,36.436,36.436,753,0
WPL,D,20160107,000000,36.242,36.242,35.777,36.242,1192,0
WPL,D,20160108,000000,36.242,36.242,35.601,36.232,994,0
WPL,D,20160111,000000,36.242,36.242,35.331,35.601,62,0
WPL,D,20160112,000000,35.331,35.777,35.331,35.777,27593,0
WPL,D,20160113,000000,35.777,35.87,35.349,35.87,209,0
WPL,D,20160114,000000,35.331,35.331,34.987,35.311,7221,0
WPL,D,20160115,000000,35.311,35.638,34.383,35.452,5031,0
WPL,D,20160118,000000,35.311,35.311,34.215,34.894,20106,0
WPL,D,20160119,000000,34.755,34.755,33.947,34.569,1238,0
WPL,D,20160120,000000,34.549,34.848,33.593,34.848,2587,0
WPL,D,20160121,000000,34.848,34.848,33.454,33.454,3041,0
WPL,D,20160122,000000,33.464,33.918,33.083,33.083,1742,0
WPL,D,20160125,000000,34.736,34.736,33.454,34.383,168,0
WPL,D,20160126,000000,33.268,33.918,33.268,33.91,33551,0
WPL,D,20160127,000000,33.268,33.871,32.719,33.798,81875,0
WPL,D,20160128,000000,33.918,35.777,33.918,35.591,12127,0
WPL,D,20160129,000000,34.68,36.01,34.68,36.01,474,0
WPL,D,20160201,000000,35.126,35.87,35.126,35.731,269,0
WPL,D,20160202,000000,35.321,35.777,35.321,35.573,282,0
WPL,D,20160203,000000,35.777,35.777,35.414,35.777,1060,0
WPL,D,20160204,000000,35.87,36.148,35.87,35.963,1792,0
WPL,D,20160205,000000,36.102,36.148,36.056,36.102,1411,0
WPL,D,20160208,000000,36.242,36.242,35.006,36.242,3062,0
WPL,D,20160209,000000,36.242,36.242,35.033,35.601,625,0
WPL,D,20160210,000000,35.777,35.87,35.777,35.787,1749,0
WPL,D,20160211,000000,35.963,35.963,35.341,35.777,454,0
WPL,D,20160212,000000,35.87,35.963,35.861,35.861,1950,0
WPL,D,20160215,000000,35.861,35.897,35.321,35.777,2935,0
WPL,D,20160216,000000,35.87,35.87,35.684,35.684,1479,0
WPL,D,20160217,000000,35.311,35.684,35.311,35.684,523,0
WPL,D,20160218,000000,35.311,35.87,34.857,35.498,521,0
WPL,D,20160219,000000,35.591,36.056,35.591,36.046,3577,0
WPL,D,20160222,000000,36.148,36.613,35.591,36.148,5624,0
WPL,D,20160223,000000,36.242,36.242,35.907,36.242,1027,0
WPL,D,20160224,000000,36.52,36.52,35.963,36.242,998,0
WPL,D,20160225,000000,36.242,36.242,35.796,36.232,745,0
WPL,D,20160226,000000,35.787,36.706,35.787,36.613,29876,0
WPL,D,20160229,000000,36.613,36.8,36.38,36.8,2982,0
WPL,D,20160301,000000,36.892,37.069,36.52,36.892,1773,0
WPL,D,20160302,000000,36.939,36.939,36.558,36.939,1988,0
WPL,D,20160303,000000,36.939,36.939,36.706,36.715,510,0
WPL,D,20160304,000000,36.446,36.939,36.446,36.753,3941,0
WPL,D,20160307,000000,36.92,36.92,35.823,36.372,3402,0
WPL,D,20160308,000000,36.242,36.426,36.242,36.426,1220,0
WPL,D,20160309,000000,36.334,37.022,36.334,37.022,3647,0
WPL,D,20160310,000000,37.041,37.774,36.902,36.902,4057,0
WPL,D,20160311,000000,36.911,37.171,36.558,36.558,968,0
WPL,D,20160314,000000,36.985,36.985,36.334,36.939,247,0
WPL,D,20160315,000000,36.892,36.892,36.474,36.474,705,0
WPL,D,20160316,000000,36.474,36.939,36.474,36.882,3447,0
WPL,D,20160317,000000,36.892,37.095,36.53,37.095,24086,0
WPL,D,20160318,000000,37.171,38.09,37.105,37.589,11818,0
WPL,D,20160321,000000,37.542,37.542,37.19,37.273,8319,0
WPL,D,20160322,000000,37.207,37.728,37.207,37.728,11700,0
WPL,D,20160323,000000,37.868,39.029,37.868,38.1,9127,0
WPL,D,20160324,000000,38.658,38.658,38.1,38.565,706,0
WPL,D,20160329,000000,38.574,38.843,38.109,38.286,4055,0
WPL,D,20160330,000000,38.286,38.545,38.286,38.379,13326,0
WPL,D,20160331,000000,38.472,38.519,38.286,38.519,6539,0
WPL,D,20160401,000000,38.333,38.843,38.146,38.286,5464,0
WPL,D,20160404,000000,38.406,38.406,38.333,38.333,451,0
WPL,D,20160405,000000,38.453,38.453,38.1,38.333,12146,0
WPL,D,20160406,000000,38.333,38.333,38.276,38.304,17300,0
WPL,D,20160407,000000,38.333,40.144,38.333,39.029,114421,0
WPL,D,20160408,000000,39.309,39.949,38.333,39.931,49661,0
WPL,D,20160411,000000,39.959,41.203,39.939,40.888,12631,0
WPL,D,20160412,000000,41.074,43.676,41.074,42.736,188309,0
WPL,D,20160413,000000,43.584,43.63,41.826,41.826,23548,0
WPL,D,20160414,000000,41.836,42.746,41.836,42.272,1980,0
WPL,D,20160415,000000,42.43,42.44,40.237,40.888,8353,0
WPL,D,20160418,000000,40.868,40.868,40.191,40.266,3864,0
WPL,D,20160419,000000,40.423,41.715,40.423,41.677,3826,0
WPL,D,20160420,000000,41.677,42.003,41.427,41.817,3264,0
WPL,D,20160421,000000,41.427,41.427,40.478,40.868,1803,0
WPL,D,20160422,000000,40.86,40.86,40.442,40.786,20066,0
WPL,D,20160425,000000,40.609,41.352,40.609,41.352,6537,0
WPL,D,20160426,000000,40.981,41.362,40.693,40.702,2213,0
WPL,D,20160427,000000,40.609,40.609,39.27,39.867,5216,0
WPL,D,20160428,000000,39.819,41.445,39.819,41.213,6142,0
WPL,D,20160429,000000,40.991,41.817,40.991,41.817,1446,0
WPL,D,20160502,000000,42.282,42.282,40.517,42.236,1304,0
WPL,D,20160504,000000,42.236,42.736,42.003,42.736,4906,0
WPL,D,20160505,000000,42.736,42.736,41.864,41.864,1340,0
WPL,D,20160506,000000,41.641,41.641,40.796,40.796,1913,0
WPL,D,20160509,000000,40.796,40.888,40.423,40.702,5049,0
WPL,D,20160510,000000,40.609,40.749,40.423,40.423,69577,0
WPL,D,20160511,000000,40.423,41.521,40.423,41.521,14819,0
WPL,D,20160512,000000,41.537,42.096,41.537,42.096,40341,0
WPL,D,20160513,000000,42.282,44.605,41.817,44.605,20932,0
WPL,D,20160516,000000,44.605,46.139,44.605,45.907,32184,0
WPL,D,20160517,000000,45.999,46.362,45.208,45.208,3903,0
WPL,D,20160518,000000,45.218,46.184,45.116,45.953,23110,0
WPL,D,20160519,000000,45.933,45.933,44.745,44.745,3333,0
WPL,D,20160520,000000,44.745,45.023,43.814,44.595,3638,0
WPL,D,20160523,000000,43.685,43.685,43.229,43.229,795,0
WPL,D,20160524,000000,43.676,43.676,42.087,43.184,3090,0
WPL,D,20160525,000000,43.184,43.184,42.746,42.885,4380,0
WPL,D,20160527,000000,42.746,43.184,42.746,42.765,569,0
WPL,D,20160530,000000,42.793,43.666,42.746,43.574,1358,0
WPL,D,20160531,000000,43.574,43.676,42.077,43.49,1016,0
WPL,D,20160601,000000,42.375,43.201,42.19,42.746,1793,0
WPL,D,20160602,000000,42.495,43.361,42.077,43.119,864,0
WPL,D,20160603,000000,43.119,43.676,43.119,43.397,497,0
WPL,D,20160606,000000,42.756,43.648,42.756,42.849,1318,0
WPL,D,20160607,000000,42.746,43.49,42.746,42.756,4000,0
WPL,D,20160608,000000,42.746,43.49,42.19,43.211,27135,0
WPL,D,20160609,000000,44.14,44.14,43.119,43.584,31749,0
WPL,D,20160610,000000,43.676,44.131,43.211,44.131,924,0
WPL,D,20160613,000000,44.131,44.131,43.415,44.123,520,0
WPL,D,20160614,000000,43.499,44.037,42.746,44.03,4935,0
WPL,D,20160615,000000,43.211,43.211,43.211,43.211,118,0
WPL,D,20160616,000000,42.468,42.839,42.096,42.746,7634,0
WPL,D,20160617,000000,42.746,43.025,42.384,42.746,3030,0
WPL,D,20160620,000000,42.756,43.305,42.756,42.885,2318,0
WPL,D,20160621,000000,42.765,43.109,42.756,42.756,551,0
WPL,D,20160622,000000,42.756,43.388,42.756,43.295,484,0
WPL,D,20160623,000000,43.201,43.211,42.746,43.201,14182,0
WPL,D,20160624,000000,40.498,42.087,36.985,42.003,39468,0
WPL,D,20160627,000000,42.262,42.746,41.836,42.514,58496,0
WPL,D,20160628,000000,42.514,43.072,42.514,42.59,6268,0
WPL,D,20160629,000000,43.119,43.119,42.746,42.746,15464,0
WPL,D,20160630,000000,42.756,43.954,42.746,43.954,7084,0
WPL,D,20160701,000000,43.974,43.974,42.859,43.676,1899,0
WPL,D,20160704,000000,42.849,43.676,42.849,43.676,313,0
WPL,D,20160705,000000,43.676,43.676,43.025,43.025,395,0
WPL,D,20160706,000000,43.025,43.025,42.746,42.746,772,0
WPL,D,20160707,000000,44.131,44.131,42.839,42.839,367,0
WPL,D,20160708,000000,44.123,44.123,42.859,42.885,528,0
WPL,D,20160711,000000,42.979,42.979,42.746,42.793,372,0
WPL,D,20160712,000000,42.97,42.97,42.206,42.206,2125,0
WPL,D,20160713,000000,42.375,42.514,42.19,42.514,3981,0
WPL,D,20160714,000000,42.606,42.616,42.606,42.616,250,0
WPL,D,20160715,000000,43.211,43.211,42.19,42.784,299,0
WPL,D,20160718,000000,42.199,42.746,42.199,42.31,529,0
WPL,D,20160719,000000,42.291,43.305,42.291,42.56,301,0
WPL,D,20160720,000000,42.394,43.119,42.394,42.756,955,0
WPL,D,20160721,000000,42.282,43.044,42.282,42.56,518,0
WPL,D,20160722,000000,43.211,43.229,43.211,43.229,578,0
WPL,D,20160725,000000,43.22,43.703,42.924,42.924,445,0
WPL,D,20160726,000000,42.793,44.14,42.793,44.14,11280,0
WPL,D,20160727,000000,44.14,45.907,44.14,45.534,7600,0
WPL,D,20160728,000000,45.877,46.37,45.534,46.37,14568,0
WPL,D,20160729,000000,46.37,46.37,46.036,46.323,46172,0
WPL,D,20160801,000000,46.323,46.323,44.977,45.312,2322,0
WPL,D,20160802,000000,46.184,46.184,45.543,45.989,880,0
WPL,D,20160803,000000,46.184,46.184,44.326,44.326,6885,0
WPL,D,20160804,000000,46.166,46.166,44.42,45.86,197,0
WPL,D,20160805,000000,44.791,45.479,44.615,44.838,1132,0
WPL,D,20160808,000000,45.534,45.628,45.534,45.534,975,0
WPL,D,20160809,000000,45.534,46.277,44.791,45.907,6298,0
WPL,D,20160810,000000,45.907,46.37,45.907,46.231,585,0
WPL,D,20160811,000000,45.907,46.231,45.907,45.907,808,0
WPL,D,20160812,000000,45.907,46.417,45.079,45.404,3063,0
WPL,D,20160816,000000,45.404,45.897,45.386,45.897,1206,0
WPL,D,20160817,000000,45.394,45.394,45.386,45.394,476,0
WPL,D,20160818,000000,45.404,45.487,44.921,45.487,344,0
WPL,D,20160819,000000,45.487,45.487,43.174,44.03,9097,0
WPL,D,20160822,000000,44.01,44.01,43.314,43.676,257,0
WPL,D,20160823,000000,43.676,45.432,43.584,45.432,6072,0
WPL,D,20160824,000000,44.243,45.023,44.243,44.503,298,0
WPL,D,20160825,000000,44.483,45.069,44.42,45.069,2163,0
WPL,D,20160826,000000,45.069,45.534,44.605,45.534,246,0
WPL,D,20160829,000000,44.893,44.893,44.605,44.615,718,0
WPL,D,20160830,000000,44.791,45.525,44.791,45.255,2779,0
WPL,D,20160831,000000,45.525,47.393,45.525,47.393,43773,0
WPL,D,20160901,000000,47.393,48.778,46.928,46.928,47139,0
WPL,D,20160902,000000,48.304,48.304,46.51,47.393,805,0
WPL,D,20160905,000000,47.347,48.304,47.347,48.304,3135,0
WPL,D,20160906,000000,48.304,50.645,47.412,50.637,6134,0
WPL,D,20160907,000000,50.645,53.619,50.645,51.9,52909,0
WPL,D,20160908,000000,52.866,52.95,51.667,52.875,4478,0
WPL,D,20160909,000000,52.875,52.875,51.667,52.039,8525,0
WPL,D,20160912,000000,52.077,52.875,51.109,51.109,8550,0
WPL,D,20160913,000000,51.109,52.021,50.785,51.109,3185,0
WPL,D,20160914,000000,51.296,51.481,50.645,50.738,3970,0
WPL,D,20160915,000000,50.775,51.109,49.902,50.088,2878,0
WPL,D,20160916,000000,50.171,50.319,49.531,49.624,3264,0
WPL,D,20160919,000000,49.624,50.896,49.624,50.367,2219,0
WPL,D,20160920,000000,50.832,51.388,50.375,50.413,2101,0
WPL,D,20160921,000000,50.645,50.645,49.298,49.493,7989,0
WPL,D,20160922,000000,49.994,51.109,49.437,51.109,3763,0
WPL,D,20160923,000000,51.109,51.156,50.459,51.101,57801,0
WPL,D,20160926,000000,50.738,51.101,50.18,50.367,4699,0
WPL,D,20160927,000000,50.273,50.627,50.004,50.227,11224,0
WPL,D,20160928,000000,51.054,51.054,49.632,50.18,344,0
WPL,D,20160929,000000,50.925,50.998,50.367,50.654,918,0
WPL,D,20160930,000000,50.459,52.318,50.459,51.937,755,0
WPL,D,20161003,000000,51.937,52.485,51.937,52.226,8672,0
WPL,D,20161004,000000,52.133,54.204,52.133,53.061,10791,0
WPL,D,20161005,000000,53.201,53.898,53.201,53.488,14493,0
WPL,D,20161006,000000,54.344,54.789,53.488,53.711,4252,0
WPL,D,20161007,000000,54.269,54.269,51.008,51.008,8339,0
WPL,D,20161010,000000,51.109,51.992,51.018,51.018,3162,0
WPL,D,20161011,000000,51.018,51.018,49.437,49.531,5473,0
WPL,D,20161012,000000,49.531,49.531,47.495,48.731,11970,0
WPL,D,20161013,000000,49.344,49.994,49.344,49.725,7994,0
WPL,D,20161014,000000,50.645,52.039,50.645,51.574,3381,0
WPL,D,20161017,000000,51.249,51.946,51.249,51.76,1506,0
WPL,D,20161018,000000,51.946,52.968,51.853,52.039,4644,0
WPL,D,20161019,000000,52.039,52.782,51.853,52.411,5283,0
WPL,D,20161020,000000,52.782,52.782,51.388,51.667,5375,0
WPL,D,20161021,000000,51.621,51.667,51.203,51.574,3264,0
WPL,D,20161024,000000,51.667,51.992,49.763,51.77,5136,0
WPL,D,20161025,000000,51.723,52.133,51.723,52.087,23576,0
WPL,D,20161026,000000,52.327,52.503,51.853,52.133,1848,0
WPL,D,20161027,000000,52.087,52.226,51.574,51.76,15987,0
WPL,D,20161028,000000,52.039,52.039,51.667,52.039,215,0
WPL,D,20161031,000000,52.039,52.318,51.305,51.388,829,0
WPL,D,20161102,000000,51.194,51.258,50.319,51.092,22913,0
WPL,D,20161103,000000,50.998,50.998,48.935,49.251,13719,0
WPL,D,20161104,000000,49.251,50.18,48.843,50.088,3919,0
WPL,D,20161107,000000,50.18,50.18,50.097,50.18,10345,0
WPL,D,20161108,000000,50.988,51.092,50.18,51.092,207,0
WPL,D,20161109,000000,49.251,50.18,49.251,50.18,3776,0
WPL,D,20161110,000000,51.101,51.101,49.818,50.925,2084,0
WPL,D,20161114,000000,50.972,51.109,50.31,50.832,21812,0
WPL,D,20161115,000000,50.832,50.832,50.552,50.552,27435,0
WPL,D,20161116,000000,50.552,50.552,50.18,50.18,23174,0
WPL,D,20161117,000000,50.367,50.367,50.18,50.18,69199,0
WPL,D,20161118,000000,50.18,50.18,48.879,50.18,7473,0
WPL,D,20161121,000000,50.18,50.645,48.973,50.18,4053,0
WPL,D,20161122,000000,49.716,51.109,49.716,50.273,29819,0
WPL,D,20161123,000000,51.547,51.547,50.645,50.832,277,0
WPL,D,20161124,000000,51.018,52.031,50.832,51.156,6327,0
WPL,D,20161125,000000,51.388,51.388,50.738,50.832,3913,0
WPL,D,20161128,000000,51.109,51.109,49.26,50.645,3263,0
WPL,D,20161129,000000,49.577,50.692,49.251,49.316,2226,0
WPL,D,20161130,000000,49.902,50.088,49.484,49.716,1967,0
WPL,D,20161201,000000,49.224,49.224,46.928,46.928,265740,0
WPL,D,20161202,000000,47.485,47.708,46.983,47.412,99870,0
WPL,D,20161205,000000,47.701,47.811,47.402,47.635,70374,0
WPL,D,20161206,000000,47.652,48.499,47.625,48.396,36555,0
WPL,D,20161207,000000,49.065,49.111,48.443,48.786,21208,0
WPL,D,20161208,000000,49.055,49.055,48.694,48.879,3923,0
WPL,D,20161209,000000,49.055,49.055,48.34,48.517,23187,0
WPL,D,20161212,000000,48.74,49.055,48.416,48.786,8103,0
WPL,D,20161213,000000,49.055,49.055,48.34,48.416,3511,0
WPL,D,20161214,000000,48.416,49.047,48.322,48.416,12318,0
WPL,D,20161215,000000,49.038,49.038,48.517,48.879,3211,0
WPL,D,20161216,000000,48.879,48.879,48.043,48.786,24571,0
WPL,D,20161219,000000,48.786,48.786,47.857,48.509,22682,0
WPL,D,20161220,000000,48.601,48.601,44.605,48.509,27255,0
WPL,D,20161221,000000,48.509,48.786,48.509,48.74,2976,0
WPL,D,20161222,000000,48.74,51.092,48.74,50.925,23104,0
WPL,D,20161223,000000,50.832,50.932,48.509,50.832,14831,0
WPL,D,20161227,000000,49.994,50.552,49.716,50.552,4338,0
WPL,D,20161228,000000,49.725,50.18,49.27,50.115,10088,0
WPL,D,20161229,000000,50.367,50.367,49.81,50.18,1237,0
WPL,D,20161230,000000,49.902,49.902,49.539,49.81,6276,0
WPL,D,20170102,000000,50.134,50.2,49.976,50.088,1566,0
WPL,D,20170103,000000,50.18,50.18,50.041,50.171,16449,0
WPL,D,20170104,000000,50.18,50.18,49.531,49.624,5969,0
WPL,D,20170105,000000,50.18,50.19,49.902,50.18,3449,0
WPL,D,20170109,000000,50.18,51.481,50.18,51.101,4965,0
WPL,D,20170110,000000,51.064,51.557,50.598,51.109,40241,0
WPL,D,20170111,000000,51.203,51.481,50.645,51.287,69269,0
WPL,D,20170112,000000,51.296,51.296,50.598,50.598,1922,0
WPL,D,20170113,000000,50.906,51.101,49.846,50.18,30214,0
WPL,D,20170116,000000,50.645,51.109,50.645,51.109,3474,0
WPL,D,20170117,000000,51.518,52.968,51.203,52.039,55270,0
WPL,D,20170118,000000,52.039,52.039,50.84,50.849,17112,0
WPL,D,20170119,000000,50.469,51.992,49.158,51.992,29036,0
WPL,D,20170120,000000,51.992,55.199,51.667,55.199,55625,0
WPL,D,20170123,000000,55.152,57.15,53.294,55.292,115539,0
WPL,D,20170124,000000,55.709,55.709,53.535,55.013,44359,0
WPL,D,20170125,000000,55.105,55.524,54.642,54.818,52165,0
WPL,D,20170126,000000,54.363,54.363,52.596,52.596,26826,0
WPL,D,20170127,000000,52.69,54.363,52.69,53.898,15442,0
WPL,D,20170130,000000,53.898,54.149,53.535,53.805,44984,0
WPL,D,20170131,000000,53.814,53.898,53.544,53.572,5083,0
WPL,D,20170201,000000,53.572,53.572,53.025,53.238,4248,0
WPL,D,20170202,000000,53.09,53.201,52.875,53.154,2211,0
WPL,D,20170203,000000,52.968,53.805,52.968,53.433,10147,0
WPL,D,20170206,000000,53.87,53.87,53.071,53.164,5666,0
WPL,D,20170207,000000,53.441,53.441,53.061,53.154,2772,0
WPL,D,20170208,000000,53.154,53.154,52.996,52.996,31690,0
WPL,D,20170209,000000,52.996,53.341,52.968,53.247,17808,0
WPL,D,20170210,000000,53.341,53.619,52.968,53.247,42433,0
WPL,D,20170213,000000,53.387,53.387,51.853,52.031,61903,0
WPL,D,20170214,000000,52.039,55.292,51.956,53.387,14575,0
WPL,D,20170215,000000,53.387,53.387,52.968,53.294,14327,0
WPL,D,20170216,000000,53.294,53.433,52.968,52.968,3898,0
WPL,D,20170217,000000,52.968,53.247,51.853,52.077,9857,0
WPL,D,20170220,000000,52.077,52.69,52.048,52.411,27148,0
WPL,D,20170221,000000,52.503,53.341,52.503,53.201,101700,0
WPL,D,20170222,000000,53.341,53.61,53.034,53.042,5804,0
WPL,D,20170223,000000,53.507,53.507,52.968,52.968,2400,0
WPL,D,20170224,000000,52.968,53.146,52.968,52.968,7141,0
WPL,D,20170227,000000,53.015,53.015,52.522,52.522,214,0
WPL,D,20170228,000000,52.968,52.968,51.956,52.503,5563,0
WPL,D,20170301,000000,52.457,52.772,51.77,52.039,11904,0
WPL,D,20170302,000000,52.039,53.637,51.713,53.247,26362,0
WPL,D,20170303,000000,53.015,54.689,53.015,53.99,19022,0
WPL,D,20170306,000000,53.981,54.176,53.387,53.954,22414,0
WPL,D,20170307,000000,53.665,53.898,52.736,53.433,1598,0
WPL,D,20170308,000000,53.433,53.433,52.503,53.238,4824,0
WPL,D,20170309,000000,52.513,52.968,52.503,52.968,1469,0
WPL,D,20170310,000000,52.503,53.711,52.503,53.711,11574,0
WPL,D,20170313,000000,53.015,53.433,52.875,52.875,6318,0
WPL,D,20170314,000000,53.247,53.247,50.319,51.481,60756,0
WPL,D,20170315,000000,51.574,51.574,50.645,51.109,39671,0
WPL,D,20170316,000000,51.109,51.667,50.932,51.109,30101,0
WPL,D,20170317,000000,51.713,51.853,50.925,51.574,5630,0
WPL,D,20170320,000000,51.574,51.574,51.018,51.435,2117,0
WPL,D,20170321,000000,52.031,52.596,51.333,51.751,6136,0
WPL,D,20170322,000000,51.528,51.528,50.319,51.435,2444,0
WPL,D,20170323,000000,51.435,51.528,51.109,51.518,13733,0
WPL,D,20170324,000000,51.296,52.318,51.296,51.807,1535,0
WPL,D,20170327,000000,50.645,52.039,50.645,51.76,5149,0
WPL,D,20170328,000000,51.305,51.807,51.296,51.807,3465,0
WPL,D,20170329,000000,51.807,52.031,51.481,51.853,2691,0
WPL,D,20170330,000000,52.039,52.039,51.481,52.031,5631,0
WPL,D,20170331,000000,52.011,52.011,51.408,51.946,64615,0
WPL,D,20170403,000000,51.946,51.946,51.109,51.927,4598,0
WPL,D,20170404,000000,51.918,51.918,51.231,51.648,867,0
WPL,D,20170405,000000,51.352,51.463,50.878,51.018,14435,0
WPL,D,20170406,000000,50.925,51.109,50.525,50.84,50860,0
WPL,D,20170407,000000,50.385,51.109,50.385,51.082,617,0
WPL,D,20170410,000000,51.082,51.082,50.645,50.972,57874,0
WPL,D,20170411,000000,50.654,50.654,48.806,49.233,17894,0
WPL,D,20170412,000000,49.065,50.079,47.439,49.744,53634,0
WPL,D,20170413,000000,49.594,49.985,49.158,49.985,44556,0
WPL,D,20170418,000000,49.976,49.985,49.4,49.539,29007,0
WPL,D,20170419,000000,49.521,49.846,49.354,49.707,895,0
WPL,D,20170420,000000,49.707,49.985,49.707,49.902,138994,0
WPL,D,20170421,000000,49.437,50.041,49.437,50.041,2595,0
WPL,D,20170424,000000,49.902,50.033,49.716,49.948,128537,0
WPL,D,20170425,000000,49.976,49.985,49.586,49.976,49792,0
WPL,D,20170426,000000,49.948,51.528,49.455,49.594,16451,0
WPL,D,20170427,000000,49.465,50.18,49.455,50.033,419,0
WPL,D,20170428,000000,49.958,49.958,49.484,49.548,58930,0
WPL,D,20170502,000000,49.455,49.455,48.796,48.935,1050,0
WPL,D,20170504,000000,48.879,48.889,48.322,48.601,7038,0
WPL,D,20170505,000000,47.95,48.322,47.671,48.117,11895,0
WPL,D,20170508,000000,48.09,48.09,47.717,47.83,22691,0
WPL,D,20170509,000000,47.671,47.764,46.482,46.519,21390,0
WPL,D,20170510,000000,46.463,48.201,46.463,47.225,14939,0
WPL,D,20170511,000000,48.109,48.109,45.86,46.463,28675,0
WPL,D,20170512,000000,46.463,46.463,46.008,46.092,45819,0
WPL,D,20170515,000000,45.999,46.277,45.887,46.277,43460,0
WPL,D,20170516,000000,45.813,46.323,44.707,45.999,66657,0
WPL,D,20170517,000000,46.315,47.541,46.315,47.541,3039,0
WPL,D,20170518,000000,47.551,48.127,47.022,48.043,10689,0
WPL,D,20170519,000000,48.136,49.158,48.043,49.094,59707,0
WPL,D,20170522,000000,49.085,49.204,48.416,49.065,2541,0
WPL,D,20170523,000000,48.786,51.946,48.786,51.101,34262,0
WPL,D,20170524,000000,51.008,51.574,50.645,51.481,16013,0
WPL,D,20170525,000000,51.518,51.918,50.227,51.574,5507,0
WPL,D,20170526,000000,51.574,51.574,50.925,51.574,4006,0
WPL,D,20170529,000000,51.574,51.918,51.119,51.119,52417,0
WPL,D,20170530,000000,51.574,51.574,49.39,51.463,3521,0
WPL,D,20170531,000000,51.109,51.528,50.552,51.481,7292,0
WPL,D,20170601,000000,51.109,51.109,50.832,51.109,587,0
WPL,D,20170602,000000,50.562,51.101,50.227,50.878,7956,0
WPL,D,20170605,000000,50.869,51.018,50.208,51.018,5003,0
WPL,D,20170606,000000,50.654,50.654,49.763,50.171,1120,0
WPL,D,20170607,000000,50.18,51.109,49.725,50.153,5813,0
WPL,D,20170608,000000,50.645,50.645,49.465,49.994,356,0
WPL,D,20170609,000000,49.948,50.729,49.493,50.702,16760,0
WPL,D,20170612,000000,50.59,50.59,48.843,50.227,37610,0
WPL,D,20170613,000000,49.065,50.18,49.065,49.948,3610,0
WPL,D,20170614,000000,49.251,50.459,49.251,50.459,3038,0
WPL,D,20170616,000000,50.459,50.562,49.168,50.562,823,0
WPL,D,20170619,000000,49.251,50.572,49.251,50.572,435,0
WPL,D,20170620,000000,49.27,50.552,49.27,50.552,504,0
WPL,D,20170621,000000,50.171,50.18,49.186,49.251,19425,0
WPL,D,20170622,000000,49.251,50.033,49.251,49.251,3231,0
WPL,D,20170623,000000,49.121,50.033,49.111,50.033,5768,0
WPL,D,20170626,000000,49.883,50.18,49.158,50.18,3965,0
WPL,D,20170627,000000,49.344,50.134,49.308,50.088,7090,0
WPL,D,20170628,000000,49.177,50.18,49.177,50.18,17976,0
WPL,D,20170629,000000,49.716,49.716,49.14,49.251,113851,0
WPL,D,20170630,000000,49.251,49.251,49.094,49.251,46527,0
WPL,D,20170703,000000,49.344,49.344,49.158,49.168,46929,0
WPL,D,20170704,000000,48.721,49.168,48.721,48.991,53727,0
WPL,D,20170705,000000,48.991,49.251,48.806,49.158,7804,0
WPL,D,20170706,000000,49.243,49.251,48.814,49.251,3676,0
WPL,D,20170707,000000,50.286,50.296,49.299,49.299,31642,0
WPL,D,20170710,000000,48.397,50.296,48.397,50.286,3170,0
WPL,D,20170711,000000,50.296,50.296,49.366,50.248,223,0
WPL,D,20170712,000000,50.096,50.106,48.692,50.106,21518,0
WPL,D,20170713,000000,49.916,49.916,48.977,49.024,793,0
WPL,D,20170714,000000,49.195,50.296,49.195,50.296,10269,0
WPL,D,20170717,000000,50.296,50.296,49.375,50.296,3952,0
WPL,D,20170718,000000,49.356,50.286,49.356,50.286,10034,0
WPL,D,20170719,000000,50.191,50.296,49.356,50.296,3425,0
WPL,D,20170720,000000,50.201,51.225,48.967,50.305,33913,0
WPL,D,20170721,000000,50.343,51.197,49.014,50.817,11273,0
WPL,D,20170724,000000,50.722,50.722,49.356,50.266,1417,0
WPL,D,20170725,000000,49.441,50.276,49.071,50.181,27479,0
WPL,D,20170726,000000,50.276,50.286,49.223,50.286,1414,0
WPL,D,20170727,000000,49.944,51.102,49.46,51.102,2537,0
WPL,D,20170728,000000,51.036,51.036,49.488,50.191,4468,0
WPL,D,20170731,000000,50.239,50.239,49.109,50.219,3692,0
WPL,D,20170801,000000,49.176,49.821,49.176,49.821,1755,0
WPL,D,20170802,000000,49.46,49.812,49.166,49.812,994,0
WPL,D,20170803,000000,49.233,49.251,48.502,49.099,11105,0
WPL,D,20170804,000000,48.397,48.682,48.397,48.682,7339,0
WPL,D,20170807,000000,48.397,49.043,48.397,49.043,386,0
WPL,D,20170808,000000,49.099,50.286,49.099,50.286,221,0
WPL,D,20170809,000000,49.346,49.346,48.255,48.672,28747,0
WPL,D,20170810,000000,48.596,50.181,47.022,50.181,4931,0
WPL,D,20170811,000000,50.172,50.172,48.692,49.337,3480,0
WPL,D,20170814,000000,50.181,50.181,48.397,49.859,350,0
WPL,D,20170816,000000,50.153,50.286,49.147,50.286,547,0
WPL,D,20170817,000000,48.919,50.296,48.919,50.296,391,0
WPL,D,20170818,000000,48.919,49.812,48.919,49.812,509,0
WPL,D,20170821,000000,48.901,48.919,48.729,48.862,764,0
WPL,D,20170822,000000,48.692,48.692,47.686,48.303,593,0
WPL,D,20170823,000000,47.743,47.828,46.832,47.448,8130,0
WPL,D,20170824,000000,48.871,48.871,46.253,46.471,4027,0
WPL,D,20170825,000000,46.186,46.965,46.177,46.955,72802,0
WPL,D,20170828,000000,46.955,47.164,46.177,47.164,2339,0
WPL,D,20170829,000000,46.433,47.429,46.31,46.49,1349,0
WPL,D,20170830,000000,46.177,46.499,46.119,46.376,826,0
WPL,D,20170831,000000,46.025,46.025,43.795,45.446,9450,0
WPL,D,20170901,000000,44.231,44.241,43.89,44.118,5681,0
WPL,D,20170904,000000,44.08,44.08,43.178,43.624,60738,0
WPL,D,20170905,000000,43.624,43.89,43.462,43.843,3537,0
WPL,D,20170906,000000,43.652,44.108,43.557,43.728,213351,0
WPL,D,20170907,000000,43.728,43.937,42.76,43.937,118698,0
WPL,D,20170908,000000,43.937,44.127,43.776,44.127,2474,0
WPL,D,20170911,000000,44.098,44.317,43.292,44.033,192317,0
WPL,D,20170912,000000,44.127,44.127,43.017,43.272,3445,0
WPL,D,20170913,000000,43.272,43.272,42.333,42.893,3378,0
WPL,D,20170914,000000,42.713,42.713,41.423,41.755,53475,0
WPL,D,20170915,000000,41.755,42.419,40.814,42.419,48103,0
WPL,D,20170918,000000,42.883,43.462,42.419,43.083,1273,0
WPL,D,20170919,000000,43.083,45.123,42.059,43.634,168289,0
WPL,D,20170920,000000,42.333,44.222,42.333,43.604,69277,0
WPL,D,20170921,000000,43.035,43.604,41.755,41.755,4368,0
WPL,D,20170922,000000,41.678,43.701,41.678,42.713,9093,0
WPL,D,20170925,000000,42.703,42.798,41.992,42.798,19484,0
WPL,D,20170926,000000,42.893,43.444,42.144,42.865,2805,0
WPL,D,20170927,000000,42.76,43.491,42.229,42.229,60488,0
WPL,D,20170928,000000,42.362,43.255,42.096,42.106,47626,0
WPL,D,20170929,000000,42.314,42.703,42.249,42.703,956,0
WPL,D,20171002,000000,43.272,43.272,42.239,42.703,205,0
WPL,D,20171003,000000,42.257,43.169,41.29,41.29,4331,0
WPL,D,20171004,000000,41.28,42.694,40.824,41.28,56330,0
WPL,D,20171005,000000,41.09,41.375,41.09,41.28,2692,0
WPL,D,20171006,000000,41.195,42.134,41.195,41.29,1769,0
WPL,D,20171009,000000,42.703,42.703,41.385,42.694,105,0
WPL,D,20171010,000000,42.457,42.457,41.394,42.409,290,0
WPL,D,20171011,000000,41.631,42.703,40.814,41.27,214228,0
WPL,D,20171012,000000,40.996,40.996,40.854,40.854,1400,0
WPL,D,20171013,000000,40.797,40.797,40.189,40.303,58535,0
WPL,D,20171016,000000,40.236,40.236,39.667,40.046,53402,0
WPL,D,20171017,000000,39.771,39.951,39.392,39.857,40156,0
WPL,D,20171018,000000,39.392,41.755,39.392,41.28,59347,0
WPL,D,20171019,000000,41.28,41.755,40.814,41.755,31710,0
WPL,D,20171020,000000,42.324,43.169,41.764,41.773,6965,0
WPL,D,20171023,000000,41.85,42.399,41.85,41.867,1278,0
WPL,D,20171024,000000,41.85,41.85,40.758,40.806,2318,0
WPL,D,20171025,000000,40.758,40.758,39.961,40.331,28882,0
WPL,D,20171026,000000,40.103,40.967,39.904,40.967,1719,0
WPL,D,20171027,000000,41.186,41.186,39.951,40.425,1937,0
WPL,D,20171030,000000,40.806,40.91,40.103,40.331,2849,0
WPL,D,20171031,000000,40.322,40.322,39.097,40.236,6445,0
WPL,D,20171102,000000,39.667,40.806,39.667,40.806,48544,0
WPL,D,20171103,000000,40.806,40.806,40.331,40.568,23083,0
WPL,D,20171106,000000,40.739,41.375,40.615,41.375,14259,0
WPL,D,20171107,000000,41.28,41.28,40.806,41.28,8082,0
WPL,D,20171108,000000,40.863,41.612,40.758,40.758,24610,0
WPL,D,20171109,000000,40.806,40.806,39.525,39.857,3137,0
WPL,D,20171110,000000,39.923,40.331,39.867,40.331,2398,0
WPL,D,20171113,000000,39.857,40.331,39.857,40.008,6568,0
WPL,D,20171114,000000,40.331,42.608,40.331,42.001,57134,0
WPL,D,20171115,000000,42.656,42.656,41.992,41.992,10744,0
WPL,D,20171116,000000,41.973,41.973,40.521,41.85,608,0
WPL,D,20171117,000000,42.001,42.001,41.85,41.85,116,0
WPL,D,20171120,000000,41.764,41.764,40.806,40.806,2287,0
WPL,D,20171121,000000,40.806,40.806,40.806,40.806,450,0
WPL,D,20171122,000000,40.806,40.806,40.806,40.806,685,0
WPL,D,20171123,000000,40.72,41.28,40.72,41.176,23206,0
WPL,D,20171124,000000,40.986,40.986,40.806,40.806,347,0
WPL,D,20171127,000000,40.597,41.09,39.98,41.09,17370,0
WPL,D,20171128,000000,41.09,42.001,40.806,42.001,1300,0
WPL,D,20171129,000000,41.982,41.982,40.929,41.85,6297,0
WPL,D,20171130,000000,40.948,41.992,40.948,41.992,2893,0
WPL,D,20171201,000000,41.992,42.039,40.814,41.186,3390,0
WPL,D,20171204,000000,40.814,41.735,40.806,41.565,293,0
WPL,D,20171205,000000,40.91,41.28,40.91,41.27,562,0
WPL,D,20171206,000000,41.565,41.755,40.948,41.735,22694,0
WPL,D,20171207,000000,41.755,42.229,41.47,42.229,6815,0
WPL,D,20171208,000000,41.755,43.548,41.755,43.51,21452,0
WPL,D,20171211,000000,43.652,43.652,42.713,43.644,2062,0
WPL,D,20171212,000000,42.893,43.51,42.703,43.51,4182,0
WPL,D,20171213,000000,43.501,43.501,42.95,43.169,520,0
WPL,D,20171214,000000,42.703,42.96,41.86,42.94,367,0
WPL,D,20171215,000000,42.694,43.178,42.694,43.169,4530,0
WPL,D,20171218,000000,43.169,43.169,41.812,42.371,34484,0
WPL,D,20171219,000000,42.514,42.591,41.954,42.371,6541,0
WPL,D,20171220,000000,42.476,43.083,42.476,43.073,6568,0
WPL,D,20171221,000000,42.134,42.703,42.134,42.703,10140,0
WPL,D,20171222,000000,43.035,43.178,42.333,43.178,28445,0
WPL,D,20171227,000000,43.462,44.981,42.76,44.981,9317,0
WPL,D,20171228,000000,44.933,47.875,43.966,47.875,18953,0
WPL,D,20171229,000000,47.828,47.828,46.025,46.025,34007,0
WPL,D,20180103,000000,46.025,47.639,43.843,44.791,6395,0
WPL,D,20180104,000000,44.886,45.74,44.601,45.74,5491,0
WPL,D,20180105,000000,45.646,46.025,45.171,46.025,514,0
WPL,D,20180108,000000,45.835,45.929,45.74,45.929,79989,0
WPL,D,20180109,000000,45.646,45.929,45.646,45.74,9002,0
WPL,D,20180110,000000,45.835,46.975,45.835,46.975,42517,0
WPL,D,20180111,000000,47.354,48.777,46.025,48.397,66676,0
WPL,D,20180112,000000,48.967,48.967,47.639,47.639,37453,0
WPL,D,20180115,000000,47.448,47.828,46.975,47.828,1791,0
WPL,D,20180116,000000,47.828,47.828,46.975,47.639,19365,0
WPL,D,20180117,000000,47.448,47.448,46.499,46.879,2577,0
WPL,D,20180118,000000,46.784,47.448,46.593,47.448,6044,0
WPL,D,20180119,000000,47.828,47.828,47.448,47.448,45729,0
WPL,D,20180122,000000,47.164,49.346,47.164,49.156,75938,0
WPL,D,20180123,000000,49.346,50.106,48.777,49.346,154055,0
WPL,D,20180124,000000,49.156,49.156,48.207,48.207,1005,0
WPL,D,20180125,000000,47.069,47.448,46.593,46.593,2911,0
WPL,D,20180126,000000,47.258,48.777,47.258,48.587,3995,0
WPL,D,20180129,000000,48.397,49.536,48.397,49.346,54882,0
WPL,D,20180130,000000,48.967,49.346,47.828,49.346,478,0
WPL,D,20180131,000000,49.156,49.346,48.397,49.346,1566,0
WPL,D,20180201,000000,49.156,49.536,49.156,49.156,164,0
WPL,D,20180202,000000,49.346,49.536,49.346,49.536,12268,0
WPL,D,20180205,000000,47.448,49.346,45.74,49.346,4881,0
WPL,D,20180206,000000,46.593,49.536,46.593,48.587,287966,0
WPL,D,20180207,000000,48.587,49.156,48.397,49.156,9456,0
WPL,D,20180208,000000,48.207,49.346,48.018,49.346,862,0
WPL,D,20180209,000000,47.448,47.828,47.069,47.448,14468,0
WPL,D,20180212,000000,47.448,48.397,47.448,48.397,789,0
WPL,D,20180213,000000,48.777,48.777,47.639,48.587,4140,0
WPL,D,20180214,000000,48.967,51.054,48.018,50.485,123291,0
WPL,D,20180215,000000,50.296,51.624,50.106,51.624,8503,0
WPL,D,20180216,000000,50.296,51.624,50.106,50.296,45452,0
WPL,D,20180219,000000,50.296,51.244,50.296,51.244,16716,0
WPL,D,20180220,000000,51.054,51.244,50.296,50.675,1643,0
WPL,D,20180221,000000,49.726,50.485,49.726,50.485,457,0
WPL,D,20180222,000000,50.296,51.244,50.296,51.244,791,0
WPL,D,20180223,000000,50.485,50.485,50.296,50.485,1677,0
WPL,D,20180226,000000,50.485,50.485,50.296,50.296,1603,0
WPL,D,20180227,000000,50.296,50.296,49.346,50.296,3639,0
WPL,D,20180228,000000,49.346,49.726,48.777,49.726,10210,0
WPL,D,20180301,000000,49.726,50.485,49.726,50.485,1447,0
WPL,D,20180302,000000,50.485,50.485,49.726,49.726,91898,0
WPL,D,20180305,000000,49.346,49.346,49.346,49.346,10,0
WPL,D,20180306,000000,49.346,50.296,49.346,50.296,11162,0
WPL,D,20180307,000000,50.296,50.296,49.346,49.726,16491,0
WPL,D,20180308,000000,49.536,50.296,49.536,50.106,5050,0
WPL,D,20180309,000000,49.536,49.536,48.967,49.346,440,0
WPL,D,20180312,000000,49.916,50.296,48.587,50.106,4490,0
WPL,D,20180313,000000,50.106,50.675,49.346,50.675,36020,0
WPL,D,20180314,000000,50.675,50.675,49.346,49.346,878,0
WPL,D,20180315,000000,51.054,51.244,49.916,51.054,49080,0
WPL,D,20180316,000000,51.244,51.814,50.865,51.814,21096,0
WPL,D,20180319,000000,52.193,52.193,49.536,51.814,3738,0
WPL,D,20180320,000000,49.726,51.244,49.726,51.244,1735,0
WPL,D,20180321,000000,51.244,51.434,50.296,51.054,138518,0
WPL,D,20180322,000000,51.244,51.244,50.296,50.296,5306,0
WPL,D,20180323,000000,50.296,50.296,49.916,49.916,157,0
WPL,D,20180326,000000,49.346,51.244,49.346,51.244,196,0
WPL,D,20180327,000000,51.244,51.244,50.296,51.244,123925,0
WPL,D,20180328,000000,51.244,51.244,49.346,50.106,74832,0
WPL,D,20180329,000000,49.916,51.244,48.967,50.485,12777,0
WPL,D,20180403,000000,50.296,50.865,49.156,50.865,63,0
WPL,D,20180404,000000,49.346,49.916,49.346,49.726,3463,0
WPL,D,20180405,000000,49.346,49.536,49.346,49.536,7958,0
WPL,D,20180406,000000,50.296,50.296,48.207,49.156,3827,0
WPL,D,20180409,000000,48.018,50.106,48.018,50.106,7660,0
WPL,D,20180410,000000,49.916,51.244,49.916,51.244,54190,0
WPL,D,20180411,000000,51.244,51.244,49.536,51.244,260,0
WPL,D,20180412,000000,49.536,52.003,49.536,52.003,11636,0
WPL,D,20180413,000000,50.485,51.244,50.485,51.244,608,0
WPL,D,20180416,000000,51.054,51.054,49.536,50.865,7475,0
WPL,D,20180417,000000,50.865,51.054,50.675,51.054,13739,0
WPL,D,20180418,000000,50.865,50.865,49.916,50.485,11597,0
WPL,D,20180419,000000,49.156,51.244,49.156,49.916,17027,0
WPL,D,20180420,000000,50.296,51.244,50.296,51.244,4327,0
WPL,D,20180423,000000,50.675,51.244,50.296,51.244,53299,0
WPL,D,20180424,000000,50.675,52.953,50.675,52.953,48125,0
WPL,D,20180425,000000,53.143,53.143,52.572,53.143,11921,0
WPL,D,20180426,000000,53.143,53.522,52.953,53.143,83148,0
WPL,D,20180427,000000,53.143,53.332,52.953,52.953,69926,0
WPL,D,20180430,000000,53.143,53.332,50.296,50.296,4976,0
WPL,D,20180502,000000,51.624,52.193,50.675,51.434,5329,0
WPL,D,20180504,000000,51.814,52.003,51.054,52.003,1732,0
WPL,D,20180507,000000,51.814,52.763,51.434,52.193,12041,0
WPL,D,20180508,000000,52.193,53.143,51.624,53.143,36058,0
WPL,D,20180509,000000,53.143,53.143,52.763,53.143,79542,0
WPL,D,20180510,000000,53.143,53.143,51.624,53.143,36652,0
WPL,D,20180511,000000,53.143,53.143,52.382,53.143,72203,0
WPL,D,20180514,000000,53.143,53.143,52.193,53.143,432,0
WPL,D,20180515,000000,53.143,53.143,52.572,53.143,4706,0
WPL,D,20180516,000000,53.332,53.711,53.143,53.711,10999,0
WPL,D,20180517,000000,53.711,53.711,52.382,53.522,12215,0
WPL,D,20180518,000000,52.763,53.143,52.763,52.953,24482,0
WPL,D,20180521,000000,53.522,53.711,52.382,53.711,142,0
WPL,D,20180522,000000,53.901,54.092,51.814,53.143,26191,0
WPL,D,20180523,000000,53.143,53.143,51.624,52.193,14172,0
WPL,D,20180524,000000,52.382,52.953,50.485,51.244,21906,0
WPL,D,20180525,000000,51.244,51.244,49.536,51.244,11075,0
WPL,D,20180528,000000,51.244,52.572,50.485,52.572,59228,0
WPL,D,20180529,000000,52.382,52.382,50.675,51.054,1504,0
WPL,D,20180530,000000,51.054,51.624,50.296,51.244,2474,0
WPL,D,20180601,000000,49.726,52.193,49.726,51.814,14289,0
WPL,D,20180604,000000,51.244,51.434,50.675,51.244,6371,0
WPL,D,20180605,000000,51.244,51.244,50.296,50.865,13904,0
WPL,D,20180606,000000,49.916,49.916,49.916,49.916,344,0
WPL,D,20180607,000000,49.916,52.003,48.967,52.003,13107,0
WPL,D,20180608,000000,50.675,50.675,50.675,50.675,91,0
WPL,D,20180611,000000,50.485,52.003,50.485,51.244,980,0
WPL,D,20180612,000000,51.244,51.624,50.865,50.865,1702,0
WPL,D,20180613,000000,50.485,51.244,50.296,50.296,1647,0
WPL,D,20180614,000000,50.296,50.865,49.346,49.536,3221,0
WPL,D,20180615,000000,49.346,50.106,49.346,50.106,38923,0
WPL,D,20180618,000000,49.916,49.916,49.346,49.346,2518,0
WPL,D,20180619,000000,48.777,49.346,47.448,49.346,8014,0
WPL,D,20180620,000000,49.156,49.156,47.639,47.639,23244,0
WPL,D,20180621,000000,47.448,49.726,47.448,48.397,8970,0
WPL,D,20180622,000000,48.397,48.397,47.448,47.448,828,0
WPL,D,20180625,000000,47.164,48.397,44.791,48.397,7738,0
WPL,D,20180626,000000,48.397,48.397,48.207,48.397,1002,0
WPL,D,20180627,000000,47.448,47.639,46.975,46.975,38022,0
WPL,D,20180628,000000,47.354,47.448,46.499,46.499,85769,0
WPL,D,20180629,000000,46.499,48.207,46.499,48.207,968,0
WPL,D,20180702,000000,47.828,48.207,47.448,48.018,2695,0
WPL,D,20180703,000000,47.639,47.639,47.448,47.448,6646,0
WPL,D,20180704,000000,48.207,48.207,48.018,48.018,323,0
WPL,D,20180705,000000,47.448,48.207,47.448,48.207,376,0
WPL,D,20180706,000000,47.639,48.207,47.448,48.207,2279,0
WPL,D,20180709,000000,48.401,53.241,48.401,49.176,4070,0
WPL,D,20180710,000000,49.176,49.176,48.401,48.401,27150,0
WPL,D,20180711,000000,47.433,48.788,46.756,48.305,7408,0
WPL,D,20180712,000000,48.401,48.981,48.401,48.981,28765,0
WPL,D,20180713,000000,48.788,48.788,48.014,48.788,5287,0
WPL,D,20180716,000000,47.723,48.788,46.949,48.788,5843,0
WPL,D,20180717,000000,48.401,48.401,47.53,48.401,4487,0
WPL,D,20180718,000000,47.53,48.401,47.53,48.401,3010,0
WPL,D,20180719,000000,47.82,47.82,47.723,47.723,33,0
WPL,D,20180720,000000,47.53,47.917,47.336,47.336,1620,0
WPL,D,20180723,000000,47.24,49.176,46.465,46.465,68541,0
WPL,D,20180724,000000,47.723,47.723,46.465,46.465,16881,0
WPL,D,20180725,000000,46.465,46.465,46.465,46.465,62,0
WPL,D,20180726,000000,46.658,46.658,46.175,46.175,6351,0
WPL,D,20180727,000000,46.175,47.046,46.175,46.756,32634,0
WPL,D,20180730,000000,47.046,47.046,46.465,46.465,1311,0
WPL,D,20180731,000000,46.562,47.336,45.787,47.336,6352,0
WPL,D,20180801,000000,47.24,47.433,46.175,47.433,5270,0
WPL,D,20180802,000000,47.433,47.627,46.465,47.433,13890,0
WPL,D,20180803,000000,48.207,48.207,46.562,46.562,660,0
WPL,D,20180806,000000,46.756,46.756,46.465,46.465,19220,0
WPL,D,20180807,000000,47.046,47.336,46.078,46.078,331,0
WPL,D,20180808,000000,47.046,47.24,46.175,46.562,49296,0
WPL,D,20180810,000000,47.24,47.24,45.981,46.465,4389,0
WPL,D,20180813,000000,45.981,46.465,45.981,46.465,254,0
WPL,D,20180814,000000,46.465,46.465,46.465,46.465,686,0
WPL,D,20180816,000000,45.981,46.852,45.981,46.852,20712,0
WPL,D,20180817,000000,46.852,46.852,46.852,46.852,31,0
WPL,D,20180820,000000,47.24,47.24,46.271,46.271,90,0
WPL,D,20180821,000000,47.24,47.723,46.756,47.723,3166,0
WPL,D,20180822,000000,47.24,49.176,47.24,49.176,47340,0
WPL,D,20180823,000000,48.111,49.176,48.111,49.176,3072,0
WPL,D,20180824,000000,49.176,51.305,48.981,51.305,1954,0
WPL,D,20180827,000000,51.305,51.305,50.337,51.305,7037,0
WPL,D,20180828,000000,51.305,53.822,51.305,53.822,124382,0
WPL,D,20180829,000000,51.499,55.177,51.499,55.177,21880,0
WPL,D,20180830,000000,55.177,55.177,52.467,54.209,21479,0
WPL,D,20180831,000000,52.08,55.177,52.08,55.177,111349,0
WPL,D,20180903,000000,55.177,55.177,52.854,53.241,5916,0
WPL,D,20180904,000000,52.66,53.241,49.369,49.369,4634,0
WPL,D,20180905,000000,49.369,50.337,47.433,48.401,3149,0
WPL,D,20180906,000000,48.305,48.305,44.722,48.111,58303,0
WPL,D,20180907,000000,47.53,48.401,47.53,48.305,10285,0
WPL,D,20180910,000000,48.305,50.337,46.852,50.337,1488,0
WPL,D,20180911,000000,48.401,50.918,48.401,50.918,1354,0
WPL,D,20180912,000000,52.08,52.08,50.724,51.305,15098,0
WPL,D,20180913,000000,51.111,51.111,51.111,51.111,291,0
WPL,D,20180914,000000,49.95,52.273,49.95,50.724,25354,0
WPL,D,20180917,000000,50.724,50.724,50.337,50.724,10454,0
WPL,D,20180918,000000,50.337,50.337,49.176,49.369,84,0
WPL,D,20180919,000000,49.369,52.273,48.014,48.981,654,0
WPL,D,20180920,000000,47.82,49.176,47.82,48.401,2300,0
WPL,D,20180921,000000,48.305,48.788,47.917,48.401,470,0
WPL,D,20180924,000000,47.046,50.531,47.046,48.981,5775,0
WPL,D,20180925,000000,49.369,49.369,48.981,48.981,25430,0
WPL,D,20180926,000000,48.981,49.176,48.401,49.176,39344,0
WPL,D,20180927,000000,48.788,49.369,48.788,49.369,4943,0
WPL,D,20180928,000000,49.369,49.95,48.788,49.95,7116,0
WPL,D,20181001,000000,49.757,50.724,49.757,49.95,13454,0
WPL,D,20181002,000000,49.95,50.337,49.95,50.337,2053,0
WPL,D,20181003,000000,49.95,49.95,48.981,49.369,9418,0
WPL,D,20181004,000000,49.95,50.337,49.95,50.337,741,0
WPL,D,20181005,000000,49.757,49.95,49.757,49.95,67,0
WPL,D,20181008,000000,49.95,49.95,48.788,49.369,860,0
WPL,D,20181009,000000,49.95,49.95,48.594,48.594,238,0
WPL,D,20181010,000000,49.176,49.176,48.788,48.788,10941,0
WPL,D,20181011,000000,48.788,49.369,48.594,48.594,7803,0
WPL,D,20181012,000000,49.369,49.369,48.594,49.369,7068,0
WPL,D,20181015,000000,49.369,50.144,48.111,50.144,4859,0
WPL,D,20181016,000000,50.144,52.273,49.176,50.337,8568,0
WPL,D,20181017,000000,52.273,52.273,49.369,50.337,18309,0
WPL,D,20181018,000000,50.337,51.886,49.563,50.337,15534,0
WPL,D,20181019,000000,49.95,52.273,49.757,52.273,777,0
WPL,D,20181022,000000,51.886,52.273,51.305,51.305,357,0
WPL,D,20181023,000000,50.918,50.918,49.369,49.369,1076,0
WPL,D,20181024,000000,49.369,52.273,48.594,48.594,1251,0
WPL,D,20181025,000000,48.594,49.369,47.723,49.369,1162,0
WPL,D,20181026,000000,48.594,49.757,48.594,49.757,5757,0
WPL,D,20181029,000000,49.176,49.757,48.014,48.401,36202,0
WPL,D,20181030,000000,48.305,50.531,48.305,49.176,7441,0
WPL,D,20181031,000000,48.594,51.111,48.111,50.337,27700,0
WPL,D,20181102,000000,50.337,51.305,50.337,51.305,9069,0
WPL,D,20181105,000000,51.693,51.693,50.531,51.693,194,0
WPL,D,20181106,000000,50.724,51.693,50.144,51.693,511,0
WPL,D,20181107,000000,51.305,53.241,50.918,51.886,30492,0
WPL,D,20181108,000000,52.273,53.241,50.724,51.886,4596,0
WPL,D,20181109,000000,51.499,52.273,51.305,52.273,3196,0
WPL,D,20181113,000000,52.273,52.273,50.337,51.305,1208,0
WPL,D,20181114,000000,51.305,51.886,50.918,51.305,926,0
WPL,D,20181115,000000,51.305,51.499,50.918,51.305,1831,0
WPL,D,20181116,000000,51.305,51.305,49.95,50.337,5114,0
WPL,D,20181119,000000,50.337,50.337,48.594,49.176,3199,0
WPL,D,20181120,000000,48.788,48.788,46.658,48.401,25865,0
WPL,D,20181121,000000,48.401,48.401,48.305,48.401,10352,0
WPL,D,20181122,000000,48.594,48.788,47.723,48.401,7251,0
WPL,D,20181123,000000,48.401,48.401,47.917,48.401,3558,0
WPL,D,20181126,000000,48.111,48.981,48.111,48.401,382,0
WPL,D,20181127,000000,48.401,48.401,48.401,48.401,26,0
WPL,D,20181128,000000,48.401,48.401,48.111,48.401,4082,0
WPL,D,20181129,000000,48.401,48.788,48.207,48.401,10165,0
WPL,D,20181130,000000,49.563,50.337,48.111,48.111,2293,0
WPL,D,20181203,000000,48.305,49.757,48.305,49.563,42460,0
WPL,D,20181204,000000,50.337,51.305,50.144,50.531,1292,0
WPL,D,20181205,000000,50.144,51.305,50.144,51.305,1208,0
WPL,D,20181206,000000,50.337,50.337,49.757,50.337,47242,0
WPL,D,20181207,000000,50.337,50.337,48.981,48.981,7691,0
WPL,D,20181210,000000,49.757,51.111,48.594,49.176,8161,0
WPL,D,20181211,000000,49.369,51.305,48.401,50.531,80741,0
WPL,D,20181212,000000,51.305,51.305,49.563,49.95,5386,0
WPL,D,20181213,000000,50.337,52.273,50.337,51.305,69226,0
WPL,D,20181214,000000,51.693,51.693,50.531,51.111,12236,0
WPL,D,20181217,000000,51.693,51.693,49.95,50.337,32623,0
WPL,D,20181218,000000,50.337,50.337,49.369,49.757,11647,0
WPL,D,20181219,000000,49.95,50.337,49.369,50.337,162940,0
WPL,D,20181220,000000,50.337,50.337,48.981,49.757,819,0
WPL,D,20181221,000000,50.144,50.144,49.369,49.563,369,0
WPL,D,20181227,000000,50.337,51.886,49.369,51.305,13958,0
WPL,D,20181228,000000,51.886,51.886,50.337,51.111,9258,0
WPL,D,20190102,000000,51.886,51.886,49.369,51.111,11836,0
WPL,D,20190103,000000,51.305,52.273,50.724,51.693,55994,0
WPL,D,20190104,000000,51.305,51.886,51.305,51.305,57817,0
WPL,D,20190107,000000,51.305,52.08,51.111,51.499,20566,0
WPL,D,20190108,000000,51.499,51.693,51.305,51.693,7524,0
WPL,D,20190109,000000,51.499,51.693,51.305,51.693,7394,0
WPL,D,20190110,000000,51.693,51.886,51.305,51.886,29173,0
WPL,D,20190111,000000,51.886,51.886,51.111,51.499,456,0
WPL,D,20190114,000000,52.273,52.273,51.499,51.499,9752,0
WPL,D,20190115,000000,51.886,51.886,51.305,51.886,1289,0
WPL,D,20190116,000000,51.886,53.241,51.305,53.241,39237,0
WPL,D,20190117,000000,53.047,53.047,52.08,52.08,1499,0
WPL,D,20190118,000000,52.467,53.434,52.467,53.047,3502,0
WPL,D,20190121,000000,52.854,53.047,52.66,53.047,24629,0
WPL,D,20190122,000000,52.854,53.241,52.854,53.047,34527,0
WPL,D,20190123,000000,53.047,54.983,53.047,53.629,61486,0
WPL,D,20190124,000000,53.434,56.146,53.434,56.146,40395,0
WPL,D,20190125,000000,56.146,56.339,55.759,56.146,29444,0
WPL,D,20190128,000000,56.533,56.533,55.564,56.146,4652,0
WPL,D,20190129,000000,55.952,56.339,55.564,56.146,26362,0
WPL,D,20190130,000000,55.37,55.952,54.403,54.79,4594,0
WPL,D,20190131,000000,54.79,56.533,54.79,56.533,86822,0
WPL,D,20190201,000000,56.533,57.113,56.339,57.113,2762,0
WPL,D,20190204,000000,57.113,57.113,56.533,57.113,13716,0
WPL,D,20190205,000000,56.146,57.5,55.177,57.5,3635,0
WPL,D,20190206,000000,56.146,58.275,56.146,58.082,9637,0
WPL,D,20190207,000000,58.275,58.275,55.952,55.952,4635,0
WPL,D,20190208,000000,56.726,58.082,55.952,57.113,5292,0
WPL,D,20190211,000000,57.694,57.888,56.533,56.533,6808,0
WPL,D,20190212,000000,57.113,57.113,55.952,56.146,1649,0
WPL,D,20190213,000000,55.952,56.533,54.596,54.983,2494,0
WPL,D,20190214,000000,56.146,56.146,53.629,54.596,4082,0
WPL,D,20190215,000000,54.209,56.146,53.629,55.37,46641,0
WPL,D,20190218,000000,57.113,57.113,55.177,55.759,1675,0
WPL,D,20190219,000000,55.759,55.759,55.37,55.37,66,0
WPL,D,20190220,000000,55.177,55.759,53.434,55.759,4005,0
WPL,D,20190221,000000,54.403,56.339,54.403,56.339,4481,0
WPL,D,20190222,000000,57.113,57.113,55.177,57.113,447,0
WPL,D,20190225,000000,56.92,57.113,55.177,55.564,4848,0
WPL,D,20190226,000000,55.952,55.952,54.403,54.403,1531,0
WPL,D,20190227,000000,54.596,55.759,54.016,54.209,7251,0
WPL,D,20190228,000000,54.79,54.79,54.016,54.209,16992,0
WPL,D,20190301,000000,54.209,54.209,53.629,53.822,4192,0
WPL,D,20190304,000000,53.241,53.629,52.66,53.629,2061,0
WPL,D,20190305,000000,53.822,54.403,53.629,53.629,543,0
WPL,D,20190306,000000,54.016,54.983,54.016,54.016,8414,0
WPL,D,20190307,000000,54.209,54.209,54.016,54.016,1459,0
WPL,D,20190308,000000,54.016,54.016,53.629,53.822,1480,0
WPL,D,20190311,000000,54.983,54.983,53.434,53.822,14448,0
WPL,D,20190312,000000,54.79,54.79,53.822,54.209,399,0
WPL,D,20190313,000000,54.596,56.146,54.016,56.146,12500,0
WPL,D,20190314,000000,55.37,55.37,54.403,54.983,32549,0
WPL,D,20190315,000000,55.759,55.759,54.403,55.177,6354,0
WPL,D,20190318,000000,55.177,55.37,54.209,54.596,9559,0
WPL,D,20190319,000000,54.596,55.37,54.596,55.177,856,0
WPL,D,20190320,000000,54.983,56.146,54.983,56.146,6525,0
WPL,D,20190321,000000,55.952,58.856,55.952,57.5,21879,0
WPL,D,20190322,000000,57.5,58.082,57.113,57.113,2439,0
WPL,D,20190325,000000,57.113,57.113,56.339,57.113,114,0
WPL,D,20190326,000000,56.146,56.533,55.37,56.146,9072,0
WPL,D,20190327,000000,55.759,57.113,55.759,56.92,743,0
WPL,D,20190328,000000,57.307,57.307,55.564,55.564,3298,0
WPL,D,20190329,000000,56.726,56.92,55.564,56.92,312,0
WPL,D,20190401,000000,57.888,57.888,55.759,56.146,1174,0
WPL,D,20190402,000000,57.888,57.888,55.952,57.694,249342,0
WPL,D,20190403,000000,57.694,57.694,57.113,57.694,4665,0
WPL,D,20190404,000000,57.5,57.888,56.92,57.888,8925,0
WPL,D,20190405,000000,57.888,58.082,57.113,58.082,1072,0
WPL,D,20190408,000000,57.888,58.082,57.307,57.307,2782,0
WPL,D,20190409,000000,57.5,57.888,56.533,57.5,2844,0
WPL,D,20190410,000000,57.694,57.888,57.113,57.5,23527,0
WPL,D,20190411,000000,57.307,58.856,57.307,58.469,87225,0
WPL,D,20190412,000000,58.082,58.856,57.888,58.082,26351,0
WPL,D,20190415,000000,58.469,59.049,56.92,57.694,922,0
WPL,D,20190416,000000,58.856,58.856,58.082,58.082,965,0
WPL,D,20190417,000000,58.082,58.082,57.113,57.888,369,0
WPL,D,20190418,000000,57.113,57.113,55.952,56.92,16657,0
WPL,D,20190423,000000,56.146,57.888,56.146,57.888,1373,0
WPL,D,20190424,000000,57.888,57.888,56.339,56.339,3993,0
WPL,D,20190425,000000,57.113,57.694,57.113,57.694,18833,0
WPL,D,20190426,000000,56.533,57.694,56.533,57.307,9843,0
WPL,D,20190429,000000,57.113,58.082,56.726,57.307,12283,0
WPL,D,20190430,000000,57.113,58.082,56.339,58.082,1084,0
WPL,D,20190502,000000,57.113,58.082,57.113,57.307,616,0
WPL,D,20190506,000000,57.888,57.888,54.79,55.952,8212,0
WPL,D,20190507,000000,55.952,57.113,55.952,56.339,6569,0
WPL,D,20190508,000000,56.146,56.339,55.759,55.759,398,0
WPL,D,20190509,000000,55.759,55.952,55.759,55.952,21345,0
WPL,D,20190510,000000,55.564,56.533,55.564,56.533,63178,0
WPL,D,20190513,000000,56.146,56.339,55.952,55.952,11097,0
WPL,D,20190514,000000,55.37,59.049,55.37,56.146,3582,0
WPL,D,20190515,000000,56.339,58.469,56.146,56.726,1791,0
WPL,D,20190516,000000,56.726,57.113,56.726,56.92,2034,0
WPL,D,20190517,000000,56.92,56.92,55.37,55.952,8780,0
WPL,D,20190520,000000,55.564,55.564,53.629,54.209,20893,0
WPL,D,20190521,000000,54.209,54.983,53.629,53.629,3187,0
WPL,D,20190522,000000,53.822,54.596,53.629,54.403,3299,0
WPL,D,20190523,000000,54.209,54.983,54.209,54.403,7317,0
WPL,D,20190524,000000,54.403,54.983,54.209,54.209,24853,0
WPL,D,20190527,000000,54.403,56.146,54.403,55.759,24917,0
WPL,D,20190528,000000,54.983,56.339,54.983,55.952,3093,0
WPL,D,20190529,000000,55.37,55.37,54.596,54.596,430,0
WPL,D,20190530,000000,55.177,55.37,54.983,54.983,352,0
WPL,D,20190531,000000,54.983,55.952,54.403,55.952,756,0
WPL,D,20190603,000000,55.952,56.726,55.759,56.146,32143,0
WPL,D,20190604,000000,56.726,56.726,55.952,55.952,20881,0
WPL,D,20190605,000000,55.177,56.146,55.177,55.564,890,0
WPL,D,20190606,000000,56.353,58.914,56.353,58.717,2762,0
WPL,D,20190607,000000,57.141,58.914,57.141,58.126,32204,0
WPL,D,20190610,000000,58.717,59.111,57.535,59.111,1541,0
WPL,D,20190611,000000,58.914,59.505,58.914,59.111,1193,0
WPL,D,20190612,000000,58.717,58.717,58.126,58.126,4019,0
WPL,D,20190613,000000,58.52,62.067,58.126,61.081,20991,0
WPL,D,20190614,000000,61.081,62.067,61.081,61.476,97547,0
WPL,D,20190617,000000,61.673,61.87,61.279,61.279,66986,0
WPL,D,20190618,000000,61.279,61.87,59.505,61.673,38756,0
WPL,D,20190619,000000,61.673,62.264,61.081,61.081,29686,0
WPL,D,20190621,000000,61.081,62.067,60.884,62.067,3736,0
WPL,D,20190624,000000,62.067,62.264,61.279,61.87,5298,0
WPL,D,20190625,000000,62.264,62.264,60.49,61.673,2490,0
WPL,D,20190626,000000,61.673,62.855,61.081,61.673,3245,0
WPL,D,20190627,000000,61.673,62.658,61.673,62.461,1237,0
WPL,D,20190628,000000,61.87,62.067,61.279,61.87,8312,0
WPL,D,20190701,000000,62.855,62.855,58.914,59.111,46766,0
WPL,D,20190702,000000,61.476,62.658,59.702,60.293,53977,0
WPL,D,20190703,000000,60.293,62.264,60.096,60.884,52515,0
WPL,D,20190704,000000,61.081,62.067,60.096,61.081,3223,0
WPL,D,20190705,000000,61.081,62.067,61.081,62.067,1464,0
WPL,D,20190708,000000,62.461,62.658,61.279,62.461,4128,0
WPL,D,20190709,000000,62.067,62.067,61.279,61.673,2333,0
WPL,D,20190710,000000,61.673,62.855,61.081,62.658,4746,0
WPL,D,20190711,000000,61.87,61.87,60.293,60.293,353,0
WPL,D,20190712,000000,60.293,62.067,59.505,59.702,901,0
WPL,D,20190715,000000,59.505,60.096,59.111,59.308,12679,0
WPL,D,20190716,000000,59.702,59.899,59.111,59.111,3461,0
WPL,D,20190717,000000,59.308,59.899,57.732,58.914,2948,0
WPL,D,20190718,000000,58.52,60.096,58.52,59.111,660,0
WPL,D,20190719,000000,60.096,60.293,59.111,59.111,621,0
WPL,D,20190722,000000,58.914,60.49,58.914,60.293,1359,0
WPL,D,20190723,000000,60.293,60.293,60.096,60.293,722,0
WPL,D,20190724,000000,60.293,61.081,60.293,61.081,6064,0
WPL,D,20190725,000000,60.096,61.081,60.096,61.081,2298,0
WPL,D,20190726,000000,60.884,62.067,60.884,61.081,3129,0
WPL,D,20190729,000000,61.87,61.87,61.081,61.673,3996,0
WPL,D,20190730,000000,61.673,61.87,61.081,61.87,590,0
WPL,D,20190731,000000,61.476,62.658,61.081,61.476,44672,0
WPL,D,20190801,000000,62.461,62.461,61.081,61.081,10594,0
WPL,D,20190802,000000,61.081,61.87,61.081,61.081,6575,0
WPL,D,20190805,000000,61.673,61.673,60.687,61.279,115904,0
WPL,D,20190806,000000,61.081,62.067,60.49,61.081,5323,0
WPL,D,20190807,000000,61.081,61.476,60.293,61.476,608,0
WPL,D,20190808,000000,61.476,62.264,59.702,61.081,5435,0
WPL,D,20190809,000000,61.476,62.067,58.717,59.111,5619,0
WPL,D,20190812,000000,59.111,62.658,58.323,60.884,54547,0
WPL,D,20190813,000000,60.884,61.87,59.899,61.87,8699,0
WPL,D,20190814,000000,61.081,61.279,60.096,60.096,1835,0
WPL,D,20190816,000000,60.096,62.461,60.096,61.081,1069,0
WPL,D,20190819,000000,62.067,62.067,60.293,61.081,1765,0
WPL,D,20190820,000000,60.884,62.067,60.687,62.067,35040,0
WPL,D,20190821,000000,61.87,62.067,61.081,61.081,1378,0
WPL,D,20190822,000000,61.279,61.279,59.308,59.308,5321,0
WPL,D,20190823,000000,61.673,61.673,59.111,59.111,2875,0
WPL,D,20190826,000000,58.126,60.884,58.126,59.702,1044,0
WPL,D,20190827,000000,60.096,60.096,58.323,58.323,2292,0
WPL,D,20190828,000000,59.505,60.096,58.323,58.323,2983,0
WPL,D,20190829,000000,58.717,59.702,58.52,59.702,932,0
WPL,D,20190830,000000,59.899,60.884,59.702,60.096,4593,0
WPL,D,20190902,000000,60.096,60.49,60.096,60.49,1004,0
WPL,D,20190903,000000,59.899,60.884,59.899,60.293,564,0
WPL,D,20190904,000000,60.49,62.461,60.49,61.673,2752,0
WPL,D,20190905,000000,61.673,62.067,61.476,62.067,5052,0
WPL,D,20190906,000000,62.067,62.067,60.687,60.687,7206,0
WPL,D,20190909,000000,60.687,62.264,60.687,61.081,7236,0
WPL,D,20190910,000000,61.87,62.067,60.49,61.081,8979,0
WPL,D,20190911,000000,59.702,61.673,59.702,60.884,17270,0
WPL,D,20190912,000000,61.279,62.067,61.279,62.067,2844,0
WPL,D,20190913,000000,61.081,62.067,59.899,62.067,3074,0
WPL,D,20190916,000000,62.067,62.855,61.673,62.855,20006,0
WPL,D,20190917,000000,62.855,62.855,62.264,62.658,3439,0
WPL,D,20190918,000000,63.052,65.416,62.067,64.037,14035,0
WPL,D,20190919,000000,64.628,65.022,63.643,65.022,67622,0
WPL,D,20190920,000000,65.022,65.022,64.037,65.022,5405,0
WPL,D,20190923,000000,65.022,65.022,64.037,64.825,9124,0
WPL,D,20190924,000000,64.825,64.825,64.037,64.825,13368,0
WPL,D,20190925,000000,64.037,64.825,63.446,64.825,34416,0
WPL,D,20190926,000000,64.628,65.022,64.234,64.825,23743,0
WPL,D,20190927,000000,65.022,65.416,64.628,65.022,11637,0
WPL,D,20190930,000000,65.416,66.007,65.416,66.007,26471,0
WPL,D,20191001,000000,67.978,67.978,64.431,65.81,17851,0
WPL,D,20191002,000000,65.81,65.81,63.643,64.037,23669,0
WPL,D,20191003,000000,64.037,65.613,63.446,65.219,2368,0
WPL,D,20191004,000000,65.219,66.204,64.431,66.204,7247,0
WPL,D,20191007,000000,67.19,67.584,64.234,66.007,1184,0
WPL,D,20191008,000000,66.401,66.401,64.037,65.219,57872,0
WPL,D,20191009,000000,65.416,65.416,64.037,64.037,308,0
WPL,D,20191010,000000,65.022,65.022,65.022,65.022,331,0
WPL,D,20191011,000000,65.022,65.613,64.825,65.022,1409,0
WPL,D,20191014,000000,64.234,65.81,64.037,65.022,2351,0
WPL,D,20191015,000000,67.781,67.781,64.234,66.007,913,0
WPL,D,20191016,000000,67.387,67.387,65.613,66.007,712,0
WPL,D,20191017,000000,64.234,66.796,64.234,65.219,1998,0
WPL,D,20191018,000000,65.613,65.81,64.037,64.037,15805,0
WPL,D,20191021,000000,64.628,66.401,62.461,64.037,52956,0
WPL,D,20191022,000000,64.825,64.825,62.264,63.84,4615,0
WPL,D,20191023,000000,64.825,65.416,63.052,63.052,16622,0
WPL,D,20191024,000000,63.052,63.052,61.87,62.855,20823,0
WPL,D,20191025,000000,62.658,62.855,61.081,62.067,1998,0
WPL,D,20191028,000000,60.884,63.052,60.884,63.052,3922,0
WPL,D,20191029,000000,65.022,65.022,62.855,63.84,518,0
WPL,D,20191030,000000,63.446,65.219,62.658,62.658,19224,0
WPL,D,20191031,000000,63.643,64.037,61.081,63.249,1370,0
WPL,D,20191104,000000,62.461,66.599,62.461,64.037,3178,0
WPL,D,20191105,000000,63.643,65.416,63.643,64.234,965,0
WPL,D,20191106,000000,63.249,64.628,63.052,63.052,975,0
WPL,D,20191107,000000,63.052,64.234,63.052,63.84,5922,0
WPL,D,20191108,000000,63.84,63.84,63.249,63.249,41,0
WPL,D,20191112,000000,63.052,64.431,63.052,64.431,1257,0
WPL,D,20191113,000000,65.022,65.022,63.052,64.628,4597,0
WPL,D,20191114,000000,64.628,64.628,62.658,64.234,2361,0
WPL,D,20191115,000000,63.446,65.022,63.446,65.022,2076,0
WPL,D,20191118,000000,66.204,66.993,63.446,66.993,6681,0
WPL,D,20191119,000000,65.219,67.978,65.219,67.584,6348,0
WPL,D,20191120,000000,67.584,67.584,65.219,66.401,2050,0
WPL,D,20191121,000000,65.613,65.613,64.234,65.613,851,0
WPL,D,20191122,000000,65.613,66.796,65.022,65.416,6346,0
WPL,D,20191125,000000,65.613,67.584,65.613,66.796,8099,0
WPL,D,20191126,000000,66.401,67.387,66.204,67.387,52077,0
WPL,D,20191127,000000,66.796,67.978,66.796,67.978,954,0
WPL,D,20191128,000000,67.978,67.978,66.993,67.978,203,0
WPL,D,20191129,000000,67.19,67.781,66.993,67.387,5668,0
WPL,D,20191202,000000,67.781,67.781,66.993,67.781,936,0
WPL,D,20191203,000000,67.978,67.978,65.022,66.796,4772,0
WPL,D,20191204,000000,66.796,67.387,66.796,67.19,6008,0
WPL,D,20191205,000000,66.796,67.781,66.204,67.387,3401,0
WPL,D,20191206,000000,67.19,67.387,66.401,67.19,3388,0
WPL,D,20191209,000000,66.401,66.993,65.613,66.993,288,0
WPL,D,20191210,000000,67.19,67.978,65.022,66.401,1841,0
WPL,D,20191211,000000,67.781,67.781,65.613,66.007,2752,0
WPL,D,20191212,000000,66.007,67.978,65.416,65.416,2430,0
WPL,D,20191213,000000,65.416,66.007,63.446,66.007,29080,0
WPL,D,20191216,000000,66.007,68.963,66.007,67.781,12078,0
WPL,D,20191217,000000,67.978,67.978,67.19,67.19,1070,0
WPL,D,20191218,000000,67.978,68.963,67.19,68.175,35982,0
WPL,D,20191219,000000,68.175,68.569,66.007,66.007,9723,0
WPL,D,20191220,000000,66.993,69.554,66.401,68.569,33473,0
WPL,D,20191223,000000,68.372,68.372,67.978,67.978,6580,0
WPL,D,20191227,000000,68.963,68.963,67.978,68.766,3916,0
WPL,D,20191230,000000,67.978,68.963,67.978,68.766,5922,0
WPL,D,20200102,000000,68.963,70.736,68.175,69.357,2124,0
WPL,D,20200103,000000,69.948,70.342,68.372,69.948,26861,0
WPL,D,20200107,000000,69.948,76.844,69.948,75.859,18190,0
WPL,D,20200108,000000,79.8,79.8,76.45,76.45,16763,0
WPL,D,20200109,000000,79.8,79.8,73.101,73.101,10132,0
WPL,D,20200110,000000,72.904,73.692,70.539,72.904,9074,0
WPL,D,20200113,000000,72.904,75.268,72.904,73.889,22226,0
WPL,D,20200114,000000,73.889,77.239,73.889,76.45,6395,0
WPL,D,20200115,000000,76.647,78.815,76.253,77.041,19902,0
WPL,D,20200116,000000,76.647,77.83,75.465,76.844,3717,0
WPL,D,20200117,000000,76.844,77.436,75.859,76.253,2070,0
WPL,D,20200120,000000,77.239,77.239,74.48,76.253,2604,0
WPL,D,20200121,000000,75.662,77.041,75.662,75.859,36994,0
WPL,D,20200122,000000,76.253,77.239,76.056,76.844,9715,0
WPL,D,20200123,000000,78.618,79.406,77.436,78.815,16076,0
WPL,D,20200124,000000,79.209,81.376,78.027,81.179,4748,0
WPL,D,20200127,000000,81.77,81.77,79.406,79.8,20624,0
WPL,D,20200128,000000,79.8,80.588,78.027,79.209,1397,0
WPL,D,20200129,000000,79.997,79.997,77.239,78.224,1231,0
WPL,D,20200130,000000,78.224,80.785,77.83,78.618,45528,0
WPL,D,20200131,000000,78.224,80.588,78.224,79.8,12673,0
WPL,D,20200203,000000,79.406,80.391,78.618,80.391,1613,0
WPL,D,20200204,000000,81.179,81.179,80.391,80.982,42152,0
WPL,D,20200205,000000,80.982,87.287,80.785,85.12,23330,0
WPL,D,20200206,000000,87.681,87.681,82.361,83.938,13348,0
WPL,D,20200207,000000,83.938,85.711,80.982,83.544,1339,0
WPL,D,20200210,000000,85.12,85.317,80.982,82.953,2509,0
WPL,D,20200211,000000,82.164,85.12,81.77,82.756,2017,0
WPL,D,20200212,000000,82.953,82.953,82.164,82.756,11011,0
WPL,D,20200213,000000,82.559,82.756,82.361,82.756,7273,0
WPL,D,20200214,000000,82.756,83.741,82.164,83.741,5618,0
WPL,D,20200217,000000,83.347,86.696,83.347,83.347,1563,0
WPL,D,20200218,000000,83.741,85.514,82.953,83.741,1826,0
WPL,D,20200219,000000,83.741,84.726,83.741,84.726,13330,0
WPL,D,20200220,000000,84.726,86.893,84.726,86.105,5543,0
WPL,D,20200221,000000,85.711,87.287,83.938,85.514,4833,0
WPL,D,20200224,000000,83.938,84.529,81.179,82.559,2634,0
WPL,D,20200225,000000,79.012,79.012,73.889,77.633,21001,0
WPL,D,20200226,000000,76.844,79.406,76.844,78.224,3697,0
WPL,D,20200227,000000,75.071,78.618,74.874,74.874,17917,0
WPL,D,20200228,000000,73.889,76.844,69.948,74.086,30551,0
WPL,D,20200302,000000,73.889,77.83,69.948,69.948,37640,0
WPL,D,20200303,000000,72.904,75.859,72.51,74.086,16177,0
WPL,D,20200304,000000,77.436,78.224,75.465,76.844,5030,0
WPL,D,20200305,000000,78.815,81.77,76.647,77.83,6246,0
WPL,D,20200306,000000,74.874,77.239,71.13,72.313,81692,0
WPL,D,20200309,000000,65.81,71.721,65.613,67.19,37280,0
WPL,D,20200310,000000,66.993,70.933,66.993,68.372,10477,0
WPL,D,20200311,000000,71.919,71.919,61.476,65.613,10118,0
WPL,D,20200312,000000,60.096,61.673,57.929,59.111,119074,0
WPL,D,20200313,000000,61.476,61.476,49.85,49.85,115602,0
WPL,D,20200316,000000,50.639,52.215,42.363,46.698,38660,0
WPL,D,20200317,000000,50.244,52.609,47.88,51.23,12018,0
WPL,D,20200318,000000,50.836,55.17,49.653,52.412,15769,0
WPL,D,20200319,000000,50.441,53.003,50.441,53.003,12255,0
WPL,D,20200320,000000,54.579,56.55,54.579,56.156,19982,0
WPL,D,20200323,000000,57.535,57.535,52.412,53.2,13271,0
WPL,D,20200324,000000,54.973,58.52,53.791,55.17,11408,0
WPL,D,20200325,000000,56.944,57.338,52.806,54.382,6316,0
WPL,D,20200326,000000,54.185,54.185,53.2,53.2,16445,0
WPL,D,20200327,000000,53.594,54.185,52.215,52.412,5899,0
WPL,D,20200330,000000,52.806,52.806,51.23,52.215,5229,0
WPL,D,20200331,000000,53.2,53.2,52.215,53.2,9607,0
WPL,D,20200401,000000,52.609,54.382,52.215,53.988,4223,0
WPL,D,20200402,000000,53.988,55.17,53.2,54.185,7065,0
WPL,D,20200403,000000,54.185,54.185,52.609,53.988,3844,0
WPL,D,20200406,000000,54.185,54.973,54.185,54.973,8289,0
WPL,D,20200407,000000,55.17,57.141,55.17,56.747,43815,0
WPL,D,20200408,000000,57.338,58.717,57.141,57.732,27020,0
WPL,D,20200409,000000,57.141,63.052,57.141,63.052,31505,0
WPL,D,20200414,000000,64.825,68.963,64.825,66.007,47632,0
WPL,D,20200415,000000,66.007,66.007,62.067,64.431,14029,0
WPL,D,20200416,000000,64.037,66.007,63.052,63.84,28176,0
WPL,D,20200417,000000,63.84,66.796,63.643,66.796,5243,0
WPL,D,20200420,000000,66.993,70.933,66.007,69.16,42980,0
WPL,D,20200421,000000,68.569,72.51,66.007,69.948,88351,0
WPL,D,20200422,000000,70.933,70.933,66.007,70.145,120449,0
WPL,D,20200423,000000,69.357,69.357,65.613,66.599,22072,0
WPL,D,20200424,000000,66.599,68.569,65.613,66.599,22625,0
WPL,D,20200427,000000,66.993,67.978,62.067,62.067,14453,0
WPL,D,20200428,000000,62.067,65.219,62.067,64.825,187168,0
WPL,D,20200429,000000,65.81,66.401,63.84,66.401,3193,0
WPL,D,20200430,000000,66.796,67.978,65.613,66.007,13202,0
WPL,D,20200504,000000,66.993,67.19,66.007,66.796,20772,0
WPL,D,20200505,000000,67.387,68.963,63.643,65.022,14554,0
WPL,D,20200506,000000,66.796,66.796,63.643,65.022,14689,0
WPL,D,20200507,000000,66.599,66.599,64.431,65.81,1007,0
WPL,D,20200508,000000,66.007,66.007,65.022,65.416,769,0
WPL,D,20200511,000000,65.022,66.796,65.022,66.007,1110,0
WPL,D,20200512,000000,65.022,68.766,65.022,67.387,18921,0
WPL,D,20200513,000000,67.387,67.781,66.007,66.993,170702,0
WPL,D,20200514,000000,66.993,67.19,63.249,63.643,3549,0
WPL,D,20200515,000000,64.037,68.175,64.037,65.416,2052,0
WPL,D,20200518,000000,64.234,67.387,63.446,64.628,12492,0
WPL,D,20200519,000000,65.613,65.81,63.84,65.416,18385,0
WPL,D,20200520,000000,64.234,66.796,64.234,66.007,4876,0
WPL,D,20200521,000000,66.007,66.401,65.613,66.401,646,0
WPL,D,20200522,000000,66.204,66.599,63.84,66.204,2202,0
WPL,D,20200525,000000,66.993,66.993,66.401,66.599,47262,0
WPL,D,20200526,000000,66.796,67.978,66.401,67.978,50030,0
WPL,D,20200527,000000,67.781,72.51,66.993,71.919,10605,0
WPL,D,20200528,000000,71.919,73.692,71.721,73.692,22144,0
WPL,D,20200529,000000,73.889,73.889,69.554,72.313,10777,0
WPL,D,20200601,000000,73.889,76.844,69.948,74.48,4515,0
WPL,D,20200602,000000,74.48,76.45,73.101,73.495,4767,0
WPL,D,20200603,000000,73.495,73.889,72.904,72.904,8551,0
WPL,D,20200604,000000,73.101,74.874,72.51,73.692,2890,0
WPL,D,20200605,000000,74.48,74.48,72.313,72.904,2213,0
WPL,D,20200608,000000,73.101,76.253,72.51,72.904,19789,0
WPL,D,20200609,000000,73.101,73.101,69.357,72.116,3389,0
WPL,D,20200610,000000,72.51,72.51,69.948,71.721,3600,0
WPL,D,20200612,000000,68.963,71.524,68.963,68.963,89338,0
WPL,D,20200615,000000,69.554,69.948,68.372,69.948,2134,0
WPL,D,20200616,000000,70.539,70.539,67.781,67.978,5628,0
WPL,D,20200617,000000,68.372,70.342,66.401,66.796,4585,0
WPL,D,20200618,000000,67.19,70.342,66.993,68.766,6100,0
WPL,D,20200619,000000,69.16,69.16,65.613,67.978,10134,0
WPL,D,20200622,000000,67.19,70.342,67.19,68.372,2969,0
WPL,D,20200623,000000,68.569,72.51,68.569,69.554,44735,0
WPL,D,20200624,000000,69.751,69.948,68.963,68.963,9119,0
WPL,D,20200625,000000,69.948,69.948,68.963,69.948,1244,0
WPL,D,20200626,000000,69.357,69.554,67.584,67.978,1943,0
WPL,D,20200629,000000,68.766,69.357,66.007,67.978,2942,0
WPL,D,20200630,000000,68.569,69.554,66.796,67.19,4540,0
WPL,D,20200701,000000,67.584,68.766,65.219,67.387,3180,0
WPL,D,20200702,000000,67.387,68.963,67.387,68.963,2148,0
WPL,D,20200703,000000,68.963,68.963,68.372,68.963,806,0
WPL,D,20200706,000000,68.963,68.963,68.175,68.963,6490,0
WPL,D,20200707,000000,68.766,69.16,67.978,68.372,41449,0
WPL,D,20200708,000000,69.16,71.524,68.372,69.16,6144,0
WPL,D,20200709,000000,69.751,71.721,69.16,71.13,42056,0
WPL,D,20200710,000000,70.736,71.721,69.554,69.948,1829,0
WPL,D,20200713,000000,70.736,71.721,68.569,68.963,34355,0
WPL,D,20200714,000000,69.16,71.327,69.16,69.357,18771,0
WPL,D,20200715,000000,69.554,70.342,69.554,70.342,23846,0
WPL,D,20200716,000000,70.145,70.342,69.751,70.145,4317,0
WPL,D,20200717,000000,70.145,70.145,69.357,70.145,5349,0
WPL,D,20200720,000000,70.145,71.524,69.751,70.145,3573,0
WPL,D,20200721,000000,69.948,73.692,69.948,73.692,4190,0
WPL,D,20200722,000000,74.48,74.48,70.539,70.539,3280,0
WPL,D,20200723,000000,71.13,73.298,69.751,70.933,4008,0
WPL,D,20200724,000000,70.933,70.933,67.978,69.751,1631,0
WPL,D,20200727,000000,68.963,70.736,68.175,68.569,1595,0
WPL,D,20200728,000000,68.372,69.948,66.599,67.387,1427,0
WPL,D,20200729,000000,67.387,70.145,67.19,67.978,1506,0
WPL,D,20200730,000000,67.978,70.736,67.978,68.963,10243,0
WPL,D,20200731,000000,68.175,70.736,67.19,70.145,7763,0
WPL,D,20200803,000000,70.342,76.056,68.175,75.268,4369,0
WPL,D,20200804,000000,75.268,75.268,73.101,73.889,3511,0
WPL,D,20200805,000000,73.889,74.874,73.889,74.874,1354,0
WPL,D,20200806,000000,74.086,74.677,73.889,73.889,1598,0
WPL,D,20200807,000000,73.889,74.874,73.889,73.889,1306,0
WPL,D,20200810,000000,73.101,73.495,72.313,72.904,402,0
WPL,D,20200811,000000,73.495,73.495,70.145,71.919,1483,0
WPL,D,20200812,000000,70.342,73.692,70.342,71.13,1458,0
WPL,D,20200813,000000,70.539,73.692,69.357,71.327,2105,0
WPL,D,20200814,000000,69.948,71.919,69.357,69.357,4374,0
WPL,D,20200817,000000,71.13,73.101,69.16,70.736,2357,0
WPL,D,20200818,000000,69.554,72.707,68.963,71.13,22878,0
WPL,D,20200819,000000,69.357,72.51,69.357,71.13,15681,0
WPL,D,20200820,000000,69.554,72.51,69.554,71.721,4213,0
WPL,D,20200821,000000,71.919,72.904,67.978,68.963,22947,0
WPL,D,20200824,000000,69.357,71.13,68.175,68.963,22254,0
WPL,D,20200825,000000,68.963,71.721,68.963,70.342,14679,0
WPL,D,20200826,000000,69.751,72.904,69.751,72.51,5313,0
WPL,D,20200827,000000,72.904,73.889,72.51,72.904,9487,0
WPL,D,20200828,000000,72.904,73.298,72.51,72.51,6789,0
WPL,D,20200831,000000,72.904,72.904,72.313,72.904,4746,0
WPL,D,20200901,000000,72.904,72.904,72.904,72.904,1891,0
WPL,D,20200902,000000,72.904,73.692,71.919,72.904,1517,0
WPL,D,20200903,000000,72.51,72.904,71.919,71.919,2081,0
WPL,D,20200904,000000,72.313,73.889,71.327,73.298,3934,0
WPL,D,20200907,000000,74.874,74.874,70.736,71.13,1325,0
WPL,D,20200908,000000,71.524,73.495,65.81,66.796,4085,0
WPL,D,20200909,000000,66.993,70.539,63.052,68.963,5362,0
WPL,D,20200910,000000,68.963,69.554,67.387,68.963,1146,0
WPL,D,20200911,000000,67.781,68.569,67.387,68.569,711,0
WPL,D,20200914,000000,67.584,70.736,66.993,68.569,1525,0
WPL,D,20200915,000000,67.978,68.372,66.599,67.978,73018,0
WPL,D,20200916,000000,67.978,69.357,66.401,69.357,11391,0
WPL,D,20200917,000000,69.357,71.721,67.387,68.569,1566,0
WPL,D,20200918,000000,68.766,68.766,65.416,65.613,19164,0
WPL,D,20200921,000000,65.416,71.919,65.416,65.613,5963,0
WPL,D,20200922,000000,64.825,69.948,64.037,65.613,4243,0
WPL,D,20200923,000000,65.81,68.766,65.81,67.584,11181,0
WPL,D,20200924,000000,67.584,68.372,66.993,68.372,14490,0
WPL,D,20200925,000000,68.372,68.372,67.19,67.978,1390,0
WPL,D,20200928,000000,67.978,68.963,67.584,68.963,5522,0
WPL,D,20200929,000000,68.963,72.904,68.569,70.933,13662,0
WPL,D,20200930,000000,70.933,72.116,70.933,71.721,19370,0
WPL,D,20201001,000000,71.524,71.524,67.978,67.978,3873,0
WPL,D,20201002,000000,68.766,70.342,65.81,66.993,2065,0
WPL,D,20201005,000000,68.372,71.524,65.219,67.584,3823,0
WPL,D,20201006,000000,68.175,68.569,66.007,67.19,2996,0
WPL,D,20201007,000000,67.19,67.978,66.599,67.387,510,0
WPL,D,20201008,000000,67.19,67.978,66.204,66.204,784,0
WPL,D,20201009,000000,66.796,66.796,64.628,64.825,2311,0
WPL,D,20201012,000000,65.022,70.736,64.431,70.736,6139,0
WPL,D,20201013,000000,69.751,70.145,68.963,69.948,3344,0
WPL,D,20201014,000000,69.357,72.904,69.16,71.919,48671,0
WPL,D,20201015,000000,72.904,73.692,68.175,71.919,38373,0
WPL,D,20201016,000000,71.327,73.692,68.175,73.692,12822,0
WPL,D,20201019,000000,73.692,73.692,70.145,71.919,16526,0
WPL,D,20201020,000000,71.919,72.904,71.919,72.904,3895,0
WPL,D,20201021,000000,72.116,72.904,71.919,72.904,2785,0
WPL,D,20201022,000000,72.707,72.904,71.919,72.904,7585,0
WPL,D,20201023,000000,72.904,72.904,71.919,72.51,2039,0
WPL,D,20201026,000000,72.116,72.904,69.16,72.116,3417,0
WPL,D,20201027,000000,72.51,72.707,70.933,72.313,804,0
WPL,D,20201028,000000,72.313,72.313,69.357,71.327,4321,0
WPL,D,20201029,000000,70.145,72.116,69.948,71.919,7406,0
WPL,D,20201030,000000,72.51,72.51,69.948,71.721,4171,0
WPL,D,20201102,000000,71.721,72.51,69.948,71.919,2586,0
WPL,D,20201103,000000,71.919,72.904,70.933,71.919,5030,0
WPL,D,20201104,000000,71.524,72.707,71.13,72.116,1947,0
WPL,D,20201105,000000,71.327,73.101,71.327,73.101,3634,0
WPL,D,20201106,000000,72.313,73.692,71.721,73.692,1328,0
WPL,D,20201109,000000,73.692,78.224,73.298,76.056,5395,0
WPL,D,20201110,000000,80.194,80.194,75.859,77.83,5360,0
WPL,D,20201112,000000,78.618,78.618,75.071,76.647,1261,0
WPL,D,20201113,000000,77.239,77.239,74.48,76.056,1491,0
WPL,D,20201116,000000,77.436,77.436,75.268,76.056,4445,0
WPL,D,20201117,000000,76.056,78.815,75.268,78.815,13588,0
WPL,D,20201118,000000,78.815,80.391,78.815,79.8,8897,0
WPL,D,20201119,000000,79.8,80.982,79.8,79.8,6325,0
WPL,D,20201120,000000,79.8,80.391,79.8,79.8,1429,0
WPL,D,20201123,000000,79.012,81.77,78.618,78.618,7330,0
WPL,D,20201124,000000,81.573,81.573,75.465,78.027,13756,0
WPL,D,20201125,000000,77.83,78.815,77.633,77.83,4093,0
WPL,D,20201126,000000,77.041,80.785,76.253,80.785,15436,0
WPL,D,20201127,000000,77.83,82.559,77.83,81.77,4196,0
WPL,D,20201130,000000,81.77,81.77,79.997,80.391,1281,0
WPL,D,20201201,000000,80.785,81.77,77.633,78.224,6541,0
WPL,D,20201202,000000,82.559,82.559,76.844,78.815,6151,0
WPL,D,20201203,000000,78.815,81.573,78.618,78.815,1150,0
WPL,D,20201204,000000,79.012,80.194,79.012,80.194,3018,0
WPL,D,20201207,000000,80.785,80.785,77.633,80.785,3796,0
WPL,D,20201208,000000,80.982,80.982,78.815,80.391,206,0
WPL,D,20201209,000000,81.573,82.559,80.194,80.194,7845,0
WPL,D,20201210,000000,80.982,82.559,79.012,79.8,8340,0
WPL,D,20201211,000000,79.8,81.77,79.012,79.603,7038,0
WPL,D,20201214,000000,79.8,82.164,79.209,80.391,597,0
WPL,D,20201215,000000,79.8,80.785,79.012,80.391,1778,0
WPL,D,20201216,000000,80.194,81.77,80.194,81.77,8352,0
WPL,D,20201217,000000,82.361,82.361,81.179,81.77,3451,0
WPL,D,20201218,000000,81.179,82.164,79.209,81.376,28940,0
WPL,D,20201221,000000,81.376,81.77,80.194,81.77,6825,0
WPL,D,20201222,000000,81.77,82.164,81.376,81.77,5404,0
WPL,D,20201223,000000,82.164,83.741,80.982,82.756,14500,0
WPL,D,20201228,000000,83.741,86.105,83.741,86.105,3766,0
WPL,D,20201229,000000,86.696,91.622,85.908,89.061,24163,0
WPL,D,20201230,000000,90.44,92.016,89.061,91.622,30232,0
WPL,D,20210104,000000,91.622,91.622,88.47,89.652,3576,0
WPL,D,20210105,000000,89.061,89.061,85.12,86.499,6084,0
WPL,D,20210107,000000,86.696,88.273,86.302,86.302,8639,0
WPL,D,20210108,000000,88.273,88.667,86.302,86.302,5227,0
WPL,D,20210111,000000,86.499,87.484,85.514,85.711,6847,0
WPL,D,20210112,000000,85.908,85.908,84.332,84.529,2698,0
WPL,D,20210113,000000,83.938,87.484,83.938,86.302,3228,0
WPL,D,20210114,000000,86.302,87.484,84.332,86.302,3043,0
WPL,D,20210115,000000,87.09,87.287,85.711,86.302,2667,0
WPL,D,20210118,000000,86.302,86.302,84.923,85.908,868,0
WPL,D,20210119,000000,85.711,86.696,85.514,86.696,17072,0
WPL,D,20210120,000000,86.696,88.667,85.908,88.273,6707,0
WPL,D,20210121,000000,88.273,88.667,87.09,87.287,567,0
WPL,D,20210122,000000,86.696,89.652,86.696,88.864,3565,0
WPL,D,20210125,000000,88.864,89.455,86.302,86.696,2232,0
WPL,D,20210126,000000,89.258,90.44,86.696,90.243,2473,0
WPL,D,20210127,000000,91.228,91.622,86.893,89.258,2117,0
WPL,D,20210128,000000,89.652,89.652,86.696,88.273,6703,0
WPL,D,20210129,000000,88.864,88.864,85.317,87.681,5196,0
WPL,D,20210201,000000,88.667,89.455,86.105,87.879,13868,0
WPL,D,20210202,000000,87.879,87.879,85.908,86.696,4580,0
WPL,D,20210203,000000,86.302,87.681,86.302,87.09,13024,0
WPL,D,20210204,000000,86.893,89.455,86.893,88.864,1636,0
WPL,D,20210205,000000,89.455,89.652,87.681,87.879,13211,0
WPL,D,20210208,000000,87.681,89.258,86.696,86.893,2657,0
WPL,D,20210209,000000,86.893,88.667,86.499,87.287,6497,0
WPL,D,20210210,000000,86.302,88.667,85.908,86.696,44700,0
WPL,D,20210211,000000,87.287,88.667,86.893,88.667,1478,0
WPL,D,20210212,000000,87.681,88.864,87.287,87.879,8594,0
WPL,D,20210215,000000,88.864,90.637,88.273,89.849,74023,0
WPL,D,20210216,000000,90.637,92.213,90.243,92.213,37659,0
WPL,D,20210217,000000,92.607,94.578,92.213,93.987,2374,0
WPL,D,20210218,000000,94.381,94.578,92.41,92.804,17023,0
WPL,D,20210219,000000,93.593,94.775,91.819,94.381,15006,0
WPL,D,20210222,000000,93.593,93.593,90.637,90.637,6347,0
WPL,D,20210223,000000,91.819,92.607,87.879,89.652,4999,0
WPL,D,20210224,000000,89.455,92.607,88.667,92.607,3062,0
WPL,D,20210225,000000,91.622,97.927,91.622,95.76,39670,0
WPL,D,20210226,000000,94.184,96.548,91.031,94.972,8915,0
WPL,D,20210301,000000,92.41,94.578,92.41,93.001,1601,0
WPL,D,20210302,000000,93.199,94.381,91.819,94.381,2016,0
WPL,D,20210303,000000,94.184,94.184,90.243,92.213,4598,0
WPL,D,20210304,000000,92.607,93.199,91.228,93.199,2012,0
WPL,D,20210305,000000,93.396,93.79,90.834,90.834,1993,0
WPL,D,20210308,000000,93.593,93.593,88.864,90.243,1091,0
WPL,D,20210309,000000,90.637,92.41,89.849,91.622,1092,0
WPL,D,20210310,000000,92.607,94.775,89.652,94.578,3648,0
WPL,D,20210311,000000,94.578,94.775,93.199,93.396,14505,0
WPL,D,20210312,000000,94.578,98.519,93.396,94.972,28556,0
WPL,D,20210315,000000,96.548,100.49,94.972,96.154,14899,0
WPL,D,20210316,000000,96.548,96.942,92.41,93.79,5845,0
WPL,D,20210317,000000,91.031,95.366,91.031,92.607,9242,0
WPL,D,20210318,000000,92.804,94.775,92.804,93.987,1275,0
WPL,D,20210319,000000,94.972,95.957,93.001,93.593,30677,0
WPL,D,20210322,000000,94.184,97.139,93.79,95.563,1720,0
WPL,D,20210323,000000,96.154,96.154,94.578,95.366,960,0
WPL,D,20210324,000000,95.76,95.76,94.184,94.775,2793,0
WPL,D,20210325,000000,95.76,96.351,92.213,93.396,56575,0
WPL,D,20210326,000000,94.578,95.169,93.593,94.578,3648,0
WPL,D,20210329,000000,94.578,97.336,93.79,95.169,12500,0
WPL,D,20210330,000000,94.775,98.519,94.775,96.548,11724,0
WPL,D,20210331,000000,97.73,97.73,95.169,97.533,1698,0
WPL,D,20210401,000000,97.139,97.336,95.267,96.056,3026,0
WPL,D,20210406,000000,96.056,98.519,95.957,98.519,9853,0
WPL,D,20210407,000000,98.913,104.43,97.238,98.716,13638,0
WPL,D,20210408,000000,99.5,99.5,97.533,97.829,2805,0
WPL,D,20210409,000000,97.829,98.42,96.548,97.73,6384,0
WPL,D,20210412,000000,97.73,98.223,96.253,96.548,14148,0
WPL,D,20210413,000000,97.829,99.5,97.336,98.519,4006,0
WPL,D,20210414,000000,99.307,100.49,99.11,99.9,15384,0
WPL,D,20210415,000000,100.49,102.46,97.73,97.829,10097,0
WPL,D,20210416,000000,99.307,99.5,97.336,98.519,15325,0
WPL,D,20210419,000000,98.519,99.5,97.73,98.321,5021,0
WPL,D,20210420,000000,98.913,98.913,97.041,98.124,2483,0
WPL,D,20210421,000000,95.563,98.124,95.366,97.336,1676,0
WPL,D,20210422,000000,98.519,98.519,96.056,96.056,1698,0
WPL,D,20210423,000000,96.056,97.533,94.972,96.45,7047,0
WPL,D,20210426,000000,96.253,97.73,94.381,94.381,3001,0
WPL,D,20210427,000000,95.563,97.829,95.563,97.533,14943,0
WPL,D,20210428,000000,97.829,99.307,96.844,98.519,15876,0
WPL,D,20210429,000000,98.913,100.09,96.647,100.09,68687,0
WPL,D,20210430,000000,100.29,100.29,98.519,98.716,6064,0
WPL,D,20210504,000000,99.9,99.9,96.942,96.942,4540,0
WPL,D,20210505,000000,97.139,99.7,97.139,97.73,3328,0
WPL,D,20210506,000000,98.716,100.29,97.73,99.307,14702,0
WPL,D,20210507,000000,99.7,107.39,98.716,107.39,16520,0
WPL,D,20210510,000000,107.39,107.39,104.43,107.39,3222,0
WPL,D,20210511,000000,107.39,109.95,106.4,109.95,7422,0
WPL,D,20210512,000000,109.36,110.93,106.01,109.36,5421,0
WPL,D,20210513,000000,110.54,113.1,109.36,112.71,54237,0
WPL,D,20210514,000000,113.3,114.08,112.31,112.71,2025,0
WPL,D,20210517,000000,115.07,117.24,114.87,116.25,3916,0
WPL,D,20210518,000000,117.24,117.24,114.48,117.04,9511,0
WPL,D,20210519,000000,117.24,117.24,110.14,111.72,20130,0
WPL,D,20210520,000000,111.72,112.9,106.01,107.19,4719,0
WPL,D,20210521,000000,107.39,108.57,105.41,106.99,15374,0
WPL,D,20210524,000000,107.39,109.95,105.02,105.22,2851,0
WPL,D,20210525,000000,107.39,112.11,105.22,110.14,8992,0
WPL,D,20210526,000000,111.72,115.07,109.36,112.31,18099,0
WPL,D,20210527,000000,112.51,118.03,112.51,117.24,18893,0
WPL,D,20210528,000000,118.03,118.03,111.72,113.49,4492,0
WPL,D,20210531,000000,113.49,113.49,111.33,112.31,4765,0
WPL,D,20210601,000000,113.1,116.25,110.34,110.54,9142,0
WPL,D,20210602,000000,110.93,114.08,110.93,110.93,20427,0
WPL,D,20210604,000000,113.1,113.49,111.33,113.3,7499,0
WPL,D,20210607,000000,113.69,113.69,109.95,111.52,11132,0
WPL,D,20210608,000000,109.95,111.13,109.16,109.95,2442,0
WPL,D,20210609,000000,110.14,110.14,106.79,109.16,5858,0
WPL,D,20210610,000000,110.14,110.14,106.6,106.79,25257,0
WPL,D,20210611,000000,107.39,108.37,106.79,107.39,3232,0
WPL,D,20210614,000000,107.58,107.78,106.79,107.39,2380,0
WPL,D,20210615,000000,108.37,108.37,105.61,106.99,15155,0
WPL,D,20210616,000000,106.99,109.36,106.2,107.19,74067,0
WPL,D,20210617,000000,108.17,108.17,106.4,106.6,8028,0
WPL,D,20210618,000000,107.39,109.16,101.47,106.4,21823,0
WPL,D,20210621,000000,105.2,108,104.8,106.2,1659,0
WPL,D,20210622,000000,107,112.8,106.2,109.6,5238,0
WPL,D,20210623,000000,111.4,113.8,108.2,113.2,19079,0
WPL,D,20210624,000000,113.4,118,113.4,117,59037,0
WPL,D,20210625,000000,117,118.2,116,117,8122,0
WPL,D,20210628,000000,117.8,118,114,118,1819,0
WPL,D,20210629,000000,116.2,117,114.8,115,1059,0
WPL,D,20210630,000000,116.8,116.8,113,116.2,5968,0
WPL,D,20210701,000000,116.2,118,115,116.4,89811,0
WPL,D,20210702,000000,115,118,115,118,2065,0
WPL,D,20210705,000000,118,118,117,117.6,3057,0
WPL,D,20210706,000000,117,118,116,116.4,20832,0
WPL,D,20210707,000000,117,121.8,116.2,118,12415,0
WPL,D,20210708,000000,116.6,119,115.2,116.6,9107,0
WPL,D,20210709,000000,116.2,119.4,113.6,119.4,1879,0
WPL,D,20210712,000000,119.4,119.4,115.4,118.2,1001,0
WPL,D,20210713,000000,118,123.4,116.2,123.4,13640,0
WPL,D,20210714,000000,122.8,124.4,121.2,124.4,1249,0
WPL,D,20210715,000000,124.8,124.8,116.4,116.4,9431,0
WPL,D,20210716,000000,117.2,119.8,117.2,117.6,889,0
WPL,D,20210719,000000,117.6,119,116.2,116.8,4194,0
WPL,D,20210720,000000,118,120.8,118,118,7159,0
WPL,D,20210721,000000,119,121.4,118,121,881,0
WPL,D,20210722,000000,122,122,119,121,2512,0
WPL,D,20210723,000000,122.2,124.6,119.4,124.4,7062,0
WPL,D,20210726,000000,123.4,124.6,123.2,123.2,8754,0
WPL,D,20210727,000000,124.8,125,123.4,123.4,2888,0
WPL,D,20210728,000000,123.2,125.4,123.2,125,9738,0
WPL,D,20210729,000000,125,126.8,124,125.2,5951,0
WPL,D,20210730,000000,125.2,127,121.4,122.6,2091,0
WPL,D,20210802,000000,122,126,122,125,1079,0
WPL,D,20210803,000000,125,128.8,125,125,2521,0
WPL,D,20210804,000000,124.8,128.2,124,124.8,69365,0
WPL,D,20210805,000000,124.4,125.2,124.2,125.2,8022,0
WPL,D,20210806,000000,126,128.4,124.8,128.4,1687,0
WPL,D,20210809,000000,128.4,131,125.6,127,7510,0
WPL,D,20210810,000000,127.2,127.4,125,126,20111,0
WPL,D,20210811,000000,125.2,126,123.4,125.6,1836,0
WPL,D,20210812,000000,123.4,125.8,122.8,122.8,939,0
WPL,D,20210813,000000,122.6,125.6,122.2,123,37090,0
WPL,D,20210816,000000,123.4,127.6,122.4,122.4,1653,0
WPL,D,20210817,000000,122.6,125,122.6,123,1435,0
WPL,D,20210818,000000,123,123.8,120.6,120.6,11677,0
WPL,D,20210819,000000,121,121,118.2,119.2,5564,0
WPL,D,20210820,000000,119.2,120.8,118.2,118.2,7543,0
WPL,D,20210823,000000,118.2,122.6,118.2,120,3228,0
WPL,D,20210824,000000,125.2,131.4,125.2,129,48565,0
WPL,D,20210825,000000,129.8,139.4,128,137,35704,0
WPL,D,20210826,000000,137,145,136.6,139.8,32346,0
WPL,D,20210827,000000,139.8,140,133.4,133.8,4974,0
WPL,D,20210830,000000,133.8,141.2,133.8,139.8,19272,0
WPL,D,20210831,000000,140,140,136.2,139.2,10031,0
WPL,D,20210901,000000,140,140,137,137,3169,0
WPL,D,20210902,000000,137,138.8,133,135,4114,0
WPL,D,20210903,000000,136,136.6,133,134,1556,0
WPL,D,20210906,000000,137,137.6,133.2,135,2396,0
WPL,D,20210907,000000,136.6,136.8,134.8,135,3895,0
WPL,D,20210908,000000,135,135.6,134,134,2033,0
WPL,D,20210909,000000,133.8,135.8,132,134,7473,0
WPL,D,20210910,000000,134.8,135,134.6,135,1610,0
WPL,D,20210913,000000,134.6,135.4,134.2,134.8,20039,0
WPL,D,20210914,000000,136,136,131.8,133,18878,0
WPL,D,20210915,000000,131.8,139,131.8,134.8,41668,0
WPL,D,20210916,000000,136,136,134.2,135.4,10337,0
WPL,D,20210917,000000,134.6,142.2,134.6,140,20910,0
WPL,D,20210920,000000,140,140,134.4,135,7059,0
WPL,D,20210921,000000,134.8,137,134.8,135.6,1483,0
WPL,D,20210922,000000,136,136.6,134.8,135,4267,0
WPL,D,20210923,000000,134.4,135.8,134.4,135.6,454,0
WPL,D,20210924,000000,134.4,135,133,133,1520,0
WPL,D,20210927,000000,133,135,129.6,131,3249,0
WPL,D,20210928,000000,129.4,134.2,128.4,133,3387,0
WPL,D,20210929,000000,132,135,130.4,135,13874,0
WPL,D,20210930,000000,131,135.6,131,135,72040,0
WPL,D,20211001,000000,134.4,135.6,132.6,132.6,15192,0
WPL,D,20211004,000000,132.6,134.6,131.8,133,1392,0
WPL,D,20211005,000000,132.4,135,132,135,978,0
WPL,D,20211006,000000,136.6,136.6,131.6,133.4,15921,0
WPL,D,20211007,000000,133,135.2,132.6,135,33740,0
WPL,D,20211008,000000,135.2,148.6,134.6,143.8,14197,0
WPL,D,20211011,000000,145,152,144,148,194508,0
WPL,D,20211012,000000,148,149,142,143,4440,0
WPL,D,20211013,000000,142.4,147,141.8,143.2,2899,0
WPL,D,20211014,000000,144,144.6,140.2,141.6,1993,0
WPL,D,20211015,000000,142.8,142.8,137.8,139.4,3397,0
WPL,D,20211018,000000,139.2,141.8,138.4,138.4,2723,0
WPL,D,20211019,000000,139.8,140.4,137.2,138,2452,0
WPL,D,20211020,000000,138,138,134,135.8,12544,0
WPL,D,20211021,000000,135.6,136,134.6,135,9351,0
WPL,D,20211022,000000,135,135,133,134.4,4644,0
WPL,D,20211025,000000,134.4,134.8,131.4,132.2,10810,0
WPL,D,20211026,000000,133.6,145.6,132.2,142,25887,0
WPL,D,20211027,000000,143.8,144.8,141,144.8,27682,0
WPL,D,20211028,000000,145,147,143.2,146,7980,0
WPL,D,20211029,000000,146,148,145.6,146,37773,0
WPL,D,20211102,000000,146,148,146,146.2,2021,0
WPL,D,20211103,000000,148,148,145,148,1811,0
WPL,D,20211104,000000,147.8,148,146,148,3550,0
WPL,D,20211105,000000,147.8,155.4,145.8,151,77981,0
WPL,D,20211108,000000,151,154.8,151,154.8,3608,0
WPL,D,20211109,000000,153.2,154,151,151.8,1766,0
WPL,D,20211110,000000,153.8,154,145.2,153.2,7722,0
WPL,D,20211112,000000,153,154,151,154,6052,0
WPL,D,20211115,000000,151.6,155.8,147.2,154,2778,0
WPL,D,20211116,000000,156.4,159,146.4,150.8,7193,0
WPL,D,20211117,000000,150.8,153.8,150,153.4,318,0
WPL,D,20211118,000000,153,153.4,144.6,147,4940,0
WPL,D,20211119,000000,147.8,150,143.6,149.8,3359,0
WPL,D,20211122,000000,152.6,152.8,140.2,146,4344,0
WPL,D,20211123,000000,143.8,146,141.4,141.8,4010,0
WPL,D,20211124,000000,143,147.8,138.2,138.2,1748,0
WPL,D,20211125,000000,138.6,145.4,138.6,139,2303,0
WPL,D,20211126,000000,140.6,140.6,130.2,136,18042,0
WPL,D,20211129,000000,135.8,143.8,130.4,140.2,13471,0
WPL,D,20211130,000000,140,145,135.4,145,12509,0
WPL,D,20211201,000000,145,145,138.6,138.6,2747,0
WPL,D,20211202,000000,139.4,140.6,135.4,135.4,1004,0
WPL,D,20211203,000000,136.6,142.8,136,138.6,3992,0
WPL,D,20211206,000000,138.2,143,136.2,138,4083,0
WPL,D,20211207,000000,141.8,146.2,140.4,146.2,8231,0
WPL,D,20211208,000000,146.8,148,144,145,3727,0
WPL,D,20211209,000000,147.2,147.2,141.4,142.8,1029,0
WPL,D,20211210,000000,141.4,142,137.6,138.4,2054,0
WPL,D,20211213,000000,138.8,140.8,138.2,138.4,7204,0
WPL,D,20211214,000000,140,140,134.2,135,3367,0
WPL,D,20211215,000000,136.8,137.2,135,135,3291,0
WPL,D,20211216,000000,135.2,141.8,135.2,141.8,27607,0
WPL,D,20211217,000000,138,142.6,135.2,136,24975,0
WPL,D,20211220,000000,136,136.6,126.4,134,25312,0
WPL,D,20211221,000000,134,137.8,132,137.4,8925,0
WPL,D,20211222,000000,137.6,142,134.6,140,17742,0
WPL,D,20211223,000000,141.6,141.6,136,138,10780,0
WPL,D,20211227,000000,140,143.4,137.2,140,58725,0
WPL,D,20211228,000000,142.8,142.8,139.6,139.8,22476,0
WPL,D,20211229,000000,139.8,145,139.6,142.8,38036,0
WPL,D,20211230,000000,142.8,143.6,140,141,7826,0
WPL,D,20220103,000000,141.2,143,141,142.8,56957,0
WPL,D,20220104,000000,143.6,144.8,139.2,139.2,2837,0
WPL,D,20220105,000000,140.2,142.8,138.2,141.2,24899,0
WPL,D,20220107,000000,140,142.2,138,140,4232,0
WPL,D,20220110,000000,141.2,141.4,135.2,135.2,2457,0
WPL,D,20220111,000000,137,137.8,132.6,134,5422,0
WPL,D,20220112,000000,134.8,137,134,135.2,3882,0
WPL,D,20220113,000000,135,137.6,134,137,134359,0
WPL,D,20220114,000000,136.2,136.8,133.2,133.2,3728,0
WPL,D,20220117,000000,133.2,137,130.8,135,17212,0
WPL,D,20220118,000000,135,136.4,131.2,134,3531,0
WPL,D,20220119,000000,132.2,136.6,132,132.2,3872,0
WPL,D,20220120,000000,131.2,137,131.2,134.2,3619,0
WPL,D,20220121,000000,134.4,134.6,132,132.2,4679,0
WPL,D,20220124,000000,134.4,134.8,130,130.6,9154,0
WPL,D,20220125,000000,129.4,134,129.4,132,13749,0
WPL,D,20220126,000000,131.2,133.4,131.2,133,31197,0
WPL,D,20220127,000000,133,133.6,132,133.4,20402,0
WPL,D,20220128,000000,133.2,134,130,134,29011,0
WPL,D,20220131,000000,133.4,133.8,127.4,133.8,18036,0
WPL,D,20220201,000000,133.8,133.8,130,130,7652,0
WPL,D,20220202,000000,129.8,133,128.4,131.8,8242,0
WPL,D,20220203,000000,129.6,131.6,127,128.8,1708,0
WPL,D,20220204,000000,131,131,123.2,123.8,9200,0
WPL,D,20220207,000000,124,126.8,124,125.6,3893,0
WPL,D,20220208,000000,125,125.6,121.6,122.2,2064,0
WPL,D,20220209,000000,122,123.6,118.2,119.6,6301,0
WPL,D,20220210,000000,120,120,118.6,119.8,6326,0
WPL,D,20220211,000000,120,120,118.6,118.6,7354,0
WPL,D,20220214,000000,115.6,118,112.8,117.8,4127,0
WPL,D,20220215,000000,117.4,121.8,116.2,121,7457,0
WPL,D,20220216,000000,121,121,117.6,120.2,9042,0
WPL,D,20220217,000000,120.6,120.6,117.4,119,4267,0
WPL,D,20220218,000000,120,121.4,118,119.6,2561,0
WPL,D,20220221,000000,121.6,122,119,120.2,10635,0
WPL,D,20220222,000000,115.2,124.2,114.2,124.2,9144,0
WPL,D,20220223,000000,122.6,124.8,120.8,124.4,21323,0
WPL,D,20220224,000000,112,116.8,109.6,112,49713,0
WPL,D,20220225,000000,107.6,117,107.6,117,13046,0
WPL,D,20220228,000000,117,120,110,120,22597,0
WPL,D,20220301,000000,120,120,115.2,116.2,29739,0
WPL,D,20220302,000000,118.8,121.8,115,121.8,1003,0
WPL,D,20220303,000000,118.4,120.6,114.4,116,4676,0
WPL,D,20220304,000000,116.2,116.2,108,113,1882,0
WPL,D,20220307,000000,108,110,104.2,108.6,5160,0
WPL,D,20220308,000000,106,107.8,103.4,106,25531,0
WPL,D,20220309,000000,107,107,104.4,106,42677,0
WPL,D,20220310,000000,106.6,106.6,103,104.6,19127,0
WPL,D,20220311,000000,105.8,106,104,105,6251,0
WPL,D,20220314,000000,105.2,105.2,103,103.8,12977,0
WPL,D,20220315,000000,103.8,106.6,102.4,103.8,13755,0
WPL,D,20220316,000000,106,111.6,106,110.8,3771,0
WPL,D,20220317,000000,110.8,110.8,106.4,108.8,3954,0
WPL,D,20220318,000000,109.4,111,108.2,109,40537,0
WPL,D,20220321,000000,108.8,108.8,103.4,105,58885,0
WPL,D,20220322,000000,107.6,117.8,101,117.8,44844,0
WPL,D,20220323,000000,117.8,117.8,112.8,117.2,5422,0
WPL,D,20220324,000000,117,118,114.6,118,2991,0
WPL,D,20220325,000000,117.8,124.6,116.8,124.4,10004,0
WPL,D,20220328,000000,124.8,124.8,120,121,32006,0
WPL,D,20220329,000000,121,121,114.4,114.4,20726,0
WPL,D,20220330,000000,117.4,119.2,113.6,119,6214,0
WPL,D,20220331,000000,119.2,120.8,114.8,115.2,60729,0
WPL,D,20220401,000000,115.4,117,113.2,114,4216,0
WPL,D,20220404,000000,115,120,115,119.2,12532,0
WPL,D,20220405,000000,119.8,124,118.4,120,17840,0
WPL,D,20220406,000000,120,121.2,117.2,117.2,4349,0
WPL,D,20220407,000000,121.8,121.8,115.2,116.6,2765,0
WPL,D,20220408,000000,117,119.2,111,119.2,13060,0
WPL,D,20220411,000000,119,119,112.8,113.6,7020,0
WPL,D,20220412,000000,113.4,114,112.4,112.4,26565,0
WPL,D,20220413,000000,114,115.2,114,114,1740,0
WPL,D,20220414,000000,114,116.4,113,115,7285,0
WPL,D,20220419,000000,114.8,114.8,111,112.4,6850,0
WPL,D,20220420,000000,113,114.4,107.6,107.8,27695,0
WPL,D,20220421,000000,107.8,112.6,106,108.4,11178,0
WPL,D,20220422,000000,112.6,112.6,105,105,5193,0
