<TICKER>,<PER>,<DATE>,<TIME>,<OPEN>,<HIGH>,<LOW>,<CLOSE>,<VOL>,<OPENINT>
XTB,D,20160506,000000,8.6649,9.0469,8.6414,9.0397,1917629,0
XTB,D,20160509,000000,9.0397,9.0541,8.8739,9.0018,412688,0
XTB,D,20160510,000000,8.9793,9.0018,8.8667,8.9568,42098,0
XTB,D,20160511,000000,8.9108,9.0397,8.7766,9.0397,230546,0
XTB,D,20160512,000000,9.0397,9.219,9.0018,9.1145,424656,0
XTB,D,20160513,000000,9.1595,9.3019,9.0838,9.3019,189507,0
XTB,D,20160516,000000,9.3019,9.902,9.2262,9.751,176570,0
XTB,D,20160517,000000,9.857,9.857,9.715,9.751,540621,0
XTB,D,20160518,000000,9.834,10.277,9.834,10.187,164537,0
XTB,D,20160519,000000,9.978,10.427,9.902,10.427,71586,0
XTB,D,20160520,000000,10.427,10.727,10.24,10.727,73597,0
XTB,D,20160523,000000,10.689,10.689,10.202,10.503,49247,0
XTB,D,20160524,000000,10.389,10.862,9.64,10.652,129227,0
XTB,D,20160525,000000,10.652,11.253,10.389,11.253,42767,0
XTB,D,20160527,000000,11.253,11.253,10.877,11.177,6361,0
XTB,D,20160530,000000,11.027,11.553,10.885,11.17,88396,0
XTB,D,20160531,000000,11.236,11.236,10.816,11.02,56933,0
XTB,D,20160601,000000,11.02,11.027,10.427,10.803,24217,0
XTB,D,20160602,000000,10.765,10.765,10.442,10.442,7668,0
XTB,D,20160603,000000,10.352,10.503,10,10.503,11354,0
XTB,D,20160606,000000,10.765,10.765,10.24,10.503,3269,0
XTB,D,20160607,000000,10.367,10.503,10.224,10.503,69698,0
XTB,D,20160608,000000,10.503,10.503,10.24,10.24,2026,0
XTB,D,20160609,000000,10.142,10.292,10.142,10.277,6526,0
XTB,D,20160610,000000,10.202,10.352,10.113,10.352,19446,0
XTB,D,20160613,000000,10.352,10.352,10.126,10.277,14847,0
XTB,D,20160614,000000,10.126,10.277,10.022,10.277,22531,0
XTB,D,20160615,000000,10.104,10.195,10.104,10.195,75710,0
XTB,D,20160616,000000,10.052,10.126,10.022,10.12,29580,0
XTB,D,20160617,000000,10.022,10.277,10.022,10.277,28941,0
XTB,D,20160620,000000,10.135,10.314,10.126,10.314,22798,0
XTB,D,20160621,000000,10.352,10.427,10.135,10.389,27844,0
XTB,D,20160622,000000,10.389,10.644,10.389,10.503,33918,0
XTB,D,20160623,000000,10.503,10.652,10.36,10.652,11001,0
XTB,D,20160624,000000,10.126,10.877,10,10.794,147052,0
XTB,D,20160627,000000,10.794,11.253,10.503,11.253,92545,0
XTB,D,20160628,000000,10.96,11.604,10.96,11.17,44294,0
XTB,D,20160629,000000,11.17,11.17,11.065,11.117,42880,0
XTB,D,20160630,000000,11.236,11.328,10.885,11.328,122774,0
XTB,D,20160701,000000,11.185,11.215,11.147,11.207,1313,0
XTB,D,20160704,000000,11.17,11.253,10.885,11.253,10769,0
XTB,D,20160705,000000,11.088,11.101,11.011,11.02,42095,0
XTB,D,20160706,000000,10.982,10.982,10.689,10.877,144421,0
XTB,D,20160707,000000,10.771,10.936,10.771,10.93,1739,0
XTB,D,20160708,000000,10.809,11.027,10.809,11.027,948,0
XTB,D,20160711,000000,11.236,11.236,10.885,11.132,3342,0
XTB,D,20160712,000000,11.027,11.132,10.877,11.132,29027,0
XTB,D,20160713,000000,11.027,11.231,10.508,11.02,47919,0
XTB,D,20160714,000000,11.065,11.065,10.914,11.043,25601,0
XTB,D,20160715,000000,11.132,11.132,10.742,11.02,14438,0
XTB,D,20160718,000000,11.011,11.011,10.809,11.011,83097,0
XTB,D,20160719,000000,11.005,11.011,10.562,10.644,396268,0
XTB,D,20160720,000000,10.719,10.719,10.577,10.577,11695,0
XTB,D,20160721,000000,10.577,10.862,10.54,10.862,49292,0
XTB,D,20160722,000000,10.877,10.877,10.615,10.771,2986,0
XTB,D,20160725,000000,10.771,10.771,10.584,10.698,2557,0
XTB,D,20160726,000000,10.712,10.914,10.517,10.914,20880,0
XTB,D,20160727,000000,10.9,10.9,10.389,10.503,196270,0
XTB,D,20160728,000000,10.495,10.644,10.246,10.644,168628,0
XTB,D,20160729,000000,10.577,10.577,10.405,10.495,23824,0
XTB,D,20160801,000000,10.794,10.794,10.255,10.479,7906,0
XTB,D,20160802,000000,10.479,10.479,10.24,10.42,7642,0
XTB,D,20160803,000000,10.389,10.389,10.172,10.307,100824,0
XTB,D,20160804,000000,10.465,10.465,10.216,10.337,90154,0
XTB,D,20160805,000000,10.343,10.343,10.06,10.164,6903,0
XTB,D,20160808,000000,10.57,10.57,9.909,10.037,10876,0
XTB,D,20160809,000000,9.939,10.479,9.939,10.126,75489,0
XTB,D,20160810,000000,10.172,10.172,9.97,10.126,8472,0
XTB,D,20160811,000000,10.126,10.27,9.961,10.075,14140,0
XTB,D,20160812,000000,10.27,10.27,9.961,10.06,6316,0
XTB,D,20160816,000000,9.97,10.126,9.909,10.006,15985,0
XTB,D,20160817,000000,9.0397,9.0397,8.1841,8.4917,629415,0
XTB,D,20160818,000000,8.6261,8.6261,8.2144,8.3186,77403,0
XTB,D,20160819,000000,8.3186,8.4767,8.169,8.4022,9164,0
XTB,D,20160822,000000,8.5145,8.5973,8.2514,8.5667,30425,0
XTB,D,20160823,000000,8.5667,8.5667,8.259,8.4022,28657,0
XTB,D,20160824,000000,8.274,8.5513,8.274,8.5513,5248,0
XTB,D,20160825,000000,8.6261,8.7982,8.4241,8.7388,10281,0
XTB,D,20160826,000000,8.6261,8.7009,8.5224,8.6946,35133,0
XTB,D,20160829,000000,8.6865,8.6865,8.4163,8.5145,12737,0
XTB,D,20160830,000000,8.5058,8.5443,8.4022,8.5443,8229,0
XTB,D,20160831,000000,8.4917,8.5058,8.3338,8.4022,23901,0
XTB,D,20160901,000000,8.3043,8.4689,8.2665,8.3935,40938,0
XTB,D,20160902,000000,8.3186,8.3935,8.0261,8.0866,35775,0
XTB,D,20160905,000000,8.0866,8.0866,7.1263,7.1263,63353,0
XTB,D,20160906,000000,7.0888,7.0888,6.5711,6.9087,169177,0
XTB,D,20160907,000000,6.8262,7.3439,6.7512,7.3439,32527,0
XTB,D,20160908,000000,7.3364,7.3439,7.1263,7.2464,8695,0
XTB,D,20160909,000000,7.1263,7.5016,7.1263,7.5016,12445,0
XTB,D,20160912,000000,7.5016,7.5765,7.4188,7.5765,40016,0
XTB,D,20160913,000000,7.5836,7.5836,7.3213,7.5765,22191,0
XTB,D,20160914,000000,7.6514,7.8014,7.5086,7.8014,10657,0
XTB,D,20160915,000000,7.7264,7.8014,7.689,7.689,5699,0
XTB,D,20160916,000000,7.4564,7.6437,7.4338,7.6437,1161,0
XTB,D,20160919,000000,7.8014,7.8014,7.2839,7.6514,55526,0
XTB,D,20160920,000000,7.6514,7.6514,7.3589,7.5016,6755,0
XTB,D,20160921,000000,7.7561,7.7561,7.1713,7.4938,4529,0
XTB,D,20160922,000000,7.4867,7.7943,7.4867,7.5016,1765,0
XTB,D,20160923,000000,7.3213,7.7943,7.3213,7.5016,13460,0
XTB,D,20160926,000000,7.3964,7.7865,7.3964,7.6437,29114,0
XTB,D,20160927,000000,7.4113,7.7264,7.4113,7.689,7690,0
XTB,D,20160928,000000,7.7186,7.8014,7.4338,7.7943,14304,0
XTB,D,20160929,000000,7.546,7.7561,7.546,7.7264,17280,0
XTB,D,20160930,000000,7.7639,7.8763,7.5016,7.7639,68508,0
XTB,D,20161003,000000,7.8014,7.8014,7.5836,7.5836,3285,0
XTB,D,20161004,000000,7.5836,7.5836,6.9763,7.2538,45270,0
XTB,D,20161005,000000,7.1263,7.4039,7.1263,7.3439,1183,0
XTB,D,20161006,000000,7.3364,7.3364,7.2238,7.2389,417,0
XTB,D,20161007,000000,7.2014,7.3964,6.9838,6.9838,5206,0
XTB,D,20161010,000000,6.9013,7.1263,6.9013,7.1263,451,0
XTB,D,20161011,000000,6.8939,7.0888,6.7138,6.7138,41461,0
XTB,D,20161012,000000,6.7063,7.1113,6.5788,6.7063,11284,0
XTB,D,20161013,000000,6.6387,6.8713,6.6387,6.8713,335,0
XTB,D,20161014,000000,6.6462,7.1189,6.6462,6.8113,1629,0
XTB,D,20161017,000000,6.7512,6.8037,6.6387,6.7512,56028,0
XTB,D,20161018,000000,6.7512,7.0514,4.9284,5.2509,621473,0
XTB,D,20161019,000000,5.2209,5.7085,4.9885,5.1684,378175,0
XTB,D,20161020,000000,5.1159,5.5436,5.1159,5.3935,84702,0
XTB,D,20161021,000000,5.4685,5.4685,5.266,5.431,479747,0
XTB,D,20161024,000000,5.311,5.9862,5.311,5.626,2053183,0
XTB,D,20161025,000000,5.9786,5.9786,5.4986,5.926,655202,0
XTB,D,20161026,000000,5.9862,6.3762,5.9486,6.0011,177379,0
XTB,D,20161027,000000,6.1512,6.1512,5.8735,6.0011,66193,0
XTB,D,20161028,000000,6.0387,6.0387,5.8512,6.0011,2147,0
XTB,D,20161031,000000,6.0011,6.0387,5.8886,5.9337,9618,0
XTB,D,20161102,000000,6.1437,6.1437,5.8886,5.9936,6432,0
XTB,D,20161103,000000,5.8512,6.0011,5.701,6.0011,65745,0
XTB,D,20161104,000000,6.076,6.3612,5.9411,6.3612,67665,0
XTB,D,20161107,000000,6.3762,6.3762,6.0461,6.2261,1805,0
XTB,D,20161108,000000,6.0161,6.2787,6.0011,6.2787,1350,0
XTB,D,20161109,000000,6.0161,6.2787,6.0011,6.2787,262959,0
XTB,D,20161110,000000,6.2712,6.2712,6.0086,6.0086,7593,0
XTB,D,20161114,000000,5.9711,6.076,5.8136,5.9185,2142,0
XTB,D,20161115,000000,5.8512,6.2937,5.8361,6.1887,1614,0
XTB,D,20161116,000000,6.2187,6.2187,5.7836,5.9185,2274,0
XTB,D,20161117,000000,5.8512,5.9411,5.626,5.626,7542,0
XTB,D,20161118,000000,5.626,6.1137,5.626,5.9637,1755,0
XTB,D,20161121,000000,6.0461,6.0461,6.0461,6.0461,78,0
XTB,D,20161122,000000,5.9936,6.0461,5.7236,6.0011,1642,0
XTB,D,20161123,000000,6.0011,6.0011,5.7761,6.0011,8817,0
XTB,D,20161124,000000,5.9936,6.076,5.8211,6.076,6636,0
XTB,D,20161125,000000,5.9711,6.1512,5.9711,6.1512,2522,0
XTB,D,20161128,000000,6.1512,6.1586,6.0387,6.1512,334,0
XTB,D,20161129,000000,6.1512,6.4287,6.0086,6.4287,14510,0
XTB,D,20161130,000000,6.4287,6.4287,6.1887,6.3612,17925,0
XTB,D,20161201,000000,6.2712,6.7512,6.0312,6.0312,22965,0
XTB,D,20161202,000000,6.1586,6.3762,6.1586,6.2937,1224,0
XTB,D,20161205,000000,6.1286,6.2412,6.0987,6.2412,655,0
XTB,D,20161206,000000,6.0912,6.3012,5.8586,5.8886,39744,0
XTB,D,20161207,000000,5.8812,5.8812,5.5285,5.5585,524328,0
XTB,D,20161208,000000,5.6036,5.6036,5.5285,5.6036,5010,0
XTB,D,20161209,000000,5.5886,5.5886,5.3185,5.3935,34708,0
XTB,D,20161212,000000,5.3335,5.431,5.2284,5.2284,361192,0
XTB,D,20161213,000000,5.2961,5.476,5.2435,5.4386,5001,0
XTB,D,20161214,000000,5.2585,5.4986,5.2284,5.2284,11195,0
XTB,D,20161215,000000,5.2509,5.326,5.2509,5.2585,5333,0
XTB,D,20161216,000000,5.2509,5.266,5.2509,5.2509,7572,0
XTB,D,20161219,000000,5.2509,5.2585,5.0634,5.101,75667,0
XTB,D,20161220,000000,5.1759,5.3861,5.1385,5.3861,9020,0
XTB,D,20161221,000000,5.326,5.4685,5.326,5.4685,5880,0
XTB,D,20161222,000000,5.401,5.401,5.326,5.326,2119,0
XTB,D,20161223,000000,5.326,5.326,5.2509,5.2509,4043,0
XTB,D,20161227,000000,5.2509,5.2509,5.1759,5.2135,11089,0
XTB,D,20161228,000000,5.2135,5.2135,5.0634,5.0634,8973,0
XTB,D,20161229,000000,5.0709,5.2135,5.0634,5.1684,4117,0
XTB,D,20161230,000000,5.2209,5.2284,5.101,5.2284,5825,0
XTB,D,20170102,000000,5.101,5.401,5.101,5.401,377,0
XTB,D,20170103,000000,5.401,5.401,5.2585,5.3785,243,0
XTB,D,20170104,000000,5.266,5.3861,5.236,5.3034,20412,0
XTB,D,20170105,000000,5.311,5.3935,5.311,5.3935,5447,0
XTB,D,20170109,000000,5.3935,5.5886,5.3935,5.5285,5569,0
XTB,D,20170110,000000,5.5285,5.5285,5.326,5.416,3451,0
XTB,D,20170111,000000,5.476,5.6036,5.4386,5.6036,21569,0
XTB,D,20170112,000000,5.566,6.1512,5.566,6.1512,15261,0
XTB,D,20170113,000000,6.1512,6.1512,5.7911,5.9037,7228,0
XTB,D,20170116,000000,5.926,5.926,5.491,5.7911,6460,0
XTB,D,20170117,000000,5.7911,5.9786,5.5585,5.9786,1085,0
XTB,D,20170118,000000,5.9786,6.0011,5.7386,6.0011,6479,0
XTB,D,20170119,000000,6.0387,6.0387,5.8512,5.8512,1415,0
XTB,D,20170120,000000,5.8512,5.8512,5.701,5.701,7043,0
XTB,D,20170123,000000,5.9185,5.926,5.641,5.6561,2104,0
XTB,D,20170124,000000,5.6485,6.4437,5.6485,6.3012,437452,0
XTB,D,20170125,000000,6.4512,6.5562,6.0387,6.5112,1387219,0
XTB,D,20170126,000000,7.1263,7.4641,6.9838,6.9838,582723,0
XTB,D,20170127,000000,6.9763,6.9763,6.6013,6.8713,18276,0
XTB,D,20170130,000000,6.9163,7.2389,6.8413,7.1713,19392,0
XTB,D,20170131,000000,7.2014,7.2389,6.7512,7.2163,24306,0
XTB,D,20170201,000000,6.9838,7.1563,6.9463,7.1563,6590,0
XTB,D,20170202,000000,7.0888,7.3515,7.0888,7.2313,11644,0
XTB,D,20170203,000000,7.2613,7.3439,7.1339,7.1339,1446,0
XTB,D,20170206,000000,7.1413,7.3064,6.9838,6.9838,1492,0
XTB,D,20170207,000000,7.0439,7.2163,6.8939,6.8939,5787,0
XTB,D,20170208,000000,6.9688,7.0514,6.9463,6.9538,6963,0
XTB,D,20170209,000000,6.8939,6.9838,6.8787,6.8864,55989,0
XTB,D,20170210,000000,6.8864,6.9013,6.8864,6.8939,7973,0
XTB,D,20170213,000000,6.9013,7.2464,6.9013,7.2389,12179,0
XTB,D,20170214,000000,6.9763,7.1263,6.6013,6.7512,140550,0
XTB,D,20170215,000000,6.8713,6.8713,6.3912,6.6013,71641,0
XTB,D,20170216,000000,6.6013,6.7512,6.6013,6.7438,8828,0
XTB,D,20170217,000000,6.7138,6.7138,6.6763,6.7138,1092,0
XTB,D,20170220,000000,6.7138,6.7138,6.7138,6.7138,6,0
XTB,D,20170222,000000,6.4287,6.7364,6.3987,6.7364,5789,0
XTB,D,20170223,000000,6.5263,7.1263,6.4062,7.1263,18947,0
XTB,D,20170224,000000,7.0663,7.0663,7.0138,7.0138,6677,0
XTB,D,20170227,000000,6.5488,7.1263,6.5488,7.1263,8094,0
XTB,D,20170228,000000,7.0363,7.2238,7.0363,7.2238,14826,0
XTB,D,20170301,000000,7.2014,7.2389,6.8037,7.1863,455,0
XTB,D,20170302,000000,7.1189,7.1189,6.9763,6.9763,147,0
XTB,D,20170303,000000,6.8638,6.8939,6.8262,6.8262,3885,0
XTB,D,20170306,000000,6.7588,6.8262,6.6763,6.8113,5456,0
XTB,D,20170307,000000,7.0363,7.0363,6.6839,6.6839,22338,0
XTB,D,20170309,000000,6.6912,6.7512,6.6763,6.7512,2714,0
XTB,D,20170310,000000,6.6387,6.6387,6.6387,6.6387,133,0
XTB,D,20170313,000000,6.9688,6.9688,6.5711,6.6387,305,0
XTB,D,20170314,000000,6.6612,6.7512,6.6013,6.6763,36475,0
XTB,D,20170315,000000,6.7512,6.7512,6.7512,6.7512,66654,0
XTB,D,20170316,000000,6.6763,6.6912,6.6763,6.6763,42078,0
XTB,D,20170317,000000,6.7438,6.8262,6.6839,6.8262,4092,0
XTB,D,20170320,000000,6.9312,7.1339,6.9312,6.9312,56783,0
XTB,D,20170321,000000,6.7888,6.9312,6.7888,6.7888,8677,0
XTB,D,20170322,000000,6.9763,6.9763,6.9763,6.9763,67,0
XTB,D,20170323,000000,6.9614,7.0514,6.7512,6.9013,6118,0
XTB,D,20170324,000000,6.9013,6.9013,6.7512,6.9013,2716,0
XTB,D,20170327,000000,6.7512,6.8939,6.7512,6.8939,1599,0
XTB,D,20170328,000000,6.9013,6.9013,6.9013,6.9013,12,0
XTB,D,20170329,000000,6.9013,6.9013,6.9013,6.9013,747,0
XTB,D,20170330,000000,6.9013,6.9013,6.9013,6.9013,505,0
XTB,D,20170331,000000,6.9013,7.0363,6.7888,6.8864,13486,0
XTB,D,20170403,000000,6.9013,6.9013,6.9013,6.9013,401,0
XTB,D,20170404,000000,6.8638,6.8638,6.7288,6.7737,1075,0
XTB,D,20170405,000000,6.6987,6.7438,6.1137,6.7438,102880,0
XTB,D,20170406,000000,6.5863,6.8864,6.5637,6.5637,15612,0
XTB,D,20170407,000000,6.5637,6.5711,6.5637,6.5711,852,0
XTB,D,20170410,000000,6.3987,6.4887,6.3987,6.4136,33581,0
XTB,D,20170411,000000,6.7438,6.7438,6.4512,6.4512,2805,0
XTB,D,20170412,000000,6.4887,6.4887,6.3387,6.4136,3840,0
XTB,D,20170413,000000,6.4136,6.4136,6.3012,6.3012,3658,0
XTB,D,20170418,000000,6.4136,6.4136,6.3312,6.3312,1888,0
XTB,D,20170419,000000,6.3162,6.3162,6.2187,6.2261,9048,0
XTB,D,20170420,000000,6.1962,6.1962,6.0536,6.0687,5694,0
XTB,D,20170421,000000,6.0536,6.2187,5.9637,5.9786,13076,0
XTB,D,20170424,000000,6.076,6.2862,6.076,6.2862,5093,0
XTB,D,20170425,000000,6.2862,6.2862,6.2261,6.2261,3034,0
XTB,D,20170426,000000,6.2261,6.2261,6.1661,6.1661,13051,0
XTB,D,20170427,000000,6.1661,6.1661,5.8886,5.926,22192,0
XTB,D,20170428,000000,5.866,5.9862,5.8211,5.8211,69594,0
XTB,D,20170502,000000,6.0612,6.1512,6.0011,6.1512,2787,0
XTB,D,20170504,000000,6.1043,6.1668,5.4954,5.9325,15324,0
XTB,D,20170505,000000,5.9325,5.9325,5.8546,5.8546,284,0
XTB,D,20170508,000000,5.8077,5.8155,5.6983,5.7765,8585,0
XTB,D,20170509,000000,5.753,5.753,5.6126,5.6983,70478,0
XTB,D,20170511,000000,5.7062,5.7062,5.55,5.5735,4685,0
XTB,D,20170512,000000,5.511,5.7765,5.511,5.7686,3448,0
XTB,D,20170515,000000,5.5735,5.6983,5.4642,5.558,126982,0
XTB,D,20170516,000000,5.472,5.5189,5.4642,5.4642,8503,0
XTB,D,20170517,000000,5.4642,5.4642,5.1754,5.3081,90331,0
XTB,D,20170518,000000,5.2301,5.3081,5.1988,5.3081,42373,0
XTB,D,20170519,000000,5.2301,5.4564,5.1754,5.2301,44618,0
XTB,D,20170522,000000,5.1911,5.4642,5.1832,5.2301,10535,0
XTB,D,20170523,000000,5.1832,5.4642,5.1597,5.2925,99631,0
XTB,D,20170524,000000,5.4642,5.4642,5.1754,5.316,1265,0
XTB,D,20170525,000000,5.316,5.4486,5.1832,5.3003,38340,0
XTB,D,20170526,000000,5.3393,5.3471,5.3393,5.3471,70,0
XTB,D,20170529,000000,5.4564,5.6204,5.4252,5.4252,159308,0
XTB,D,20170530,000000,5.3861,5.4642,5.316,5.4564,43260,0
XTB,D,20170531,000000,5.1832,5.4642,5.1832,5.4642,25627,0
XTB,D,20170601,000000,5.2223,5.2223,5.2223,5.2223,130,0
XTB,D,20170602,000000,5.2223,5.2457,5.1988,5.2301,1041,0
XTB,D,20170605,000000,5.2301,5.2301,5.2301,5.2301,83,0
XTB,D,20170606,000000,5.3861,5.3861,5.3861,5.3861,384,0
XTB,D,20170607,000000,5.3861,5.3861,5.2301,5.2301,4038,0
XTB,D,20170608,000000,5.2301,5.2925,5.2301,5.2925,1928,0
XTB,D,20170609,000000,5.1832,5.3861,5.1832,5.3861,301,0
XTB,D,20170612,000000,5.2378,5.3081,5.2301,5.2301,2925,0
XTB,D,20170613,000000,5.1832,5.3081,5.1597,5.1597,4662,0
XTB,D,20170614,000000,5.3316,5.3316,5.1286,5.269,12719,0
XTB,D,20170616,000000,5.3393,5.3393,5.3236,5.3236,1554,0
XTB,D,20170619,000000,5.1519,5.1519,5.0973,5.0973,25744,0
XTB,D,20170620,000000,5.0973,5.3316,5.0973,5.3081,4049,0
XTB,D,20170621,000000,5.3081,5.3081,5.1208,5.1208,2119,0
XTB,D,20170622,000000,5.3003,5.3081,5.1208,5.1208,1026,0
XTB,D,20170626,000000,5.113,5.113,5.074,5.074,13647,0
XTB,D,20170627,000000,5.0427,5.3393,5.027,5.3393,14331,0
XTB,D,20170628,000000,5.3471,5.4642,5.1286,5.1286,40115,0
XTB,D,20170629,000000,5.2925,5.2925,5.0973,5.1519,7161,0
XTB,D,20170630,000000,5.074,5.4642,5.074,5.4642,31275,0
XTB,D,20170703,000000,5.4564,5.4642,5.3861,5.3861,19914,0
XTB,D,20170704,000000,5.3861,5.4642,5.3861,5.4408,14273,0
XTB,D,20170705,000000,5.4642,5.4642,5.3861,5.4564,34941,0
XTB,D,20170706,000000,5.3861,5.7608,5.3861,5.6204,84651,0
XTB,D,20170707,000000,5.6906,5.6906,5.5423,5.6593,9036,0
XTB,D,20170710,000000,5.7374,5.7374,5.3236,5.5345,16736,0
XTB,D,20170711,000000,5.6983,5.6983,5.3471,5.5266,29247,0
XTB,D,20170712,000000,5.6515,5.6515,5.3081,5.5423,2281,0
XTB,D,20170713,000000,5.3471,5.3627,4.8241,4.9569,118147,0
XTB,D,20170714,000000,4.9334,4.9334,4.8007,4.8397,72480,0
XTB,D,20170717,000000,4.7227,4.7617,4.6134,4.6836,13746,0
XTB,D,20170718,000000,4.6836,4.7695,4.6758,4.7695,6392,0
XTB,D,20170719,000000,4.8631,4.8631,4.6055,4.6055,10761,0
XTB,D,20170720,000000,4.7617,4.7851,4.6212,4.6212,16129,0
XTB,D,20170721,000000,4.6212,4.6212,4.1607,4.5198,47516,0
XTB,D,20170724,000000,4.5198,4.5198,3.903,4.2542,42658,0
XTB,D,20170725,000000,4.2542,4.2856,4.0435,4.0435,26871,0
XTB,D,20170726,000000,4.1996,4.2933,3.9967,4.2542,18116,0
XTB,D,20170727,000000,4.6446,4.6446,4.2152,4.2933,230149,0
XTB,D,20170728,000000,4.2933,4.3324,4.1528,4.2933,153063,0
XTB,D,20170731,000000,4.4495,4.6836,4.2152,4.2152,153040,0
XTB,D,20170801,000000,4.3635,4.3635,4.2152,4.2542,18222,0
XTB,D,20170802,000000,4.2621,4.2933,4.2152,4.2231,6160,0
XTB,D,20170803,000000,4.2152,4.2152,4.2152,4.2152,28194,0
XTB,D,20170804,000000,4.2152,4.2152,4.1216,4.1762,67949,0
XTB,D,20170807,000000,4.1138,4.2777,4.106,4.1996,6528,0
XTB,D,20170808,000000,4.2152,4.2856,4.2152,4.2777,11027,0
XTB,D,20170809,000000,4.2699,4.2699,4.1762,4.2699,3584,0
XTB,D,20170810,000000,4.145,4.2621,4.1372,4.2465,2920,0
XTB,D,20170811,000000,4.2465,4.3714,4.1372,4.2152,49046,0
XTB,D,20170814,000000,4.2152,4.3714,4.106,4.2542,63151,0
XTB,D,20170816,000000,4.2777,4.2856,4.1528,4.2856,7413,0
XTB,D,20170817,000000,4.2856,4.4338,4.2386,4.3791,11967,0
XTB,D,20170818,000000,4.3791,4.3791,4.3791,4.3791,1231,0
XTB,D,20170821,000000,4.2386,4.3949,4.2386,4.3635,6149,0
XTB,D,20170822,000000,4.2933,4.3949,4.2542,4.3324,96086,0
XTB,D,20170823,000000,4.2933,4.3324,4.2621,4.3245,54149,0
XTB,D,20170824,000000,4.3635,4.5119,4.3167,4.3635,93931,0
XTB,D,20170825,000000,4.5041,4.5431,4.3635,4.5353,152435,0
XTB,D,20170828,000000,4.5275,4.5275,4.4026,4.4495,126940,0
XTB,D,20170829,000000,4.4495,4.4651,4.3089,4.4026,182667,0
XTB,D,20170830,000000,4.4495,4.4884,4.3635,4.426,58052,0
XTB,D,20170831,000000,4.3635,4.4182,4.3324,4.387,45611,0
XTB,D,20170901,000000,4.4807,4.4807,4.348,4.4105,1466,0
XTB,D,20170904,000000,4.4105,4.4105,4.3402,4.3714,1841,0
XTB,D,20170905,000000,4.4416,4.4416,4.3402,4.3714,1046,0
XTB,D,20170906,000000,4.3402,4.4338,4.3402,4.4338,2232,0
XTB,D,20170907,000000,4.3402,4.4026,4.3324,4.4026,6236,0
XTB,D,20170908,000000,4.3402,4.3402,4.2386,4.2856,16353,0
XTB,D,20170911,000000,4.2933,4.3558,4.2856,4.2856,1256,0
XTB,D,20170912,000000,4.1372,4.2933,4.1372,4.2933,2320,0
XTB,D,20170913,000000,4.2856,4.2856,4.2856,4.2856,648,0
XTB,D,20170914,000000,4.2856,4.2856,4.2542,4.2542,882,0
XTB,D,20170915,000000,4.2777,4.2933,4.184,4.184,21074,0
XTB,D,20170918,000000,4.1918,4.2777,4.1762,4.2465,24473,0
XTB,D,20170919,000000,4.2152,4.2699,4.1607,4.2542,281,0
XTB,D,20170920,000000,4.2542,4.2933,4.2542,4.2933,5324,0
XTB,D,20170921,000000,4.2231,4.2231,4.2231,4.2231,295,0
XTB,D,20170922,000000,4.2231,4.2231,4.2231,4.2231,5764,0
XTB,D,20170925,000000,4.3245,4.3245,4.1918,4.1918,5495,0
XTB,D,20170926,000000,4.2152,4.2933,4.2152,4.2933,85,0
XTB,D,20170927,000000,4.1684,4.2075,4.1684,4.2075,215,0
XTB,D,20170928,000000,4.2308,4.2856,4.1684,4.2856,17212,0
XTB,D,20170929,000000,4.2152,4.2152,4.1372,4.2152,15595,0
XTB,D,20171002,000000,4.2152,4.2152,4.2075,4.2075,1921,0
XTB,D,20171003,000000,4.2856,4.2856,4.2075,4.2075,3047,0
XTB,D,20171004,000000,4.1372,4.2075,4.1372,4.2075,1432,0
XTB,D,20171005,000000,4.1996,4.1996,4.0669,4.1918,4972,0
XTB,D,20171006,000000,4.1918,4.1996,4.1918,4.1996,714,0
XTB,D,20171009,000000,4.1372,4.1372,4.1372,4.1372,9629,0
XTB,D,20171010,000000,4.1372,4.1372,4.0903,4.0903,3240,0
XTB,D,20171011,000000,4.0903,4.0903,4.0903,4.0903,726,0
XTB,D,20171012,000000,4.0903,4.2075,4.0669,4.2075,13305,0
XTB,D,20171013,000000,4.2075,4.2075,3.9577,3.9888,118227,0
XTB,D,20171016,000000,4.0045,4.2856,3.786,4.0592,4269661,0
XTB,D,20171017,000000,4.2699,4.3714,3.981,4.0202,135407,0
XTB,D,20171018,000000,4.0202,4.1294,3.8874,3.903,178506,0
XTB,D,20171019,000000,3.9186,3.9655,3.7235,3.7469,165309,0
XTB,D,20171020,000000,3.825,3.825,3.5907,3.6376,44665,0
XTB,D,20171023,000000,3.7313,3.7704,3.6844,3.7704,2198,0
XTB,D,20171024,000000,3.7469,3.8639,3.7157,3.7469,328181,0
XTB,D,20171025,000000,4.1216,4.2465,4.0045,4.0592,331249,0
XTB,D,20171026,000000,4.0513,4.1294,3.9967,4.0513,61506,0
XTB,D,20171027,000000,4.0982,4.0982,4.0279,4.0748,30262,0
XTB,D,20171030,000000,4.0903,4.1138,3.9967,3.9967,440904,0
XTB,D,20171031,000000,4.0435,4.0435,3.903,3.942,1344429,0
XTB,D,20171102,000000,3.9655,4.0592,3.9577,4.0045,24460,0
XTB,D,20171103,000000,4.0592,4.1684,4.0202,4.1684,32828,0
XTB,D,20171106,000000,4.1762,4.387,4.1762,4.2542,137567,0
XTB,D,20171107,000000,4.2933,4.3635,4.2075,4.2075,8038,0
XTB,D,20171108,000000,4.2075,4.2856,4.0982,4.0982,25491,0
XTB,D,20171109,000000,4.1138,4.2152,4.0357,4.1684,92391,0
XTB,D,20171110,000000,4.0748,4.3089,3.9967,4.1294,92639,0
XTB,D,20171113,000000,3.7391,3.7391,2.4667,2.4667,2451685,0
XTB,D,20171114,000000,2.6541,2.7789,2.5369,2.5915,489366,0
XTB,D,20171115,000000,2.615,2.8726,2.5915,2.6541,402975,0
XTB,D,20171116,000000,2.7321,2.8883,2.7009,2.7477,202483,0
XTB,D,20171117,000000,2.7711,2.7945,2.5995,2.6931,185188,0
XTB,D,20171120,000000,2.6541,2.8101,2.6541,2.7477,82328,0
XTB,D,20171121,000000,2.7477,2.7711,2.6541,2.7165,424458,0
XTB,D,20171122,000000,2.7711,3.0131,2.6696,3.0054,539762,0
XTB,D,20171123,000000,3.0444,3.1147,2.9038,3.1147,39779,0
XTB,D,20171124,000000,3.0444,3.1536,3.0444,3.0911,36434,0
XTB,D,20171127,000000,3.0131,3.2629,2.9976,3.2474,260197,0
XTB,D,20171128,000000,3.2161,3.5361,3.2161,3.4737,192434,0
XTB,D,20171129,000000,3.5283,3.5907,3.4737,3.4814,235684,0
XTB,D,20171130,000000,3.4814,3.5518,3.4347,3.5518,25441,0
XTB,D,20171201,000000,3.5127,3.622,3.2239,3.2941,76051,0
XTB,D,20171204,000000,3.2082,3.4972,3.1457,3.1693,138371,0
XTB,D,20171205,000000,3.1927,3.2629,3.1927,3.255,9740,0
XTB,D,20171206,000000,3.255,3.3254,3.1927,3.2941,24372,0
XTB,D,20171207,000000,3.3488,3.5127,3.3098,3.4034,43776,0
XTB,D,20171208,000000,3.4034,3.5596,3.4034,3.4503,100133,0
XTB,D,20171211,000000,3.4347,3.5049,3.4347,3.4737,10002,0
XTB,D,20171212,000000,3.4347,3.4347,3.3566,3.3722,10878,0
XTB,D,20171213,000000,3.3644,3.5752,3.3644,3.5518,75867,0
XTB,D,20171214,000000,3.5439,3.6298,3.458,3.5673,84869,0
XTB,D,20171215,000000,3.5205,3.6844,3.5205,3.6532,62049,0
XTB,D,20171218,000000,3.5907,3.5907,3.3878,3.4737,58468,0
XTB,D,20171219,000000,3.5127,3.5127,3.38,3.3878,71159,0
XTB,D,20171220,000000,3.38,3.4503,3.3175,3.3566,79352,0
XTB,D,20171221,000000,3.4347,3.4347,3.3175,3.4268,30015,0
XTB,D,20171222,000000,3.4268,3.4268,3.3566,3.3566,85008,0
XTB,D,20171227,000000,3.3956,3.3956,3.3566,3.3566,43665,0
XTB,D,20171228,000000,3.3566,3.4659,3.3566,3.458,22018,0
XTB,D,20171229,000000,3.3956,3.4893,3.3956,3.4893,29090,0
XTB,D,20180103,000000,3.4737,3.4737,3.419,3.4737,1448,0
XTB,D,20180104,000000,3.4893,3.5907,3.4893,3.5518,35142,0
XTB,D,20180105,000000,3.5127,3.5127,3.4347,3.4737,9173,0
XTB,D,20180108,000000,3.4737,3.4737,3.4347,3.4347,29799,0
XTB,D,20180109,000000,3.4972,3.5205,3.4972,3.5205,13270,0
XTB,D,20180110,000000,3.5205,3.5439,3.4659,3.5439,9709,0
XTB,D,20180111,000000,3.5205,3.5907,3.5205,3.5907,15347,0
XTB,D,20180112,000000,3.622,3.622,3.5752,3.5986,62987,0
XTB,D,20180115,000000,3.5907,3.6143,3.5518,3.5518,9736,0
XTB,D,20180116,000000,3.5518,3.622,3.5127,3.622,23967,0
XTB,D,20180117,000000,3.622,3.6298,3.5907,3.622,76563,0
XTB,D,20180118,000000,3.622,3.825,3.5518,3.786,63635,0
XTB,D,20180119,000000,3.8171,3.8953,3.7079,3.8562,13977,0
XTB,D,20180122,000000,3.8953,3.9967,3.8639,3.903,25304,0
XTB,D,20180123,000000,3.903,3.903,3.825,3.825,13373,0
XTB,D,20180124,000000,3.825,3.8562,3.7235,3.8562,8807,0
XTB,D,20180125,000000,3.8795,3.8953,3.8562,3.8795,14320,0
XTB,D,20180126,000000,3.8718,3.903,3.8718,3.8795,15919,0
XTB,D,20180129,000000,3.8795,3.8953,3.8795,3.8953,18273,0
XTB,D,20180130,000000,3.8795,3.8953,3.8016,3.8953,18099,0
XTB,D,20180131,000000,3.8093,3.8328,3.8016,3.8328,4827,0
XTB,D,20180201,000000,3.8093,3.8328,3.7469,3.8328,3215,0
XTB,D,20180202,000000,3.8171,3.8328,3.7781,3.8328,9769,0
XTB,D,20180205,000000,3.8171,4.1372,3.7469,4.0279,51125,0
XTB,D,20180206,000000,3.7704,3.981,3.7625,3.9342,73465,0
XTB,D,20180207,000000,4.0435,4.0592,3.8484,4.0592,8996,0
XTB,D,20180208,000000,4.0903,4.3245,4.0592,4.2152,82132,0
XTB,D,20180209,000000,4.2933,4.2933,4.106,4.1996,2670,0
XTB,D,20180212,000000,4.106,4.2465,4.106,4.1528,11662,0
XTB,D,20180213,000000,4.1528,4.2933,4.0903,4.2933,38394,0
XTB,D,20180214,000000,4.2933,4.6055,4.2933,4.5588,308286,0
XTB,D,20180215,000000,4.6055,4.6836,4.5119,4.5275,46809,0
XTB,D,20180216,000000,4.5899,4.6055,4.4651,4.6055,10102,0
XTB,D,20180219,000000,4.6055,4.6524,4.387,4.5899,2447,0
XTB,D,20180220,000000,4.4807,4.5744,4.4495,4.5744,5542,0
XTB,D,20180221,000000,4.4963,4.5275,4.3089,4.4963,64509,0
XTB,D,20180222,000000,4.5899,4.5899,4.4495,4.5119,3824,0
XTB,D,20180223,000000,4.5275,4.5275,4.4651,4.4651,1986,0
XTB,D,20180226,000000,4.4495,4.5119,4.4495,4.4963,5946,0
XTB,D,20180227,000000,4.4651,4.6681,4.4651,4.6681,18572,0
XTB,D,20180228,000000,4.6524,4.6681,4.4651,4.6681,111582,0
XTB,D,20180301,000000,4.5588,4.6681,4.5119,4.6368,6614,0
XTB,D,20180302,000000,4.6368,4.7617,4.6368,4.6681,19382,0
XTB,D,20180305,000000,4.6836,4.6836,4.5275,4.6055,19438,0
XTB,D,20180306,000000,4.6055,4.7461,4.6055,4.7148,14656,0
XTB,D,20180307,000000,4.7305,5.0584,4.7148,4.9178,162804,0
XTB,D,20180308,000000,4.9491,5.027,4.8554,4.871,25824,0
XTB,D,20180309,000000,5.0115,5.0115,4.9178,4.9803,11255,0
XTB,D,20180312,000000,4.9334,4.9958,4.8397,4.8866,12494,0
XTB,D,20180313,000000,4.9178,4.9803,4.9178,4.9803,5381,0
XTB,D,20180314,000000,4.9958,4.9958,4.7617,4.871,23492,0
XTB,D,20180315,000000,4.8085,4.9646,4.8085,4.8241,6538,0
XTB,D,20180316,000000,4.7929,4.8397,4.387,4.5431,145969,0
XTB,D,20180319,000000,4.4651,4.5275,4.3714,4.4182,48273,0
XTB,D,20180320,000000,4.3714,4.6368,4.3714,4.6212,88958,0
XTB,D,20180321,000000,4.7305,4.7773,4.6524,4.6836,14256,0
XTB,D,20180322,000000,4.6836,4.6836,4.5588,4.5744,61848,0
XTB,D,20180323,000000,4.5588,4.5588,4.4807,4.4807,4856,0
XTB,D,20180326,000000,4.5588,4.6836,4.4807,4.6836,10915,0
XTB,D,20180327,000000,4.6992,4.7929,4.2308,4.2308,246734,0
XTB,D,20180328,000000,4.0748,4.2933,3.9967,4.2933,238676,0
XTB,D,20180329,000000,4.2152,4.2933,4.1684,4.2933,82898,0
XTB,D,20180403,000000,4.2777,4.2933,4.2777,4.2933,7760,0
XTB,D,20180404,000000,4.2777,4.2933,4.2777,4.2933,5484,0
XTB,D,20180405,000000,4.4182,4.4182,4.4182,4.4182,255,0
XTB,D,20180406,000000,4.2621,4.4807,4.2621,4.4807,6393,0
XTB,D,20180409,000000,4.5119,4.5119,4.2933,4.4963,2947,0
XTB,D,20180410,000000,4.4651,4.5275,4.3089,4.5275,17059,0
XTB,D,20180411,000000,4.4338,4.5275,4.387,4.5275,8603,0
XTB,D,20180412,000000,4.5119,4.5119,4.5119,4.5119,1854,0
XTB,D,20180416,000000,4.5119,4.5119,4.5119,4.5119,1700,0
XTB,D,20180417,000000,4.387,4.5431,4.387,4.5431,13567,0
XTB,D,20180418,000000,4.4338,4.4338,4.387,4.387,4734,0
XTB,D,20180419,000000,4.387,4.387,4.387,4.387,59416,0
XTB,D,20180420,000000,4.4963,4.5119,4.387,4.4495,4945,0
XTB,D,20180423,000000,4.387,4.4807,4.387,4.4807,9857,0
XTB,D,20180424,000000,4.4651,4.5588,4.4651,4.5588,12391,0
XTB,D,20180425,000000,4.9958,5.1988,4.9178,5.1519,168740,0
XTB,D,20180426,000000,5.0895,5.3081,5.0895,5.2143,39225,0
XTB,D,20180427,000000,5.1519,5.2143,5.0584,5.2143,14438,0
XTB,D,20180430,000000,5.2143,5.2301,4.9958,5.074,22718,0
XTB,D,20180502,000000,5.074,5.2143,5.0427,5.1519,13619,0
XTB,D,20180504,000000,5.2769,5.2769,5.0115,5.0427,10450,0
XTB,D,20180507,000000,5.1988,5.1988,5.074,5.1364,136057,0
XTB,D,20180508,000000,5.1988,5.1988,5.074,5.1519,2224,0
XTB,D,20180509,000000,5.1519,5.1519,4.9178,5.1208,6787,0
XTB,D,20180510,000000,5.074,5.1519,4.9803,5.1364,14506,0
XTB,D,20180511,000000,5.1208,5.1208,5.1208,5.1208,255,0
XTB,D,20180514,000000,5.1364,5.1364,4.184,4.6524,178863,0
XTB,D,20180515,000000,4.6836,4.7617,4.387,4.4495,22745,0
XTB,D,20180516,000000,4.4182,4.4651,4.3089,4.3089,6580,0
XTB,D,20180517,000000,4.3089,4.4807,4.3089,4.4807,27005,0
XTB,D,20180518,000000,4.4807,4.5431,4.3089,4.3402,42995,0
XTB,D,20180521,000000,4.1684,4.5275,4.1528,4.4495,15428,0
XTB,D,20180522,000000,4.4495,4.5275,4.3714,4.5275,16130,0
XTB,D,20180523,000000,4.6681,4.7617,4.3402,4.5588,31566,0
XTB,D,20180528,000000,4.4495,4.5899,4.3402,4.5899,34247,0
XTB,D,20180529,000000,4.3402,4.5275,4.3402,4.5275,14514,0
XTB,D,20180530,000000,4.387,4.5899,4.3402,4.5899,99079,0
XTB,D,20180601,000000,4.5899,4.5899,4.3714,4.4807,921,0
XTB,D,20180604,000000,4.4807,4.4807,4.3714,4.3714,4435,0
XTB,D,20180605,000000,4.3714,4.5275,4.3714,4.5275,2669,0
XTB,D,20180606,000000,4.5119,4.5119,4.3402,4.4651,2158,0
XTB,D,20180607,000000,4.4651,4.5119,4.4651,4.5119,1282,0
XTB,D,20180608,000000,4.5119,4.5119,4.5119,4.5119,82,0
XTB,D,20180611,000000,4.3714,4.5119,4.3714,4.5119,231,0
XTB,D,20180612,000000,4.387,4.4963,4.3402,4.4651,5079,0
XTB,D,20180613,000000,4.4495,4.4807,4.4495,4.4495,2230,0
XTB,D,20180614,000000,4.3558,4.3558,4.0123,4.3245,35950,0
XTB,D,20180615,000000,4.106,4.2933,4.0592,4.2933,15586,0
XTB,D,20180618,000000,4.2933,4.2933,4.2152,4.2933,883,0
XTB,D,20180619,000000,4.1372,4.2777,4.1372,4.1996,16400,0
XTB,D,20180620,000000,4.1372,4.2152,4.1372,4.2152,82,0
XTB,D,20180621,000000,4.0748,4.1996,4.0748,4.1996,1118,0
XTB,D,20180622,000000,4.0748,4.1996,4.0279,4.1684,3163,0
XTB,D,20180625,000000,4.0748,4.1996,4.0279,4.1996,8948,0
XTB,D,20180626,000000,4.2152,4.2152,4.0435,4.1528,3509,0
XTB,D,20180627,000000,4.0435,4.1996,4.0279,4.1996,2671,0
XTB,D,20180628,000000,4.1996,4.1996,4.0279,4.1372,2365,0
XTB,D,20180629,000000,4.1372,4.5275,4.1372,4.2777,20745,0
XTB,D,20180702,000000,4.1372,4.1372,4.0903,4.1216,5240,0
XTB,D,20180703,000000,4.0435,4.0903,4.0435,4.0748,2260,0
XTB,D,20180704,000000,4.0903,4.0903,4.0279,4.0592,78598,0
XTB,D,20180705,000000,4.2308,4.2308,4.2308,4.2308,129,0
XTB,D,20180706,000000,4.1996,4.2933,4.1996,4.2621,1521,0
XTB,D,20180709,000000,4.2621,4.2621,4.2621,4.2621,233,0
XTB,D,20180710,000000,4.1996,4.2465,4.0903,4.2152,3272,0
XTB,D,20180711,000000,4.0903,4.2152,4.0435,4.184,5939,0
XTB,D,20180712,000000,4.184,4.184,4.184,4.184,255,0
XTB,D,20180716,000000,4.2777,4.6055,4.2777,4.3714,129890,0
XTB,D,20180717,000000,4.4495,4.4651,4.4026,4.4495,9255,0
XTB,D,20180718,000000,4.4807,4.4807,4.3402,4.4182,62516,0
XTB,D,20180719,000000,4.3402,4.4182,4.0279,4.3245,5491,0
XTB,D,20180720,000000,4.1372,4.3245,4.1372,4.3245,198,0
XTB,D,20180723,000000,4.3245,4.3558,4.1528,4.3558,1721,0
XTB,D,20180724,000000,4.3558,4.4182,4.1528,4.3714,10614,0
XTB,D,20180725,000000,4.3714,4.4182,4.3714,4.4182,986,0
XTB,D,20180726,000000,4.4338,4.7617,4.4338,4.7461,13460,0
XTB,D,20180727,000000,4.9958,4.9958,4.6524,4.7461,11021,0
XTB,D,20180730,000000,4.6524,4.8397,4.6524,4.7929,5063,0
XTB,D,20180731,000000,4.7617,4.7617,4.6212,4.7461,6505,0
XTB,D,20180801,000000,4.7461,4.7461,4.7148,4.7461,2852,0
XTB,D,20180802,000000,4.6992,4.6992,4.5744,4.6055,5365,0
XTB,D,20180803,000000,4.6368,4.6368,4.6055,4.6368,4922,0
XTB,D,20180806,000000,4.9803,4.9958,4.8397,4.9178,130922,0
XTB,D,20180807,000000,4.9178,4.9178,4.8554,4.871,8608,0
XTB,D,20180808,000000,4.9021,4.9021,4.8085,4.8554,18491,0
XTB,D,20180809,000000,4.871,4.9178,4.8397,4.9021,6316,0
XTB,D,20180810,000000,4.9021,4.9021,4.8241,4.8241,24231,0
XTB,D,20180813,000000,4.8241,4.8241,4.6836,4.8241,4585,0
XTB,D,20180814,000000,4.9021,4.9021,4.7617,4.9021,4437,0
XTB,D,20180816,000000,4.8866,4.8866,4.6836,4.8554,5952,0
XTB,D,20180817,000000,4.871,4.871,4.871,4.871,16,0
XTB,D,20180820,000000,4.8397,4.8397,4.7148,4.8397,1881,0
XTB,D,20180821,000000,4.7148,4.871,4.6212,4.871,5575,0
XTB,D,20180822,000000,4.871,4.871,4.7461,4.8554,1883,0
XTB,D,20180823,000000,4.9178,5.074,4.7773,4.9334,38098,0
XTB,D,20180824,000000,4.9958,4.9958,4.8397,4.9646,4144,0
XTB,D,20180827,000000,4.9646,4.9646,4.8397,4.9178,9923,0
XTB,D,20180828,000000,4.9646,4.9803,4.7773,4.9334,9275,0
XTB,D,20180829,000000,4.9491,4.9491,4.8085,4.9178,7452,0
XTB,D,20180830,000000,4.8397,4.9646,4.8397,4.9021,3869,0
XTB,D,20180831,000000,4.7929,4.8866,4.6368,4.6368,59758,0
XTB,D,20180903,000000,4.6055,4.6055,4.2152,4.5431,46089,0
XTB,D,20180904,000000,4.5275,4.5275,4.2933,4.3714,6386,0
XTB,D,20180905,000000,4.3714,4.4026,4.2308,4.3714,2658,0
XTB,D,20180906,000000,4.3558,4.3714,4.2152,4.3714,13688,0
XTB,D,20180907,000000,4.1216,4.2152,4.0903,4.1216,25833,0
XTB,D,20180910,000000,4.1216,4.4338,4.1216,4.4338,12096,0
XTB,D,20180911,000000,4.4338,4.4338,4.2152,4.4182,1876,0
XTB,D,20180912,000000,4.3558,4.4338,4.2152,4.3402,2189,0
XTB,D,20180913,000000,4.3402,4.3402,4.2621,4.3245,1741,0
XTB,D,20180914,000000,4.3402,4.3402,4.2152,4.3402,1312,0
XTB,D,20180917,000000,4.2933,4.2933,4.2777,4.2933,2097,0
XTB,D,20180918,000000,4.2777,4.3714,3.903,4.0748,38486,0
XTB,D,20180919,000000,4.0748,4.4338,3.6844,3.903,89696,0
XTB,D,20180920,000000,3.903,3.903,3.825,3.903,784,0
XTB,D,20180921,000000,3.903,3.903,3.825,3.825,3485,0
XTB,D,20180924,000000,3.825,3.825,3.458,3.7469,47229,0
XTB,D,20180925,000000,3.5127,3.7157,3.4814,3.5127,12864,0
XTB,D,20180926,000000,3.5127,3.7157,3.4972,3.5361,9249,0
XTB,D,20180927,000000,3.5127,3.5907,3.4814,3.4972,28735,0
XTB,D,20180928,000000,3.4972,3.6689,3.2629,3.2629,14266,0
XTB,D,20181001,000000,3.2161,3.3488,3.2161,3.2474,29730,0
XTB,D,20181002,000000,3.2941,3.3098,3.2161,3.2474,23172,0
XTB,D,20181003,000000,3.2395,3.2707,3.2395,3.2707,1990,0
XTB,D,20181004,000000,3.2785,3.3331,3.2239,3.2239,83831,0
XTB,D,20181005,000000,3.2317,3.3098,3.2161,3.2161,22298,0
XTB,D,20181008,000000,3.341,3.4268,3.2317,3.3254,90251,0
XTB,D,20181009,000000,3.3254,3.6298,3.3098,3.622,60771,0
XTB,D,20181010,000000,3.6844,3.9342,3.6298,3.7469,63947,0
XTB,D,20181011,000000,3.6454,3.7313,3.5518,3.5986,58049,0
XTB,D,20181012,000000,3.8171,3.8171,3.583,3.6689,129318,0
XTB,D,20181015,000000,3.6689,3.7625,3.5907,3.7157,93416,0
XTB,D,20181016,000000,3.825,3.825,3.6689,3.825,296150,0
XTB,D,20181017,000000,3.825,3.903,3.786,3.8874,124762,0
XTB,D,20181018,000000,3.8874,3.9655,3.8562,3.903,197561,0
XTB,D,20181019,000000,3.9655,3.981,3.8328,3.8953,8826,0
XTB,D,20181022,000000,3.8953,3.8953,3.7704,3.8016,10000,0
XTB,D,20181023,000000,3.8171,3.8171,3.6376,3.7546,11543,0
XTB,D,20181024,000000,3.6689,3.7469,3.6454,3.7469,3078,0
XTB,D,20181025,000000,3.6611,3.7469,3.6532,3.7469,781,0
XTB,D,20181026,000000,3.7313,3.7469,3.6767,3.7469,6110,0
XTB,D,20181029,000000,3.7469,3.903,3.7469,3.903,7928,0
XTB,D,20181030,000000,3.8953,3.903,3.825,3.825,8145,0
XTB,D,20181031,000000,3.8406,3.8874,3.6298,3.6298,18894,0
XTB,D,20181102,000000,3.8093,3.8093,3.6376,3.7079,8182,0
XTB,D,20181105,000000,3.7391,3.7469,3.7079,3.7391,4336,0
XTB,D,20181106,000000,3.7469,3.7469,3.6689,3.6689,11931,0
XTB,D,20181107,000000,3.6689,3.6689,3.5518,3.5518,13088,0
XTB,D,20181108,000000,3.5907,3.5907,3.3098,3.4268,13425,0
XTB,D,20181109,000000,3.4347,3.7391,3.4347,3.5752,68617,0
XTB,D,20181113,000000,3.622,3.6844,3.5205,3.6689,14104,0
XTB,D,20181114,000000,3.7,3.825,3.7,3.825,23696,0
XTB,D,20181115,000000,3.8171,3.8171,3.6298,3.8171,1073,0
XTB,D,20181116,000000,3.8016,3.8171,3.7469,3.8093,22189,0
XTB,D,20181119,000000,3.8093,3.8093,3.7469,3.8093,9214,0
XTB,D,20181120,000000,3.7546,3.8795,3.7469,3.8093,13114,0
XTB,D,20181121,000000,3.6767,3.8016,3.6689,3.7937,6506,0
XTB,D,20181122,000000,3.7937,3.7937,3.7937,3.7937,274,0
XTB,D,20181123,000000,3.786,3.8093,3.786,3.8093,4829,0
XTB,D,20181126,000000,3.8093,3.8093,3.7157,3.786,2487,0
XTB,D,20181127,000000,3.7,3.825,3.6689,3.7704,8619,0
XTB,D,20181128,000000,3.7704,3.7781,3.7704,3.7781,1154,0
XTB,D,20181129,000000,3.7391,3.8328,3.7,3.825,2978,0
XTB,D,20181130,000000,3.8328,3.8328,3.6689,3.6689,4619,0
XTB,D,20181203,000000,3.6689,3.8016,3.622,3.786,8708,0
XTB,D,20181204,000000,3.6922,3.7704,3.6922,3.7704,503,0
XTB,D,20181205,000000,3.7704,3.8718,3.7704,3.825,1381,0
XTB,D,20181206,000000,3.786,4.0123,3.7781,3.8795,6576,0
XTB,D,20181207,000000,3.8874,3.8874,3.7546,3.8328,5022,0
XTB,D,20181210,000000,3.8664,3.8664,3.7067,3.7824,11145,0
XTB,D,20181211,000000,3.7824,3.7824,3.7824,3.7824,1372,0
XTB,D,20181212,000000,3.8664,3.8664,3.8495,3.8664,11583,0
XTB,D,20181213,000000,3.942,3.9673,3.7824,3.9673,4645,0
XTB,D,20181214,000000,3.9588,3.9673,3.9588,3.9673,6483,0
XTB,D,20181217,000000,3.8917,3.9337,3.8664,3.9337,10708,0
XTB,D,20181218,000000,3.8664,3.8917,3.8244,3.8664,15390,0
XTB,D,20181219,000000,3.8664,3.8917,3.8244,3.8244,5926,0
XTB,D,20181220,000000,3.8244,3.8244,3.7235,3.7403,10971,0
XTB,D,20181221,000000,3.7403,3.7403,3.6226,3.6982,14129,0
XTB,D,20181227,000000,3.6479,3.7319,3.6143,3.6562,7329,0
XTB,D,20181228,000000,3.7151,3.7151,3.6562,3.6982,5154,0
XTB,D,20190102,000000,3.7403,3.7403,3.7403,3.7403,2549,0
XTB,D,20190103,000000,3.7824,3.7824,3.7824,3.7824,759,0
XTB,D,20190104,000000,3.7235,3.7235,3.7067,3.7067,558,0
XTB,D,20190107,000000,3.7151,3.8244,3.7151,3.7572,2820,0
XTB,D,20190108,000000,3.7403,3.858,3.7403,3.858,2558,0
XTB,D,20190109,000000,3.7991,3.8664,3.7991,3.8664,6281,0
XTB,D,20190110,000000,3.816,3.8664,3.816,3.8664,869,0
XTB,D,20190111,000000,3.8664,3.8664,3.8664,3.8664,40440,0
XTB,D,20190114,000000,3.9084,3.9084,3.7403,3.8411,4779,0
XTB,D,20190115,000000,3.7655,3.8495,3.7572,3.7655,5245,0
XTB,D,20190116,000000,3.7991,3.8075,3.7655,3.7655,4229,0
XTB,D,20190117,000000,3.8495,3.9337,3.8495,3.9337,28174,0
XTB,D,20190118,000000,3.9168,3.9168,3.8495,3.8495,1285,0
XTB,D,20190121,000000,3.8495,3.8664,3.8495,3.8664,357,0
XTB,D,20190122,000000,3.8495,3.858,3.7403,3.816,7857,0
XTB,D,20190123,000000,3.816,3.816,3.7572,3.8075,1974,0
XTB,D,20190124,000000,3.7487,3.816,3.7235,3.816,2273,0
XTB,D,20190125,000000,3.8075,3.8075,3.7824,3.7824,2677,0
XTB,D,20190128,000000,3.7824,3.7824,3.7572,3.7572,4426,0
XTB,D,20190129,000000,3.7572,3.7824,3.7572,3.7655,4628,0
XTB,D,20190130,000000,3.7655,3.7655,3.4377,3.5638,44262,0
XTB,D,20190131,000000,3.6143,3.6898,3.4461,3.6898,9701,0
XTB,D,20190201,000000,3.6898,3.7151,3.6898,3.7151,1517,0
XTB,D,20190204,000000,3.7403,3.8664,3.7403,3.8244,1619,0
XTB,D,20190205,000000,3.7655,3.7655,3.5302,3.6647,9061,0
XTB,D,20190206,000000,3.6731,3.7739,3.6731,3.7403,4789,0
XTB,D,20190207,000000,3.6982,3.7235,3.6647,3.7235,9597,0
XTB,D,20190208,000000,3.7572,3.7655,3.7572,3.7572,2160,0
XTB,D,20190211,000000,3.631,3.7403,3.6143,3.6562,33078,0
XTB,D,20190212,000000,3.631,3.631,3.5554,3.631,3986,0
XTB,D,20190213,000000,3.5806,3.7067,3.5806,3.6898,21424,0
XTB,D,20190214,000000,3.6815,3.6898,3.6479,3.6898,6143,0
XTB,D,20190215,000000,3.6898,3.6898,3.6898,3.6898,4828,0
XTB,D,20190218,000000,3.6815,3.8495,3.6731,3.8495,3249,0
XTB,D,20190219,000000,3.7824,3.7991,3.6647,3.6982,8670,0
XTB,D,20190220,000000,3.7739,3.7824,3.6647,3.6647,10410,0
XTB,D,20190221,000000,3.6647,3.6647,3.6143,3.6143,5632,0
XTB,D,20190222,000000,3.7235,3.7235,3.5974,3.6982,1567,0
XTB,D,20190225,000000,3.5974,3.6059,3.5302,3.6059,11321,0
XTB,D,20190226,000000,3.6143,3.6562,3.5554,3.5554,5678,0
XTB,D,20190227,000000,3.5638,3.6982,3.5638,3.6562,5271,0
XTB,D,20190228,000000,3.5806,3.6143,3.5722,3.6143,1307,0
XTB,D,20190301,000000,3.5722,3.6226,3.5722,3.5974,14756,0
XTB,D,20190304,000000,3.5974,3.6562,3.5806,3.6479,4638,0
XTB,D,20190305,000000,3.589,3.6143,3.589,3.6143,4657,0
XTB,D,20190306,000000,3.589,3.6059,3.5638,3.6059,3689,0
XTB,D,20190307,000000,3.5554,3.5806,3.5554,3.5638,17912,0
XTB,D,20190308,000000,3.5469,3.5469,3.5302,3.5302,3943,0
XTB,D,20190311,000000,3.5722,3.5722,3.5469,3.5554,6948,0
XTB,D,20190312,000000,3.5554,3.5722,3.5554,3.5554,667,0
XTB,D,20190313,000000,3.5554,3.5554,3.5554,3.5554,357,0
XTB,D,20190314,000000,3.5554,3.5722,3.5554,3.5722,1115,0
XTB,D,20190315,000000,3.5722,3.6982,3.5386,3.6562,79864,0
XTB,D,20190318,000000,3.6647,3.6647,3.3789,3.4041,80458,0
XTB,D,20190319,000000,3.4461,3.4461,3.4461,3.4461,13625,0
XTB,D,20190320,000000,3.4461,3.4461,3.194,3.3957,41861,0
XTB,D,20190321,000000,3.4461,3.4461,3.4293,3.4461,4569,0
XTB,D,20190322,000000,3.32,3.4377,3.32,3.3621,10657,0
XTB,D,20190325,000000,3.4546,3.4546,3.4461,3.4461,2469,0
XTB,D,20190326,000000,3.4124,3.4461,3.3873,3.4461,2579,0
XTB,D,20190327,000000,3.3957,3.4041,3.32,3.3789,9569,0
XTB,D,20190328,000000,3.4293,3.4293,3.3621,3.3621,2342,0
XTB,D,20190329,000000,3.4041,3.4041,3.3621,3.3957,596,0
XTB,D,20190401,000000,3.3621,3.3873,3.3033,3.32,2223,0
XTB,D,20190402,000000,3.3285,3.3621,3.3285,3.3453,1476,0
XTB,D,20190403,000000,3.3453,3.4209,3.3453,3.3957,5754,0
XTB,D,20190404,000000,3.3957,3.3957,3.3873,3.3873,1339,0
XTB,D,20190405,000000,3.3873,3.3873,3.3621,3.3873,6830,0
XTB,D,20190408,000000,3.3704,3.3873,3.3621,3.3621,2282,0
XTB,D,20190409,000000,3.3621,3.3621,3.278,3.278,12302,0
XTB,D,20190410,000000,3.278,3.278,3.2612,3.2612,32860,0
XTB,D,20190411,000000,3.2612,3.2612,3.2276,3.236,11339,0
XTB,D,20190412,000000,3.236,3.2612,3.2192,3.2612,27144,0
XTB,D,20190415,000000,3.2108,3.3537,3.2108,3.3537,4052,0
XTB,D,20190416,000000,3.2865,3.3957,3.2865,3.3621,6364,0
XTB,D,20190417,000000,3.3957,3.3957,3.3621,3.3873,5829,0
XTB,D,20190418,000000,3.3957,3.4209,3.3873,3.3873,6477,0
XTB,D,20190423,000000,3.4041,3.4461,3.4041,3.4377,7169,0
XTB,D,20190424,000000,3.4991,3.4991,3.4289,3.4991,2616,0
XTB,D,20190425,000000,3.5078,3.5078,3.4991,3.4991,1358,0
XTB,D,20190426,000000,3.4465,3.4465,3.3325,3.3763,15688,0
XTB,D,20190429,000000,3.3763,3.3763,3.3763,3.3763,464,0
XTB,D,20190430,000000,3.35,3.4114,3.35,3.3763,1885,0
XTB,D,20190506,000000,3.3325,3.4202,3.3325,3.4202,15468,0
XTB,D,20190507,000000,3.3062,3.3062,3.3062,3.3062,547,0
XTB,D,20190508,000000,3.2974,3.3149,3.2974,3.3149,484,0
XTB,D,20190509,000000,3.2799,3.3325,3.2799,3.3325,15965,0
XTB,D,20190510,000000,3.2711,3.4202,3.2711,3.3413,5131,0
XTB,D,20190513,000000,3.4114,3.4114,3.3325,3.3325,753,0
XTB,D,20190515,000000,3.3325,3.3325,3.3325,3.3325,3421,0
XTB,D,20190516,000000,3.2886,3.4202,3.2799,3.3325,6622,0
XTB,D,20190517,000000,3.3325,3.3939,3.2886,3.3939,797,0
XTB,D,20190520,000000,3.2886,3.3325,3.2886,3.3325,413,0
XTB,D,20190521,000000,3.3325,3.3325,3.3325,3.3325,1173,0
XTB,D,20190522,000000,3.2799,3.3237,3.1747,3.236,4806,0
XTB,D,20190523,000000,3.4289,3.4289,3.2448,3.2448,405,0
XTB,D,20190524,000000,3.2448,3.2448,3.2448,3.2448,114,0
XTB,D,20190527,000000,3.236,3.35,3.236,3.35,3564,0
XTB,D,20190528,000000,3.2448,3.3237,3.201,3.3237,1567,0
XTB,D,20190529,000000,3.2448,3.2886,3.2097,3.2448,16897,0
XTB,D,20190530,000000,3.2711,3.3763,3.2448,3.3763,11953,0
XTB,D,20190531,000000,3.3325,3.5078,3.2886,3.5078,37376,0
XTB,D,20190603,000000,3.4641,3.4641,3.4641,3.4641,2281,0
XTB,D,20190604,000000,3.4904,3.4904,3.4904,3.4904,228,0
XTB,D,20190606,000000,3.4641,3.4641,3.3413,3.3588,438,0
XTB,D,20190607,000000,3.4641,3.4641,3.3413,3.3763,1426,0
XTB,D,20190610,000000,3.3763,3.4377,3.3763,3.4377,2649,0
XTB,D,20190611,000000,3.4465,3.4465,3.4465,3.4465,326,0
XTB,D,20190613,000000,3.4202,3.4202,3.4202,3.4202,114,0
XTB,D,20190614,000000,3.3763,3.3763,3.2536,3.35,3789,0
XTB,D,20190617,000000,3.35,3.3763,3.3062,3.3062,29500,0
XTB,D,20190618,000000,3.2623,3.2623,2.9466,3.008,12476,0
XTB,D,20190619,000000,3.236,3.236,3.0694,3.1834,6245,0
XTB,D,20190621,000000,3.0519,3.2536,3.0519,3.2184,822,0
XTB,D,20190624,000000,3.0431,3.201,3.0431,3.1571,3515,0
XTB,D,20190625,000000,3.0694,3.1658,3.0694,3.1658,4686,0
XTB,D,20190626,000000,3.1571,3.1571,2.9817,3.0606,78563,0
XTB,D,20190627,000000,3.201,3.201,3.1132,3.1571,82747,0
XTB,D,20190628,000000,3.1571,3.2623,3.1132,3.2623,11973,0
XTB,D,20190701,000000,3.1747,3.3325,3.1571,3.3325,1645,0
XTB,D,20190702,000000,3.3325,3.3325,3.3325,3.3325,570,0
XTB,D,20190703,000000,3.2448,3.2448,3.2448,3.2448,570,0
XTB,D,20190704,000000,3.2448,3.2974,3.0694,3.2974,4720,0
XTB,D,20190705,000000,3.1308,3.1308,3.1308,3.1308,276,0
XTB,D,20190708,000000,3.0957,3.1571,3.0957,3.1571,1312,0
XTB,D,20190709,000000,3.1571,3.1571,3.1571,3.1571,218,0
XTB,D,20190710,000000,3.1571,3.2623,3.1571,3.2623,456,0
XTB,D,20190711,000000,3.1132,3.1571,3.1132,3.122,1147,0
XTB,D,20190712,000000,3.2886,3.2886,3.2886,3.2886,228,0
XTB,D,20190715,000000,3.1395,3.2886,3.0694,3.2886,17395,0
XTB,D,20190716,000000,3.2799,3.2799,3.2799,3.2799,55,0
XTB,D,20190718,000000,3.1747,3.2448,3.1747,3.2448,768,0
XTB,D,20190719,000000,3.1747,3.2273,3.1747,3.201,2612,0
XTB,D,20190722,000000,3.1658,3.1658,3.1132,3.1308,467,0
XTB,D,20190723,000000,3.1308,3.1308,3.1308,3.1308,1483,0
XTB,D,20190724,000000,3.1132,3.1308,3.0168,3.0168,6791,0
XTB,D,20190725,000000,3.0694,3.1921,3.0694,3.1921,23161,0
XTB,D,20190726,000000,3.0869,3.0869,3.0869,3.0869,228,0
XTB,D,20190729,000000,3.1921,3.1921,3.0255,3.0255,2828,0
XTB,D,20190730,000000,3.1747,3.1747,3.1747,3.1747,1272,0
XTB,D,20190731,000000,3.1834,3.2273,3.1834,3.2273,1297,0
XTB,D,20190801,000000,3.3149,3.3149,3.1571,3.1571,9420,0
XTB,D,20190802,000000,3.1658,3.2623,3.1571,3.2623,5718,0
XTB,D,20190805,000000,3.2799,3.2799,3.1658,3.1658,943,0
XTB,D,20190806,000000,3.1747,3.1747,3.1747,3.1747,23,0
XTB,D,20190807,000000,3.1658,3.1658,3.1571,3.1571,25144,0
XTB,D,20190808,000000,3.0519,3.1483,3.0519,3.1132,6151,0
XTB,D,20190809,000000,3.1132,3.1132,3.1132,3.1132,27,0
XTB,D,20190812,000000,3.2097,3.2097,3.2097,3.2097,109,0
XTB,D,20190813,000000,3.2097,3.2097,3.1483,3.1483,582,0
XTB,D,20190816,000000,3.1921,3.1921,3.1921,3.1921,269,0
XTB,D,20190820,000000,3.0519,3.236,3.0519,3.236,4820,0
XTB,D,20190821,000000,3.0782,3.2273,2.9905,3.2273,8996,0
XTB,D,20190822,000000,3.2097,3.2097,3.2097,3.2097,11,0
XTB,D,20190823,000000,3.0343,3.201,3.0255,3.0606,6996,0
XTB,D,20190826,000000,3.1132,3.1132,2.9203,2.9817,15053,0
XTB,D,20190827,000000,2.9817,3.0343,2.9817,3.0343,160,0
XTB,D,20190828,000000,2.9817,3.0519,2.9817,2.9817,387,0
XTB,D,20190829,000000,2.9379,3.0343,2.9379,3.0343,1163,0
XTB,D,20190830,000000,3.0168,3.0168,3.0168,3.0168,1368,0
XTB,D,20190902,000000,3.0343,3.0343,3.0343,3.0343,228,0
XTB,D,20190903,000000,2.9027,2.9027,2.894,2.894,1483,0
XTB,D,20190904,000000,2.8764,2.9729,2.7625,2.9729,10464,0
XTB,D,20190905,000000,2.9817,2.9817,2.8063,2.9554,32301,0
XTB,D,20190906,000000,2.9554,2.9554,2.9554,2.9554,74,0
XTB,D,20190909,000000,2.9729,2.9817,2.9729,2.9817,467,0
XTB,D,20190910,000000,2.7186,2.8063,2.6835,2.7975,41944,0
XTB,D,20190911,000000,2.8063,2.8063,2.8063,2.8063,877,0
XTB,D,20190912,000000,2.7186,2.8063,2.7186,2.8063,1014,0
XTB,D,20190913,000000,2.8063,2.8063,2.7098,2.7712,573,0
XTB,D,20190916,000000,2.7098,2.7888,2.7011,2.7888,1529,0
XTB,D,20190917,000000,2.7975,2.7975,2.7975,2.7975,1,0
XTB,D,20190918,000000,2.7888,2.7975,2.6309,2.6309,41936,0
XTB,D,20190919,000000,2.6396,2.7537,2.552,2.7537,9582,0
XTB,D,20190920,000000,2.6485,2.7888,2.6485,2.7888,4751,0
XTB,D,20190923,000000,2.7888,2.7888,2.6485,2.78,7421,0
XTB,D,20190924,000000,2.6572,2.7712,2.6572,2.7712,462,0
XTB,D,20190925,000000,2.7537,2.7537,2.7537,2.7537,1,0
XTB,D,20190927,000000,2.666,2.7361,2.666,2.7361,2998,0
XTB,D,20190930,000000,2.7361,2.7537,2.7361,2.7537,120,0
XTB,D,20191001,000000,2.7186,2.7186,2.666,2.7098,7696,0
XTB,D,20191002,000000,2.7537,2.78,2.666,2.78,6087,0
XTB,D,20191003,000000,2.7186,2.7537,2.6748,2.7537,1294,0
XTB,D,20191004,000000,2.8677,2.8677,2.7274,2.7274,2410,0
XTB,D,20191007,000000,2.7274,2.7712,2.6748,2.7625,5189,0
XTB,D,20191008,000000,2.7625,2.7625,2.6572,2.7011,12569,0
XTB,D,20191009,000000,2.8414,2.8414,2.8063,2.8063,8,0
XTB,D,20191010,000000,2.8238,2.8238,2.666,2.7186,189,0
XTB,D,20191011,000000,2.8238,2.8238,2.6835,2.7975,11648,0
XTB,D,20191014,000000,2.7975,2.7975,2.6923,2.7011,125,0
XTB,D,20191015,000000,2.7888,2.7888,2.7186,2.7186,614,0
XTB,D,20191016,000000,2.7274,2.7888,2.7274,2.7625,514,0
XTB,D,20191017,000000,2.7888,2.7888,2.7625,2.7625,299,0
XTB,D,20191018,000000,2.7888,2.7888,2.7625,2.7625,2532,0
XTB,D,20191021,000000,2.7625,2.8677,2.6748,2.8063,25090,0
XTB,D,20191022,000000,2.8501,2.8501,2.78,2.8326,4861,0
XTB,D,20191023,000000,2.7888,2.8501,2.78,2.8151,1345,0
XTB,D,20191024,000000,2.8326,2.8414,2.7712,2.7888,4744,0
XTB,D,20191025,000000,2.7888,2.8589,2.7625,2.8414,15565,0
XTB,D,20191028,000000,3.0869,3.1834,2.9905,3.0431,22692,0
XTB,D,20191029,000000,3.1308,3.3149,3.0606,3.0694,7658,0
XTB,D,20191030,000000,3.0694,3.0694,3.0343,3.0343,1658,0
XTB,D,20191031,000000,3.0694,3.0694,3.0694,3.0694,59,0
XTB,D,20191104,000000,3.0694,3.0694,3.0606,3.0606,861,0
XTB,D,20191105,000000,3.1483,3.1483,2.9992,3.0519,1018,0
XTB,D,20191106,000000,3.1483,3.1483,3.0957,3.0957,3999,0
XTB,D,20191107,000000,3.0694,3.0694,3.0168,3.0694,801,0
XTB,D,20191108,000000,3.0694,3.0694,2.9992,3.0694,245,0
XTB,D,20191112,000000,3.0694,3.0694,3.0519,3.0694,2689,0
XTB,D,20191113,000000,3.0694,3.0694,3.0694,3.0694,2,0
XTB,D,20191114,000000,3.0694,3.0694,3.0694,3.0694,2,0
XTB,D,20191115,000000,3.0255,3.0694,2.9992,3.0694,950,0
XTB,D,20191118,000000,3.0694,3.0694,3.0606,3.0694,5649,0
XTB,D,20191119,000000,3.0694,3.0694,3.0606,3.0606,178,0
XTB,D,20191120,000000,3.1132,3.1132,3.0694,3.0694,1191,0
XTB,D,20191121,000000,3.0606,3.0606,3.0606,3.0606,2,0
XTB,D,20191122,000000,3.0606,3.0606,2.9905,3.0168,2385,0
XTB,D,20191125,000000,2.9817,3.0255,2.9817,3.0255,164,0
XTB,D,20191126,000000,3.0519,3.0519,2.9817,2.9817,406,0
XTB,D,20191127,000000,3.0519,3.0519,3.0519,3.0519,2,0
XTB,D,20191128,000000,3.0519,3.0519,3.0255,3.0255,144,0
XTB,D,20191129,000000,3.0519,3.2448,2.929,3.1132,56228,0
XTB,D,20191202,000000,3.1132,3.2448,3.1132,3.1747,16931,0
XTB,D,20191203,000000,3.4202,3.4202,3.1483,3.2974,349,0
XTB,D,20191204,000000,3.3325,3.3325,3.0782,3.1483,5302,0
XTB,D,20191205,000000,3.0782,3.1483,3.0782,3.1483,459,0
XTB,D,20191206,000000,3.236,3.236,3.0782,3.0782,495,0
XTB,D,20191209,000000,3.0957,3.3676,3.0869,3.3676,3366,0
XTB,D,20191210,000000,3.1132,3.1834,3.1132,3.1834,1050,0
XTB,D,20191211,000000,3.3237,3.3237,3.1571,3.201,1105,0
XTB,D,20191212,000000,3.3237,3.3237,3.122,3.236,1335,0
XTB,D,20191213,000000,3.3237,3.3237,3.0957,3.2886,3882,0
XTB,D,20191216,000000,3.2886,3.3237,3.2886,3.3237,7,0
XTB,D,20191217,000000,3.3237,3.3237,3.1571,3.3237,2051,0
XTB,D,20191218,000000,3.3237,3.3237,3.3237,3.3237,2,0
XTB,D,20191219,000000,3.3237,3.3237,3.1747,3.2974,6072,0
XTB,D,20191220,000000,3.2448,3.2448,3.1747,3.236,344,0
XTB,D,20191223,000000,3.1747,3.236,3.1571,3.2273,2903,0
XTB,D,20191227,000000,3.2273,3.3851,3.2273,3.3851,5746,0
XTB,D,20191230,000000,3.3939,3.6131,3.3325,3.4641,39642,0
XTB,D,20200102,000000,3.4641,3.5956,3.4641,3.4641,18820,0
XTB,D,20200103,000000,3.5078,3.5254,3.35,3.35,4117,0
XTB,D,20200107,000000,3.35,3.5517,3.35,3.5517,472,0
XTB,D,20200108,000000,3.578,3.578,3.3325,3.3588,7658,0
XTB,D,20200109,000000,3.4465,3.5167,3.4465,3.4641,1329,0
XTB,D,20200110,000000,3.4641,3.4641,3.3413,3.3413,6559,0
XTB,D,20200113,000000,3.3413,3.4289,3.3325,3.3325,889,0
XTB,D,20200114,000000,3.4552,3.4552,3.3062,3.3325,56318,0
XTB,D,20200115,000000,3.4552,3.4552,3.2448,3.3062,3637,0
XTB,D,20200116,000000,3.4377,3.4377,3.2623,3.2623,1711,0
XTB,D,20200117,000000,3.2536,3.3325,3.2448,3.2448,33593,0
XTB,D,20200120,000000,3.3851,3.3851,3.1834,3.1921,9615,0
XTB,D,20200121,000000,3.1921,3.236,3.1571,3.1921,5444,0
XTB,D,20200122,000000,3.4026,3.4377,3.2448,3.2448,1149,0
XTB,D,20200123,000000,3.2974,3.3763,3.1921,3.3325,85315,0
XTB,D,20200124,000000,3.3325,3.4202,3.2623,3.4114,67272,0
XTB,D,20200127,000000,3.4114,3.4114,3.201,3.4114,51951,0
XTB,D,20200128,000000,3.4202,3.4202,3.2184,3.4114,65137,0
XTB,D,20200129,000000,3.4114,3.4114,3.2184,3.35,185126,0
XTB,D,20200130,000000,3.3413,3.3413,3.2273,3.236,38617,0
XTB,D,20200131,000000,3.236,3.2886,3.2097,3.2097,70132,0
XTB,D,20200203,000000,3.2799,3.2799,3.2097,3.2623,5640,0
XTB,D,20200204,000000,3.7271,3.8324,3.6394,3.7183,1202687,0
XTB,D,20200205,000000,3.7183,3.7183,3.5868,3.6833,409796,0
XTB,D,20200206,000000,3.6833,3.7183,3.6307,3.6833,72807,0
XTB,D,20200207,000000,3.7183,3.7183,3.543,3.5517,112013,0
XTB,D,20200210,000000,3.5605,3.6394,3.5605,3.5605,105565,0
XTB,D,20200211,000000,3.6043,3.6394,3.543,3.5517,85128,0
XTB,D,20200212,000000,3.5693,3.5693,3.4728,3.4728,68976,0
XTB,D,20200213,000000,3.4728,3.5517,3.4552,3.4815,57798,0
XTB,D,20200214,000000,3.4815,3.5078,3.3851,3.4202,73942,0
XTB,D,20200217,000000,3.4991,3.4991,3.3763,3.4202,111018,0
XTB,D,20200218,000000,3.4202,3.5078,3.3851,3.4377,45994,0
XTB,D,20200219,000000,3.4377,3.4641,3.4026,3.4026,111898,0
XTB,D,20200220,000000,3.4728,3.6833,3.4289,3.5868,409347,0
XTB,D,20200221,000000,3.6307,3.6307,3.5517,3.5956,69177,0
XTB,D,20200224,000000,3.6219,3.6307,3.4202,3.5078,215948,0
XTB,D,20200225,000000,3.4991,3.4991,3.3325,3.4289,95937,0
XTB,D,20200226,000000,3.4728,3.578,3.3676,3.578,42083,0
XTB,D,20200227,000000,3.6219,3.6219,3.4728,3.5078,31441,0
XTB,D,20200228,000000,3.4202,3.6131,3.3413,3.5517,78794,0
XTB,D,20200302,000000,3.6043,3.7271,3.6043,3.6394,49646,0
XTB,D,20200303,000000,3.6833,3.6833,3.5605,3.5605,113807,0
XTB,D,20200304,000000,3.5605,3.5956,3.4641,3.4991,49812,0
XTB,D,20200305,000000,3.4991,3.5956,3.4991,3.5342,27050,0
XTB,D,20200306,000000,3.578,3.578,3.4641,3.5167,20664,0
XTB,D,20200309,000000,3.4202,3.4465,3.0869,3.3763,95119,0
XTB,D,20200310,000000,3.4202,3.4552,3.2711,3.4026,19743,0
XTB,D,20200311,000000,3.4026,3.4465,3.1571,3.3237,43230,0
XTB,D,20200312,000000,3.3062,3.3062,2.9817,3.0431,121402,0
XTB,D,20200313,000000,3.0694,3.3149,3.0694,3.2448,52095,0
XTB,D,20200316,000000,3.2886,3.2886,3.1132,3.2448,30799,0
XTB,D,20200317,000000,3.2886,3.4991,3.1921,3.1921,113373,0
XTB,D,20200318,000000,3.2448,3.3939,3.2448,3.2886,91181,0
XTB,D,20200319,000000,3.3851,3.4904,3.35,3.4904,38622,0
XTB,D,20200320,000000,3.5956,3.5956,3.3763,3.4728,77279,0
XTB,D,20200323,000000,3.4552,3.4552,3.3325,3.4552,20555,0
XTB,D,20200324,000000,3.4815,3.8148,3.4815,3.6833,925002,0
XTB,D,20200325,000000,3.8148,3.9113,3.6482,3.7798,101483,0
XTB,D,20200326,000000,3.8499,4.227,3.7709,4.2007,1271587,0
XTB,D,20200327,000000,4.2007,4.2884,3.9464,3.9814,132480,0
XTB,D,20200330,000000,4.1919,4.1919,3.999,4.034,60540,0
XTB,D,20200331,000000,4.1656,4.1656,3.9288,4.034,92077,0
XTB,D,20200401,000000,4.0866,4.0866,3.9551,4.034,29387,0
XTB,D,20200402,000000,4.0429,4.0429,3.9551,4.0253,52946,0
XTB,D,20200403,000000,4.0253,4.0692,3.9551,4.0253,90965,0
XTB,D,20200406,000000,4.0253,4.0603,3.9814,3.9902,157403,0
XTB,D,20200407,000000,3.9902,4.2182,3.885,3.9288,258572,0
XTB,D,20200408,000000,3.9376,3.9376,3.8148,3.9025,77595,0
XTB,D,20200409,000000,3.9464,4.0253,3.885,3.9113,292950,0
XTB,D,20200414,000000,3.9201,3.9902,3.8674,3.9201,526902,0
XTB,D,20200415,000000,3.9376,4.4199,3.8499,4.3849,536217,0
XTB,D,20200416,000000,4.5427,5.0338,4.4725,4.8233,677206,0
XTB,D,20200417,000000,4.9111,4.9987,4.7707,4.9461,362958,0
XTB,D,20200420,000000,5.1566,5.2794,4.9812,5.2794,292414,0
XTB,D,20200421,000000,5.4372,5.4372,4.5778,5.3144,555770,0
XTB,D,20200422,000000,5.2442,5.6126,5.2442,5.4899,325723,0
XTB,D,20200423,000000,5.5249,5.6126,5.4899,5.5249,121224,0
XTB,D,20200424,000000,5.5249,5.56,5.332,5.4899,396074,0
XTB,D,20200427,000000,7.6647,8.6649,7.3665,7.4542,4085710,0
XTB,D,20200428,000000,8.0155,9.69,7.4718,7.8927,4139287,0
XTB,D,20200429,000000,8.2892,8.4694,7.4602,7.6585,1919483,0
XTB,D,20200430,000000,7.6404,7.6585,6.8836,6.9377,1688903,0
XTB,D,20200504,000000,7.226,8.2171,7.0458,7.5684,2385559,0
XTB,D,20200505,000000,7.1899,7.6404,6.6674,6.7394,4837833,0
XTB,D,20200506,000000,6.4872,7.0998,6.1088,6.4872,3937825,0
XTB,D,20200507,000000,6.8476,7.5323,6.4151,7.5143,3213793,0
XTB,D,20200508,000000,7.8387,8.0909,7.6044,7.8387,2360114,0
XTB,D,20200511,000000,8.0008,8.0549,7.6404,7.8387,1003646,0
XTB,D,20200512,000000,7.8567,8.3793,7.7486,8.1991,980063,0
XTB,D,20200513,000000,8.1991,8.4513,7.9468,8.163,865231,0
XTB,D,20200514,000000,7.9828,8.0189,7.1899,7.6224,2225644,0
XTB,D,20200515,000000,7.7666,7.9468,7.3521,7.7125,483875,0
XTB,D,20200518,000000,7.7486,8.4153,7.7125,8.163,1381767,0
XTB,D,20200519,000000,8.181,8.4333,7.9468,8.0189,787409,0
XTB,D,20200520,000000,7.8387,8.181,7.7305,7.9828,469302,0
XTB,D,20200521,000000,8.0189,8.145,7.8026,7.8927,644874,0
XTB,D,20200522,000000,7.9288,7.9288,7.5864,7.7486,438726,0
XTB,D,20200525,000000,7.8387,7.8387,7.5864,7.7486,354458,0
XTB,D,20200526,000000,7.7486,7.9828,7.6945,7.8026,361619,0
XTB,D,20200527,000000,7.7305,7.7486,7.4062,7.5503,646358,0
XTB,D,20200528,000000,7.6404,7.6404,7.226,7.3882,549186,0
XTB,D,20200529,000000,7.4602,7.9288,7.3882,7.8026,493314,0
XTB,D,20200601,000000,7.9107,9.3704,7.9107,9.3253,2577841,0
XTB,D,20200602,000000,9.1451,9.866,8.9199,9.3704,1779321,0
XTB,D,20200603,000000,9.4605,9.731,9.2803,9.506,836538,0
XTB,D,20200604,000000,9.551,9.551,9.01,9.4605,619233,0
XTB,D,20200605,000000,9.596,10.542,9.551,9.911,1820006,0
XTB,D,20200608,000000,9.911,10.226,9.4154,9.731,847884,0
XTB,D,20200609,000000,9.551,9.956,9.055,9.956,963289,0
XTB,D,20200610,000000,10.136,10.632,9.821,10.542,636561,0
XTB,D,20200612,000000,10.046,11.172,9.956,10.902,1343453,0
XTB,D,20200615,000000,11.082,11.623,10.497,10.902,1233249,0
XTB,D,20200616,000000,11.172,11.262,10.902,11.082,290829,0
XTB,D,20200617,000000,11.082,11.172,10.722,10.812,475530,0
XTB,D,20200618,000000,10.722,11.578,10.587,11.172,755101,0
XTB,D,20200619,000000,11.262,11.262,10.947,11.262,248025,0
XTB,D,20200622,000000,11.217,11.217,10.902,11.172,387519,0
XTB,D,20200623,000000,11.217,12.073,11.037,11.533,1007298,0
XTB,D,20200624,000000,11.713,11.848,11.172,11.398,600364,0
XTB,D,20200625,000000,11.353,11.668,11.307,11.353,356357,0
XTB,D,20200626,000000,11.398,11.578,11.217,11.398,361284,0
XTB,D,20200629,000000,11.398,11.848,11.398,11.713,453595,0
XTB,D,20200630,000000,11.713,12.118,11.443,11.803,974589,0
XTB,D,20200701,000000,11.713,11.893,11.307,11.623,467119,0
XTB,D,20200702,000000,11.623,11.623,11.398,11.623,299181,0
XTB,D,20200703,000000,11.488,12.344,11.488,12.118,802771,0
XTB,D,20200706,000000,11.893,12.524,11.893,12.479,1205967,0
XTB,D,20200707,000000,12.524,13.425,12.163,13.019,1797276,0
XTB,D,20200708,000000,13.109,13.785,13.109,13.155,1435667,0
XTB,D,20200709,000000,13.29,13.47,12.884,13.155,653866,0
XTB,D,20200710,000000,13.245,13.65,12.974,13.425,397062,0
XTB,D,20200713,000000,13.605,14.596,13.56,14.416,1061454,0
XTB,D,20200714,000000,14.821,16.173,14.641,15.362,1736860,0
XTB,D,20200715,000000,16.038,16.353,14.461,14.866,1766755,0
XTB,D,20200716,000000,15.137,15.497,14.146,14.596,1130340,0
XTB,D,20200717,000000,14.911,16.083,14.866,16.083,1069583,0
XTB,D,20200720,000000,17.389,19.101,16.939,19.101,3088774,0
XTB,D,20200721,000000,19.822,22.345,19.371,21.624,3823255,0
XTB,D,20200722,000000,22.164,23.966,20.092,23.876,2368867,0
XTB,D,20200723,000000,24.237,25.768,22.795,23.696,3329279,0
XTB,D,20200724,000000,23.696,23.966,21.714,22.975,1764501,0
XTB,D,20200727,000000,22.975,25.228,22.345,25.228,1657019,0
XTB,D,20200728,000000,25.318,26.399,24.958,25.588,1490313,0
XTB,D,20200729,000000,21.624,22.255,17.569,17.569,8401888,0
XTB,D,20200730,000000,17.299,18.38,13.965,14.776,7651337,0
XTB,D,20200731,000000,15.587,17.299,15.227,17.299,4648957,0
XTB,D,20200803,000000,18.02,18.831,17.389,18.47,2422842,0
XTB,D,20200804,000000,18.831,20.002,16.218,17.524,3915775,0
XTB,D,20200805,000000,17.84,18.741,16.759,18.47,1563303,0
XTB,D,20200806,000000,18.831,18.921,16.984,17.119,1070183,0
XTB,D,20200807,000000,16.759,17.119,15.497,17.119,1560340,0
XTB,D,20200810,000000,17.074,17.074,16.038,16.038,823650,0
XTB,D,20200811,000000,15.767,15.948,14.957,15.452,1226080,0
XTB,D,20200812,000000,15.632,16.083,14.416,15.858,1220463,0
XTB,D,20200813,000000,16.038,16.939,15.858,16.488,1282990,0
XTB,D,20200814,000000,16.623,16.939,15.858,16.443,624336,0
XTB,D,20200817,000000,16.398,17.029,16.038,16.038,646224,0
XTB,D,20200818,000000,16.218,16.759,15.407,16.128,1133972,0
XTB,D,20200819,000000,16.083,16.218,15.497,15.587,503764,0
XTB,D,20200820,000000,15.587,16.578,15.092,16.578,1162310,0
XTB,D,20200821,000000,16.578,17.389,16.218,16.353,1746730,0
XTB,D,20200824,000000,16.578,16.623,15.948,16.038,331905,0
XTB,D,20200825,000000,16.128,16.173,15.677,15.767,269257,0
XTB,D,20200826,000000,15.767,15.858,15.227,15.858,475213,0
XTB,D,20200827,000000,15.858,16.443,15.497,15.858,495359,0
XTB,D,20200828,000000,15.993,16.218,15.812,16.083,265043,0
XTB,D,20200831,000000,16.173,16.218,15.587,15.677,318093,0
XTB,D,20200901,000000,15.632,15.948,15.137,15.362,451280,0
XTB,D,20200902,000000,15.407,16.038,15.362,15.903,447231,0
XTB,D,20200903,000000,16.083,16.353,15.587,15.587,513493,0
XTB,D,20200904,000000,15.317,16.038,15.182,15.317,494693,0
XTB,D,20200907,000000,15.587,16.038,15.407,15.542,494411,0
XTB,D,20200908,000000,15.677,15.677,13.515,14.821,2090705,0
XTB,D,20200909,000000,14.641,15.452,14.461,15.137,842418,0
XTB,D,20200910,000000,15.227,15.227,14.281,14.371,840305,0
XTB,D,20200911,000000,14.371,14.596,14.191,14.416,351781,0
XTB,D,20200914,000000,14.371,15.047,14.326,14.461,381016,0
XTB,D,20200915,000000,14.506,14.686,14.416,14.596,302175,0
XTB,D,20200916,000000,14.506,14.866,14.506,14.686,193892,0
XTB,D,20200917,000000,14.596,14.641,14.416,14.506,221604,0
XTB,D,20200918,000000,14.641,16.083,14.596,15.767,1601537,0
XTB,D,20200921,000000,15.948,16.038,14.686,14.776,975027,0
XTB,D,20200922,000000,14.866,15.407,14.686,15.047,461150,0
XTB,D,20200923,000000,14.911,15.137,14.461,14.641,561032,0
XTB,D,20200924,000000,14.461,14.506,14.101,14.101,569345,0
XTB,D,20200925,000000,14.101,14.191,13.47,13.515,938474,0
XTB,D,20200928,000000,13.515,15.137,12.749,14.686,2591373,0
XTB,D,20200929,000000,14.686,14.957,13.83,13.875,948927,0
XTB,D,20200930,000000,13.965,14.596,13.335,13.965,903587,0
XTB,D,20201001,000000,14.146,14.371,13.74,13.875,501686,0
XTB,D,20201002,000000,13.695,14.056,13.695,13.74,391328,0
XTB,D,20201005,000000,13.92,15.452,13.785,15.227,1230211,0
XTB,D,20201006,000000,15.317,15.767,14.641,14.686,1123311,0
XTB,D,20201007,000000,14.596,14.776,14.281,14.416,466450,0
XTB,D,20201008,000000,14.686,14.776,13.875,13.92,864561,0
XTB,D,20201009,000000,14.146,14.236,13.74,13.965,761151,0
XTB,D,20201012,000000,13.965,14.01,13.695,13.785,372165,0
XTB,D,20201013,000000,13.92,14.731,13.875,14.506,1104742,0
XTB,D,20201014,000000,14.461,15.722,14.416,14.686,2122795,0
XTB,D,20201015,000000,14.776,15.137,14.056,14.506,701700,0
XTB,D,20201016,000000,14.326,16.128,14.326,16.038,1349021,0
XTB,D,20201019,000000,16.578,17.344,15.407,15.497,3487144,0
XTB,D,20201020,000000,15.587,15.993,15.227,15.362,799217,0
XTB,D,20201021,000000,15.452,15.677,14.957,15.092,700714,0
XTB,D,20201022,000000,15.047,15.182,14.596,14.686,897537,0
XTB,D,20201023,000000,14.596,15.182,14.326,14.866,894897,0
XTB,D,20201026,000000,16.218,16.623,15.317,15.407,3054440,0
XTB,D,20201027,000000,15.587,16.263,15.452,16.038,1090344,0
XTB,D,20201028,000000,15.948,16.038,13.83,15.002,1894921,0
XTB,D,20201029,000000,15.092,15.182,14.281,14.866,738410,0
XTB,D,20201030,000000,14.506,14.776,13.92,14.056,853766,0
XTB,D,20201102,000000,14.416,14.821,14.056,14.146,880374,0
XTB,D,20201103,000000,14.236,14.596,14.236,14.236,416323,0
XTB,D,20201104,000000,14.416,15.182,14.281,14.776,1072638,0
XTB,D,20201105,000000,15.047,15.677,15.047,15.677,1076110,0
XTB,D,20201106,000000,15.542,15.993,15.002,15.452,701026,0
XTB,D,20201109,000000,15.812,15.812,14.551,15.317,1033904,0
XTB,D,20201110,000000,15.137,15.497,14.957,15.137,572729,0
XTB,D,20201112,000000,15.137,15.497,14.957,15.362,378388,0
XTB,D,20201113,000000,15.362,15.407,15.137,15.137,228203,0
XTB,D,20201116,000000,15.272,15.497,15.002,15.137,365803,0
XTB,D,20201117,000000,15.182,15.272,14.776,14.866,541484,0
XTB,D,20201118,000000,14.866,15.047,14.596,15.047,324155,0
XTB,D,20201119,000000,15.047,15.137,14.821,14.911,281660,0
XTB,D,20201120,000000,14.957,15.047,14.731,15.047,221178,0
XTB,D,20201123,000000,15.047,15.092,14.776,14.911,277299,0
XTB,D,20201124,000000,14.866,15.948,14.776,15.722,916411,0
XTB,D,20201125,000000,15.767,15.812,15.137,15.227,362193,0
XTB,D,20201126,000000,15.227,15.407,14.911,15.047,300299,0
XTB,D,20201127,000000,15.092,15.317,15.002,15.227,239810,0
XTB,D,20201130,000000,15.227,15.227,14.596,14.957,443848,0
XTB,D,20201201,000000,14.776,15.317,14.416,14.551,558524,0
XTB,D,20201202,000000,14.596,15.047,14.461,14.731,454467,0
XTB,D,20201203,000000,14.866,14.866,14.686,14.776,168156,0
XTB,D,20201204,000000,14.776,14.957,14.596,14.641,365193,0
XTB,D,20201207,000000,14.641,14.731,14.281,14.551,617482,0
XTB,D,20201208,000000,14.461,15.137,14.416,15.092,562983,0
XTB,D,20201209,000000,15.137,15.137,14.686,14.686,526469,0
XTB,D,20201210,000000,14.686,15.767,14.461,15.497,1061511,0
XTB,D,20201211,000000,15.407,15.452,14.731,14.911,612954,0
XTB,D,20201214,000000,14.957,15.047,14.461,14.596,564167,0
XTB,D,20201215,000000,14.596,14.821,14.551,14.731,221741,0
XTB,D,20201216,000000,14.731,14.821,14.596,14.641,249282,0
XTB,D,20201217,000000,14.866,15.047,14.506,14.596,379650,0
XTB,D,20201218,000000,14.506,14.776,14.416,14.506,819395,0
XTB,D,20201221,000000,14.551,14.866,14.326,14.731,570538,0
XTB,D,20201222,000000,14.596,14.911,14.551,14.596,252474,0
XTB,D,20201223,000000,14.596,14.731,14.551,14.641,452788,0
XTB,D,20201228,000000,14.641,17.029,14.551,16.083,3771313,0
XTB,D,20201229,000000,16.173,16.713,15.993,16.218,1153662,0
XTB,D,20201230,000000,16.308,16.308,15.767,16.128,514875,0
XTB,D,20210104,000000,16.308,18.921,16.263,18.38,2066762,0
XTB,D,20210105,000000,18.11,19.281,17.885,19.191,1617241,0
XTB,D,20210107,000000,19.462,20.363,19.462,20.182,1140300,0
XTB,D,20210108,000000,20.453,20.453,19.101,19.552,1121717,0
XTB,D,20210111,000000,20.002,20.272,18.02,18.921,1674941,0
XTB,D,20210112,000000,18.741,19.101,17.975,18.651,804298,0
XTB,D,20210113,000000,18.831,18.831,17.84,18.02,967223,0
XTB,D,20210114,000000,17.93,18.561,17.614,18.38,581971,0
XTB,D,20210115,000000,18.11,18.38,17.84,18.11,422262,0
XTB,D,20210118,000000,18.02,18.11,17.614,17.84,414237,0
XTB,D,20210119,000000,17.885,18.651,17.84,18.2,614451,0
XTB,D,20210120,000000,18.2,18.561,17.75,17.93,433956,0
XTB,D,20210121,000000,18.02,18.38,17.75,17.975,319806,0
XTB,D,20210122,000000,18.02,18.11,17.614,18.02,326621,0
XTB,D,20210125,000000,18.02,18.11,17.705,17.975,355689,0
XTB,D,20210126,000000,17.93,17.975,17.569,17.885,451537,0
XTB,D,20210127,000000,17.84,17.84,16.488,16.894,1089909,0
XTB,D,20210128,000000,16.578,17.299,15.722,17.299,983942,0
XTB,D,20210129,000000,16.984,17.795,16.759,17.074,561719,0
XTB,D,20210201,000000,17.029,17.569,16.984,17.344,327144,0
XTB,D,20210202,000000,17.524,17.66,17.119,17.569,306545,0
XTB,D,20210203,000000,17.705,18.831,17.479,18.651,992817,0
XTB,D,20210204,000000,15.858,16.668,14.911,15.272,5526939,0
XTB,D,20210205,000000,15.272,15.632,14.957,15.137,1261241,0
XTB,D,20210208,000000,15.182,15.272,14.416,14.596,1325155,0
XTB,D,20210209,000000,14.461,15.092,14.326,15.002,977425,0
XTB,D,20210210,000000,15.002,15.137,14.641,14.641,395245,0
XTB,D,20210211,000000,14.866,14.866,14.551,14.731,304829,0
XTB,D,20210212,000000,14.686,14.911,14.641,14.731,389943,0
XTB,D,20210215,000000,14.686,14.821,14.686,14.731,313657,0
XTB,D,20210216,000000,14.731,14.821,14.551,14.821,399352,0
XTB,D,20210217,000000,15.047,15.407,14.776,14.866,749842,0
XTB,D,20210218,000000,14.911,14.957,14.686,14.686,421616,0
XTB,D,20210219,000000,14.731,14.821,14.551,14.551,273986,0
XTB,D,20210222,000000,14.551,14.641,14.281,14.326,550120,0
XTB,D,20210223,000000,14.326,14.641,14.236,14.641,330047,0
XTB,D,20210224,000000,14.506,14.641,14.371,14.461,205110,0
XTB,D,20210225,000000,14.551,14.686,14.461,14.596,161976,0
XTB,D,20210226,000000,14.596,14.641,14.326,14.371,247932,0
XTB,D,20210301,000000,14.551,14.596,14.371,14.416,208546,0
XTB,D,20210302,000000,14.461,14.596,14.416,14.506,221090,0
XTB,D,20210303,000000,14.506,14.596,14.371,14.461,336508,0
XTB,D,20210304,000000,14.461,14.551,14.146,14.416,320521,0
XTB,D,20210305,000000,14.416,14.551,14.236,14.416,225479,0
XTB,D,20210308,000000,14.506,14.551,14.371,14.551,161322,0
XTB,D,20210309,000000,14.551,15.497,14.416,15.452,882183,0
XTB,D,20210310,000000,15.767,15.767,14.731,14.731,854662,0
XTB,D,20210311,000000,14.866,15.452,14.641,15.407,1010168,0
XTB,D,20210312,000000,15.452,15.677,15.137,15.407,726669,0
XTB,D,20210315,000000,15.632,16.488,15.497,16.353,766949,0
XTB,D,20210316,000000,16.443,16.713,15.948,16.128,635809,0
XTB,D,20210317,000000,16.308,16.353,15.587,15.903,522380,0
XTB,D,20210318,000000,15.903,16.083,15.722,15.858,213545,0
XTB,D,20210319,000000,15.767,16.263,15.632,15.632,417945,0
XTB,D,20210322,000000,15.767,16.128,15.452,15.587,383648,0
XTB,D,20210323,000000,15.587,15.722,15.317,15.317,304059,0
XTB,D,20210324,000000,15.362,15.497,15.137,15.317,308024,0
XTB,D,20210325,000000,15.317,15.362,14.957,15.182,293149,0
XTB,D,20210326,000000,15.227,15.407,15.047,15.227,160174,0
XTB,D,20210329,000000,15.317,15.542,15.137,15.317,317054,0
XTB,D,20210330,000000,15.407,15.407,15.227,15.272,171249,0
XTB,D,20210331,000000,15.362,15.767,15.182,15.452,408245,0
XTB,D,20210401,000000,15.497,16.083,15.452,15.731,428766,0
XTB,D,20210406,000000,16.038,16.407,15.939,16.182,602908,0
XTB,D,20210407,000000,16.263,16.263,16.038,16.092,343080,0
XTB,D,20210408,000000,16.056,16.939,16.038,16.894,743296,0
XTB,D,20210409,000000,17.083,17.299,16.759,16.939,581275,0
XTB,D,20210412,000000,16.957,17.236,16.542,17.029,556689,0
XTB,D,20210413,000000,17.029,17.155,16.939,16.993,268812,0
XTB,D,20210414,000000,17.137,17.912,17.074,17.479,1080936,0
XTB,D,20210415,000000,17.75,17.912,17.506,17.596,588145,0
XTB,D,20210416,000000,17.614,17.614,16.713,16.759,1168502,0
XTB,D,20210419,000000,16.759,17.119,16.218,16.29,897689,0
XTB,D,20210420,000000,16.95,17.1,16.48,16.66,686416,0
XTB,D,20210421,000000,16.63,16.63,16.24,16.61,271208,0
XTB,D,20210422,000000,16.5,16.7,16.3,16.5,246134,0
XTB,D,20210423,000000,16.57,16.58,16.18,16.26,287175,0
XTB,D,20210426,000000,17.8,18.47,17.6,18.18,1947626,0
XTB,D,20210427,000000,18.2,18.2,17.65,17.72,404938,0
XTB,D,20210428,000000,17.62,17.62,17.2,17.25,384704,0
XTB,D,20210429,000000,17.31,17.95,17.2,17.79,372194,0
XTB,D,20210430,000000,17.89,18.36,17.85,18.11,583001,0
XTB,D,20210504,000000,18.13,18.21,17.35,17.5,464471,0
XTB,D,20210505,000000,17.55,17.6,17.41,17.48,163787,0
XTB,D,20210506,000000,17.7,17.79,17.01,17.01,378942,0
XTB,D,20210507,000000,17,17.28,16.8,16.98,365706,0
XTB,D,20210510,000000,17,17.16,16.67,16.78,417664,0
XTB,D,20210511,000000,16.79,17.08,16.78,16.89,254718,0
XTB,D,20210512,000000,17.05,17.53,17.05,17.16,288133,0
XTB,D,20210513,000000,17.17,17.28,16.9,17.01,242818,0
XTB,D,20210514,000000,17.01,17.09,16.83,16.98,91057,0
XTB,D,20210517,000000,16.96,17.37,16.91,17.2,190839,0
XTB,D,20210518,000000,17.1,17.25,16.95,17,108302,0
XTB,D,20210519,000000,17.03,17.04,16.8,16.85,163962,0
XTB,D,20210520,000000,16.9,17.14,16.82,17.06,157476,0
XTB,D,20210521,000000,17.17,17.52,17.07,17.46,256773,0
XTB,D,20210524,000000,17.56,17.74,17.12,17.41,290111,0
XTB,D,20210525,000000,17.4,17.6,17.2,17.25,218032,0
XTB,D,20210526,000000,17.38,17.89,17.34,17.77,254465,0
XTB,D,20210527,000000,17.87,18.1,17.55,17.9,795132,0
XTB,D,20210528,000000,17.8,17.8,17.52,17.7,110868,0
XTB,D,20210531,000000,17.7,17.7,17.3,17.44,133322,0
XTB,D,20210601,000000,17.33,17.43,17.21,17.3,125227,0
XTB,D,20210602,000000,17.25,17.79,17.23,17.63,123347,0
XTB,D,20210604,000000,17.63,17.84,17.55,17.57,151613,0
XTB,D,20210607,000000,17.66,17.7,17.4,17.69,140684,0
XTB,D,20210608,000000,17.65,18.11,17.57,17.91,325686,0
XTB,D,20210609,000000,17.91,17.99,17.81,17.81,91330,0
XTB,D,20210610,000000,17.8,18.3,17.75,18.28,253220,0
XTB,D,20210611,000000,18.3,19.1,18.3,18.74,670076,0
XTB,D,20210614,000000,18.89,18.9,18.52,18.88,191256,0
XTB,D,20210615,000000,18.83,18.88,18.06,18.08,331913,0
XTB,D,20210616,000000,18.03,18.03,17.45,17.61,346620,0
XTB,D,20210617,000000,17.61,17.73,17.1,17.25,288995,0
XTB,D,20210618,000000,17.3,17.64,17.26,17.34,215803,0
XTB,D,20210621,000000,17.34,17.64,17.3,17.38,139460,0
XTB,D,20210622,000000,17.38,17.65,17.3,17.31,87916,0
XTB,D,20210623,000000,17.3,17.5,17.3,17.4,63171,0
XTB,D,20210624,000000,17.4,17.47,17.3,17.4,105834,0
XTB,D,20210625,000000,17.39,17.47,17.35,17.4,65616,0
XTB,D,20210628,000000,17.38,17.48,17.21,17.3,103485,0
XTB,D,20210629,000000,17.32,17.58,17.27,17.27,143320,0
XTB,D,20210630,000000,17.4,17.5,17.3,17.4,199546,0
XTB,D,20210701,000000,17.43,17.47,17.12,17.2,264056,0
XTB,D,20210702,000000,17.22,17.25,17.05,17.2,89956,0
XTB,D,20210705,000000,17.21,17.25,17.05,17.13,71717,0
XTB,D,20210706,000000,17.16,17.22,17.05,17.1,75510,0
XTB,D,20210707,000000,17.11,17.2,16.95,16.98,124513,0
XTB,D,20210708,000000,16.99,17.5,16.91,17.3,237338,0
XTB,D,20210709,000000,17.4,17.41,16.88,16.92,214615,0
XTB,D,20210712,000000,16.99,17.1,16.48,16.55,364172,0
XTB,D,20210713,000000,16.7,16.94,16.49,16.76,162895,0
XTB,D,20210714,000000,16.7,16.86,16.5,16.64,110201,0
XTB,D,20210715,000000,16.58,16.7,16.5,16.5,119182,0
XTB,D,20210716,000000,16.49,16.5,16.3,16.3,128813,0
XTB,D,20210719,000000,16.3,16.34,15.95,16,209652,0
XTB,D,20210720,000000,16.3,16.74,16.15,16.74,251498,0
XTB,D,20210721,000000,16.5,16.64,16.2,16.51,209945,0
XTB,D,20210722,000000,16.58,17.3,16.58,17.1,288497,0
XTB,D,20210723,000000,17.2,17.32,16.86,17.05,145373,0
XTB,D,20210726,000000,17.05,17.2,16.8,16.81,96834,0
XTB,D,20210727,000000,16.85,16.98,16.31,16.4,231171,0
XTB,D,20210728,000000,16.65,16.79,16.46,16.57,72085,0
XTB,D,20210729,000000,12,13.5,12,13.11,6289107,0
XTB,D,20210730,000000,13.1,13.8,13.06,13.72,1424528,0
XTB,D,20210802,000000,13.73,13.79,12.92,12.97,891148,0
XTB,D,20210803,000000,13,13.28,12.21,12.78,928027,0
XTB,D,20210804,000000,12.9,13.19,12.9,13.08,341110,0
XTB,D,20210805,000000,13.1,13.7,13.09,13.55,834745,0
XTB,D,20210806,000000,13.65,13.84,13.58,13.64,278036,0
XTB,D,20210809,000000,13.65,14.2,13.55,14.18,481725,0
XTB,D,20210810,000000,14.24,14.5,14.15,14.45,302422,0
XTB,D,20210811,000000,14.5,14.91,14.28,14.88,366068,0
XTB,D,20210812,000000,15,15.32,14.31,14.45,600900,0
XTB,D,20210813,000000,14.47,14.56,13.9,14.28,242874,0
XTB,D,20210816,000000,14.47,14.48,13.95,14,164196,0
XTB,D,20210817,000000,14,14.01,13.71,13.92,171412,0
XTB,D,20210818,000000,14,14.12,13.55,13.94,135566,0
XTB,D,20210819,000000,14.01,14.45,13.76,14.3,292929,0
XTB,D,20210820,000000,14.33,14.59,14.33,14.47,189051,0
XTB,D,20210823,000000,14.48,14.5,14.3,14.38,84288,0
XTB,D,20210824,000000,14.43,14.5,14.03,14.06,228055,0
XTB,D,20210825,000000,14.12,14.34,14.06,14.09,126961,0
XTB,D,20210826,000000,14.18,14.33,14.11,14.26,117218,0
XTB,D,20210827,000000,14.29,14.38,14.15,14.3,81737,0
XTB,D,20210830,000000,14.43,14.44,14.14,14.29,102515,0
XTB,D,20210831,000000,14.25,14.27,14.1,14.2,151623,0
XTB,D,20210901,000000,14.2,14.2,13.86,13.93,285977,0
XTB,D,20210902,000000,14.07,14.12,13.93,14.01,183243,0
XTB,D,20210903,000000,14,14.07,13.87,13.9,183509,0
XTB,D,20210906,000000,13.91,14.02,13.63,13.66,236020,0
XTB,D,20210907,000000,13.66,13.94,13.5,13.7,232750,0
XTB,D,20210908,000000,13.65,13.98,13.61,13.88,240490,0
XTB,D,20210909,000000,13.9,13.9,13.71,13.71,60875,0
XTB,D,20210910,000000,13.8,13.8,13.61,13.61,87080,0
XTB,D,20210913,000000,13.6,13.64,13.42,13.59,404051,0
XTB,D,20210914,000000,13.55,13.6,13.35,13.42,182321,0
XTB,D,20210915,000000,13.4,13.79,13.39,13.65,201574,0
XTB,D,20210916,000000,13.6,13.7,13.43,13.43,103581,0
XTB,D,20210917,000000,13.43,13.69,13.25,13.69,204981,0
XTB,D,20210920,000000,13.7,14.15,13.51,13.97,424192,0
XTB,D,20210921,000000,14.06,14.26,13.81,14.07,882188,0
XTB,D,20210922,000000,14,14.06,13.78,13.78,117587,0
XTB,D,20210923,000000,13.72,13.85,13.55,13.58,122768,0
XTB,D,20210924,000000,13.59,13.79,13.56,13.72,73154,0
XTB,D,20210927,000000,13.73,13.94,13.72,13.9,67879,0
XTB,D,20210928,000000,13.94,14.21,13.82,14.01,317238,0
XTB,D,20210929,000000,13.99,14.29,13.99,14.1,138038,0
XTB,D,20210930,000000,14.23,14.24,14.07,14.07,121239,0
XTB,D,20211001,000000,14.08,14.2,13.91,13.91,108947,0
XTB,D,20211004,000000,13.89,14,13.81,13.84,62384,0
XTB,D,20211005,000000,13.91,13.93,13.62,13.73,104576,0
XTB,D,20211006,000000,13.8,14.35,13.6,14.34,258439,0
XTB,D,20211007,000000,14.4,14.44,14.04,14.11,129521,0
XTB,D,20211008,000000,14.07,14.4,14.04,14.21,143428,0
XTB,D,20211011,000000,14.3,14.3,13.81,14,175201,0
XTB,D,20211012,000000,14.05,15.26,13.91,14.95,687462,0
XTB,D,20211013,000000,15.2,15.23,14.58,14.7,190504,0
XTB,D,20211014,000000,14.7,15.16,14.7,14.75,170835,0
XTB,D,20211015,000000,14.87,15.1,14.75,15.1,154876,0
XTB,D,20211018,000000,15.14,15.18,14.96,15.03,106181,0
XTB,D,20211019,000000,15.04,15.59,15.02,15.3,256693,0
XTB,D,20211020,000000,15.31,15.75,15.31,15.69,362256,0
XTB,D,20211021,000000,15.79,15.85,15.01,15.4,277434,0
XTB,D,20211022,000000,15.4,15.59,15.29,15.43,147467,0
XTB,D,20211025,000000,15.5,16,15.4,15.7,378140,0
XTB,D,20211026,000000,17.27,17.49,16.3,16.52,1833664,0
XTB,D,20211027,000000,16.55,16.69,16.1,16.2,417879,0
XTB,D,20211028,000000,16.2,16.5,16.11,16.34,182083,0
XTB,D,20211029,000000,16.47,16.77,16.38,16.42,188977,0
XTB,D,20211102,000000,16.42,16.46,16.16,16.16,139790,0
XTB,D,20211103,000000,16.12,16.28,15.8,15.84,225765,0
XTB,D,20211104,000000,15.86,16.12,15.84,16,182636,0
XTB,D,20211105,000000,16,16.27,15.9,16,126371,0
XTB,D,20211108,000000,16.02,16.6,16.02,16.32,144128,0
XTB,D,20211109,000000,16.34,16.46,16,16.1,133281,0
XTB,D,20211110,000000,16.08,16.2,15.12,15.83,255571,0
XTB,D,20211112,000000,15.89,16.2,15.89,16.03,72262,0
XTB,D,20211115,000000,16.15,16.16,15.9,16.02,101096,0
XTB,D,20211116,000000,16,16.13,15.82,16.05,85447,0
XTB,D,20211117,000000,15.92,16.06,15.85,15.85,42785,0
XTB,D,20211118,000000,15.86,16.09,15.81,15.84,133259,0
XTB,D,20211119,000000,15.85,15.96,15.52,15.59,163615,0
XTB,D,20211122,000000,15.51,15.58,15.22,15.38,138292,0
XTB,D,20211123,000000,15.38,15.64,15.05,15.33,168929,0
XTB,D,20211124,000000,15.33,15.52,15.1,15.2,115307,0
XTB,D,20211125,000000,15.38,15.38,15.2,15.29,73922,0
XTB,D,20211126,000000,15.22,16.38,15.22,16.1,679576,0
XTB,D,20211129,000000,16.15,16.59,15.76,16,250189,0
XTB,D,20211130,000000,15.9,16.18,15.8,15.85,91341,0
XTB,D,20211201,000000,15.95,16.15,15.79,16.15,82018,0
XTB,D,20211202,000000,16.2,16.96,16.07,16.88,377419,0
XTB,D,20211203,000000,16.88,16.97,16.63,16.97,128233,0
XTB,D,20211206,000000,16.91,17.28,16.53,16.55,214530,0
XTB,D,20211207,000000,16.48,16.87,16.45,16.6,83010,0
XTB,D,20211208,000000,16.51,16.98,16.49,16.86,104519,0
XTB,D,20211209,000000,16.76,17,16.63,16.84,98115,0
XTB,D,20211210,000000,16.89,16.9,16.18,16.55,156521,0
XTB,D,20211213,000000,16.38,16.57,16.3,16.49,77326,0
XTB,D,20211214,000000,16.34,16.35,15.96,15.96,167580,0
XTB,D,20211215,000000,16,16.37,15.73,15.73,179650,0
XTB,D,20211216,000000,15.94,16.19,15.8,15.96,141393,0
XTB,D,20211217,000000,15.95,16.03,15.75,15.78,174259,0
XTB,D,20211220,000000,15.71,15.98,15.71,15.9,162173,0
XTB,D,20211221,000000,15.92,16.2,15.85,16.18,167054,0
XTB,D,20211222,000000,16.11,16.28,16.01,16.02,161796,0
XTB,D,20211223,000000,16.05,16.09,15.9,15.98,125925,0
XTB,D,20211227,000000,16,16.19,15.86,16.1,163903,0
XTB,D,20211228,000000,16.08,16.19,15.88,15.97,290767,0
XTB,D,20211229,000000,16,16.66,16,16.61,131923,0
XTB,D,20211230,000000,16.61,16.94,16.59,16.78,131251,0
XTB,D,20220103,000000,16.66,16.98,16.62,16.94,93084,0
XTB,D,20220104,000000,16.94,16.97,16.55,16.55,74389,0
XTB,D,20220105,000000,16.54,16.82,16.54,16.61,63011,0
XTB,D,20220107,000000,16.78,17.5,16.7,17.33,330258,0
XTB,D,20220110,000000,17.39,17.79,16.13,16.28,945303,0
XTB,D,20220111,000000,16.39,16.72,16.14,16.4,192403,0
XTB,D,20220112,000000,16.42,16.77,16.42,16.52,112262,0
XTB,D,20220113,000000,16.64,16.86,16.41,16.75,100151,0
XTB,D,20220114,000000,16.75,17.05,16.55,16.79,130793,0
XTB,D,20220117,000000,16.99,17.05,16.77,16.83,86948,0
XTB,D,20220118,000000,16.93,16.93,16.55,16.61,83323,0
XTB,D,20220119,000000,16.6,16.89,16.46,16.85,123920,0
XTB,D,20220120,000000,16.78,17.16,16.63,17,312038,0
XTB,D,20220121,000000,16.92,17.17,16.66,16.8,167208,0
XTB,D,20220124,000000,16.82,17.4,16.21,16.59,1094377,0
XTB,D,20220125,000000,16.47,16.97,16.34,16.49,226368,0
XTB,D,20220126,000000,16.5,16.86,16.44,16.46,113376,0
XTB,D,20220127,000000,16.46,16.88,16.46,16.55,109570,0
XTB,D,20220128,000000,16.7,16.82,16.51,16.53,107293,0
XTB,D,20220131,000000,16.59,16.84,16.51,16.57,97615,0
XTB,D,20220201,000000,16.6,16.74,16.06,16.11,252023,0
XTB,D,20220202,000000,16.31,16.94,16.31,16.42,412081,0
XTB,D,20220203,000000,16.5,16.52,16.09,16.17,185233,0
XTB,D,20220204,000000,16.24,16.33,16.11,16.29,59143,0
XTB,D,20220207,000000,16.39,16.48,16.12,16.39,70007,0
XTB,D,20220208,000000,16.2,16.39,16.1,16.32,86719,0
XTB,D,20220209,000000,16.33,16.35,15.52,15.9,307596,0
XTB,D,20220210,000000,15.95,16.02,15.69,16.02,125013,0
XTB,D,20220211,000000,15.84,16.07,15.68,15.7,164489,0
XTB,D,20220214,000000,15.64,15.7,15.25,15.7,195241,0
XTB,D,20220215,000000,15.7,16.02,15.7,15.87,103714,0
XTB,D,20220216,000000,15.9,16.09,15.75,15.9,64643,0
XTB,D,20220217,000000,15.67,15.89,15.33,15.42,166936,0
XTB,D,20220218,000000,15.45,15.67,15.4,15.6,95022,0
XTB,D,20220221,000000,15.6,15.64,14.7,15.36,281874,0
XTB,D,20220222,000000,15.21,15.66,14.92,15.5,171707,0
XTB,D,20220223,000000,15.58,15.66,15.17,15.17,59755,0
XTB,D,20220224,000000,14.5,15.75,13.7,14.2,1106633,0
XTB,D,20220225,000000,14.5,15.08,14.5,14.83,387066,0
XTB,D,20220228,000000,14.77,16,14.41,15.84,294496,0
XTB,D,20220301,000000,15.86,15.95,15.4,15.66,169453,0
XTB,D,20220302,000000,15.6,16.23,15.47,16.12,307358,0
XTB,D,20220303,000000,16.15,16.39,15.81,16.31,254405,0
XTB,D,20220304,000000,16.11,16.26,15.7,15.74,266497,0
XTB,D,20220307,000000,15.9,16.2,15.71,15.95,348397,0
XTB,D,20220308,000000,15.8,17.02,15.74,16.84,452907,0
XTB,D,20220309,000000,16.98,17.09,16.4,17,318645,0
XTB,D,20220310,000000,17,17.44,16.87,17.3,583718,0
XTB,D,20220311,000000,17.44,18.9,17.44,17.9,1112800,0
XTB,D,20220314,000000,18.1,18.31,17.83,18.16,176353,0
XTB,D,20220315,000000,18.14,18.2,17.62,17.99,168577,0
XTB,D,20220316,000000,17.97,18.12,17.62,18,236347,0
XTB,D,20220317,000000,17.98,18.2,17.16,17.5,491553,0
XTB,D,20220318,000000,17.6,18.16,17.6,18.08,320237,0
XTB,D,20220321,000000,18.36,18.6,18.15,18.32,477482,0
XTB,D,20220322,000000,18.6,19.3,18.5,19.23,495049,0
XTB,D,20220323,000000,19.28,19.44,18.64,18.95,303102,0
XTB,D,20220324,000000,19,19.2,18.23,18.98,311975,0
XTB,D,20220325,000000,19,19.19,18.8,18.99,89364,0
XTB,D,20220328,000000,19.22,19.27,18.85,19,113091,0
XTB,D,20220329,000000,19.01,19.18,18.86,18.96,177535,0
XTB,D,20220330,000000,18.95,19.22,18.5,18.82,157787,0
XTB,D,20220331,000000,18.91,19.78,18.7,19.36,615559,0
XTB,D,20220401,000000,19.6,19.6,19.22,19.4,86825,0
XTB,D,20220404,000000,19.5,20.96,19.46,20.42,843095,0
XTB,D,20220405,000000,20.3,20.46,20.06,20.42,175118,0
XTB,D,20220406,000000,20.42,20.8,20.18,20.7,223677,0
XTB,D,20220407,000000,20.7,21.42,20.7,21.3,343078,0
XTB,D,20220408,000000,21.28,21.44,20.4,20.42,248080,0
XTB,D,20220411,000000,20.46,21.4,20.46,21,294262,0
XTB,D,20220412,000000,21.2,22.06,20.96,21.8,592741,0
XTB,D,20220413,000000,21.72,21.92,20.96,21.02,228946,0
XTB,D,20220414,000000,21.02,21.38,20.8,20.82,101186,0
XTB,D,20220419,000000,20.9,21.28,20.38,20.56,186712,0
XTB,D,20220420,000000,20.56,20.98,20.26,20.38,130346,0
XTB,D,20220421,000000,20.38,20.66,19.65,19.65,324572,0
XTB,D,20220422,000000,19.67,20.62,19.65,20.4,380734,0
